no              #fail
53.432          #totTm
52.057          #lastADTm
5               #itDAD
1.000           #avItADGoal
187             #itADOpt
47              #opt
47              #optDA-AD
1.411           #tmDA
0.0             #relGain

V = [1, 2, 3, 4, 5, 6, 7, 8, 9, 10, 11, 12, 13, 14, 15, 16, 17, 18, 19, 20, 21, 22, 23, 24, 25, 26, 27, 28, 29, 30, 31, 32, 33, 34, 35, 36, 37, 38, 39, 40, 41, 42, 43, 44, 45, 46, 47, 48, 49, 50, 51, 52, 53, 54, 55, 56, 57, 58, 59, 60]
A = [(2, 1), (1, 2), (3, 2), (2, 3), (4, 1), (1, 4), (5, 3), (3, 5), (6, 3), (3, 6), (7, 1), (1, 7), (8, 7), (7, 8), (9, 7), (7, 9), (10, 1), (1, 10), (11, 9), (9, 11), (12, 4), (4, 12), (13, 1), (1, 13), (14, 4), (4, 14), (15, 12), (12, 15), (16, 14), (14, 16), (17, 11), (11, 17), (18, 7), (7, 18), (19, 17), (17, 19), (20, 10), (10, 20), (21, 5), (5, 21), (22, 13), (13, 22), (23, 2), (2, 23), (24, 8), (8, 24), (25, 20), (20, 25), (26, 14), (14, 26), (27, 19), (19, 27), (28, 13), (13, 28), (29, 25), (25, 29), (30, 17), (17, 30), (31, 8), (8, 31), (32, 13), (13, 32), (33, 28), (28, 33), (34, 21), (21, 34), (35, 2), (2, 35), (36, 27), (27, 36), (37, 11), (11, 37), (38, 21), (21, 38), (39, 1), (1, 39), (40, 25), (25, 40), (41, 40), (40, 41), (42, 37), (37, 42), (43, 20), (20, 43), (44, 37), (37, 44), (45, 29), (29, 45), (46, 2), (2, 46), (47, 6), (6, 47), (48, 21), (21, 48), (49, 34), (34, 49), (50, 17), (17, 50), (51, 28), (28, 51), (52, 43), (43, 52), (53, 1), (1, 53), (54, 28), (28, 54), (55, 19), (19, 55), (56, 55), (55, 56), (57, 17), (17, 57), (58, 18), (18, 58), (59, 14), (14, 59), (60, 40), (40, 60)]
Z_dad = [1, 11]
Y_dad = [3, 25]
X_dad = [5, 20]
Z_da-ad = [1, 11]
Y_da-ad = [3, 25]
X_da-ad = [5, 20]
