no              #fail
72.292          #totTm
69.857          #lastADTm
8               #itDAD
1.000           #avItADGoal
236             #itADOpt
44              #opt
44              #optDA-AD
2.024           #tmDA
0.0             #relGain

V = [1, 2, 3, 4, 5, 6, 7, 8, 9, 10, 11, 12, 13, 14, 15, 16, 17, 18, 19, 20, 21, 22, 23, 24, 25, 26, 27, 28, 29, 30, 31, 32, 33, 34, 35, 36, 37, 38, 39, 40, 41, 42, 43, 44, 45, 46, 47, 48, 49, 50, 51, 52, 53, 54, 55, 56, 57, 58, 59, 60]
A = [(2, 1), (1, 2), (3, 2), (2, 3), (4, 1), (1, 4), (5, 4), (4, 5), (6, 1), (1, 6), (7, 2), (2, 7), (8, 2), (2, 8), (9, 7), (7, 9), (10, 6), (6, 10), (11, 3), (3, 11), (12, 5), (5, 12), (13, 3), (3, 13), (14, 2), (2, 14), (15, 1), (1, 15), (16, 9), (9, 16), (17, 4), (4, 17), (18, 9), (9, 18), (19, 4), (4, 19), (20, 4), (4, 20), (21, 13), (13, 21), (22, 11), (11, 22), (23, 18), (18, 23), (24, 17), (17, 24), (25, 5), (5, 25), (26, 16), (16, 26), (27, 22), (22, 27), (28, 13), (13, 28), (29, 24), (24, 29), (30, 21), (21, 30), (31, 1), (1, 31), (32, 31), (31, 32), (33, 23), (23, 33), (34, 6), (6, 34), (35, 21), (21, 35), (36, 23), (23, 36), (37, 26), (26, 37), (38, 3), (3, 38), (39, 15), (15, 39), (40, 5), (5, 40), (41, 9), (9, 41), (42, 5), (5, 42), (43, 36), (36, 43), (44, 27), (27, 44), (45, 6), (6, 45), (46, 22), (22, 46), (47, 42), (42, 47), (48, 7), (7, 48), (49, 33), (33, 49), (50, 31), (31, 50), (51, 12), (12, 51), (52, 33), (33, 52), (53, 40), (40, 53), (54, 7), (7, 54), (55, 35), (35, 55), (56, 41), (41, 56), (57, 25), (25, 57), (58, 40), (40, 58), (59, 4), (4, 59), (60, 15), (15, 60)]
Z_dad = [2, 4]
Y_dad = [5, 9]
X_dad = [7, 18]
Z_da-ad = [2, 4]
Y_da-ad = [5, 9]
X_da-ad = [7, 18]
