no              #fail
69.024          #totTm
66.324          #lastADTm
6               #itDAD
1.000           #avItADGoal
212             #itADOpt
44              #opt
41              #optDA-AD
1.434           #tmDA
6.8             #relGain

V = [1, 2, 3, 4, 5, 6, 7, 8, 9, 10, 11, 12, 13, 14, 15, 16, 17, 18, 19, 20, 21, 22, 23, 24, 25, 26, 27, 28, 29, 30, 31, 32, 33, 34, 35, 36, 37, 38, 39, 40, 41, 42, 43, 44, 45, 46, 47, 48, 49, 50, 51, 52, 53, 54, 55, 56, 57, 58, 59, 60]
A = [(2, 1), (1, 2), (3, 2), (2, 3), (4, 1), (1, 4), (5, 4), (4, 5), (6, 4), (4, 6), (7, 5), (5, 7), (8, 2), (2, 8), (9, 8), (8, 9), (10, 8), (8, 10), (11, 7), (7, 11), (12, 6), (6, 12), (13, 11), (11, 13), (14, 6), (6, 14), (15, 10), (10, 15), (16, 9), (9, 16), (17, 6), (6, 17), (18, 9), (9, 18), (19, 8), (8, 19), (20, 3), (3, 20), (21, 16), (16, 21), (22, 4), (4, 22), (23, 22), (22, 23), (24, 13), (13, 24), (25, 22), (22, 25), (26, 23), (23, 26), (27, 21), (21, 27), (28, 7), (7, 28), (29, 8), (8, 29), (30, 5), (5, 30), (31, 22), (22, 31), (32, 23), (23, 32), (33, 27), (27, 33), (34, 19), (19, 34), (35, 4), (4, 35), (36, 13), (13, 36), (37, 21), (21, 37), (38, 37), (37, 38), (39, 37), (37, 39), (40, 21), (21, 40), (41, 34), (34, 41), (42, 15), (15, 42), (43, 16), (16, 43), (44, 34), (34, 44), (45, 30), (30, 45), (46, 40), (40, 46), (47, 27), (27, 47), (48, 16), (16, 48), (49, 18), (18, 49), (50, 48), (48, 50), (51, 43), (43, 51), (52, 13), (13, 52), (53, 24), (24, 53), (54, 47), (47, 54), (55, 51), (51, 55), (56, 30), (30, 56), (57, 50), (50, 57), (58, 12), (12, 58), (59, 14), (14, 59), (60, 42), (42, 60)]
Z_dad = [4, 8]
Y_dad = [11, 21]
X_dad = [7, 16]
Z_da-ad = [4, 16]
Y_da-ad = [8, 21]
X_da-ad = [10, 19]
