no              #fail
135.817         #totTm
132.776         #lastADTm
6               #itDAD
1.000           #avItADGoal
324             #itADOpt
47              #opt
47              #optDA-AD
2.635           #tmDA
0.0             #relGain

V = [1, 2, 3, 4, 5, 6, 7, 8, 9, 10, 11, 12, 13, 14, 15, 16, 17, 18, 19, 20, 21, 22, 23, 24, 25, 26, 27, 28, 29, 30, 31, 32, 33, 34, 35, 36, 37, 38, 39, 40, 41, 42, 43, 44, 45, 46, 47, 48, 49, 50, 51, 52, 53, 54, 55, 56, 57, 58, 59, 60]
A = [(2, 1), (1, 2), (3, 1), (1, 3), (4, 3), (3, 4), (5, 2), (2, 5), (6, 5), (5, 6), (7, 6), (6, 7), (8, 2), (2, 8), (9, 3), (3, 9), (10, 4), (4, 10), (11, 6), (6, 11), (12, 3), (3, 12), (13, 11), (11, 13), (14, 5), (5, 14), (15, 3), (3, 15), (16, 15), (15, 16), (17, 7), (7, 17), (18, 4), (4, 18), (19, 3), (3, 19), (20, 5), (5, 20), (21, 13), (13, 21), (22, 14), (14, 22), (23, 22), (22, 23), (24, 18), (18, 24), (25, 16), (16, 25), (26, 25), (25, 26), (27, 24), (24, 27), (28, 19), (19, 28), (29, 28), (28, 29), (30, 18), (18, 30), (31, 27), (27, 31), (32, 12), (12, 32), (33, 15), (15, 33), (34, 27), (27, 34), (35, 28), (28, 35), (36, 18), (18, 36), (37, 13), (13, 37), (38, 5), (5, 38), (39, 35), (35, 39), (40, 31), (31, 40), (41, 27), (27, 41), (42, 6), (6, 42), (43, 12), (12, 43), (44, 2), (2, 44), (45, 21), (21, 45), (46, 37), (37, 46), (47, 5), (5, 47), (48, 36), (36, 48), (49, 14), (14, 49), (50, 22), (22, 50), (51, 30), (30, 51), (52, 5), (5, 52), (53, 11), (11, 53), (54, 22), (22, 54), (55, 2), (2, 55), (56, 41), (41, 56), (57, 2), (2, 57), (58, 12), (12, 58), (59, 38), (38, 59), (60, 54), (54, 60)]
Z_dad = [3, 5]
Y_dad = [11, 18]
X_dad = [13, 24]
Z_da-ad = [3, 5]
Y_da-ad = [11, 18]
X_da-ad = [13, 24]
