no              #fail
124.569         #totTm
123.451         #lastADTm
5               #itDAD
1.000           #avItADGoal
342             #itADOpt
47              #opt
47              #optDA-AD
2.515           #tmDA
0.0             #relGain

V = [1, 2, 3, 4, 5, 6, 7, 8, 9, 10, 11, 12, 13, 14, 15, 16, 17, 18, 19, 20, 21, 22, 23, 24, 25, 26, 27, 28, 29, 30, 31, 32, 33, 34, 35, 36, 37, 38, 39, 40, 41, 42, 43, 44, 45, 46, 47, 48, 49, 50, 51, 52, 53, 54, 55, 56, 57, 58, 59, 60]
A = [(2, 1), (1, 2), (3, 2), (2, 3), (4, 1), (1, 4), (5, 2), (2, 5), (6, 1), (1, 6), (7, 2), (2, 7), (8, 4), (4, 8), (9, 6), (6, 9), (10, 2), (2, 10), (11, 3), (3, 11), (12, 6), (6, 12), (13, 12), (12, 13), (14, 11), (11, 14), (15, 11), (11, 15), (16, 2), (2, 16), (17, 3), (3, 17), (18, 16), (16, 18), (19, 12), (12, 19), (20, 6), (6, 20), (21, 18), (18, 21), (22, 18), (18, 22), (23, 5), (5, 23), (24, 9), (9, 24), (25, 8), (8, 25), (26, 8), (8, 26), (27, 7), (7, 27), (28, 19), (19, 28), (29, 6), (6, 29), (30, 16), (16, 30), (31, 18), (18, 31), (32, 15), (15, 32), (33, 24), (24, 33), (34, 28), (28, 34), (35, 4), (4, 35), (36, 20), (20, 36), (37, 11), (11, 37), (38, 24), (24, 38), (39, 11), (11, 39), (40, 36), (36, 40), (41, 3), (3, 41), (42, 6), (6, 42), (43, 42), (42, 43), (44, 21), (21, 44), (45, 20), (20, 45), (46, 16), (16, 46), (47, 21), (21, 47), (48, 7), (7, 48), (49, 29), (29, 49), (50, 22), (22, 50), (51, 16), (16, 51), (52, 6), (6, 52), (53, 40), (40, 53), (54, 3), (3, 54), (55, 8), (8, 55), (56, 19), (19, 56), (57, 16), (16, 57), (58, 25), (25, 58), (59, 52), (52, 59), (60, 49), (49, 60)]
Z_dad = [2, 6]
Y_dad = [11, 18]
X_dad = [3, 16]
Z_da-ad = [2, 6]
Y_da-ad = [11, 18]
X_da-ad = [3, 16]
