no              #fail
59.987          #totTm
57.363          #lastADTm
7               #itDAD
1.000           #avItADGoal
193             #itADOpt
45              #opt
45              #optDA-AD
2.253           #tmDA
0.0             #relGain

V = [1, 2, 3, 4, 5, 6, 7, 8, 9, 10, 11, 12, 13, 14, 15, 16, 17, 18, 19, 20, 21, 22, 23, 24, 25, 26, 27, 28, 29, 30, 31, 32, 33, 34, 35, 36, 37, 38, 39, 40, 41, 42, 43, 44, 45, 46, 47, 48, 49, 50, 51, 52, 53, 54, 55, 56, 57, 58, 59, 60]
A = [(2, 1), (1, 2), (3, 1), (1, 3), (4, 2), (2, 4), (5, 2), (2, 5), (6, 2), (2, 6), (7, 2), (2, 7), (8, 6), (6, 8), (9, 7), (7, 9), (10, 1), (1, 10), (11, 7), (7, 11), (12, 4), (4, 12), (13, 9), (9, 13), (14, 12), (12, 14), (15, 10), (10, 15), (16, 8), (8, 16), (17, 11), (11, 17), (18, 6), (6, 18), (19, 14), (14, 19), (20, 12), (12, 20), (21, 14), (14, 21), (22, 9), (9, 22), (23, 10), (10, 23), (24, 7), (7, 24), (25, 23), (23, 25), (26, 19), (19, 26), (27, 15), (15, 27), (28, 22), (22, 28), (29, 6), (6, 29), (30, 9), (9, 30), (31, 16), (16, 31), (32, 12), (12, 32), (33, 24), (24, 33), (34, 18), (18, 34), (35, 2), (2, 35), (36, 17), (17, 36), (37, 18), (18, 37), (38, 13), (13, 38), (39, 21), (21, 39), (40, 18), (18, 40), (41, 8), (8, 41), (42, 37), (37, 42), (43, 11), (11, 43), (44, 2), (2, 44), (45, 12), (12, 45), (46, 16), (16, 46), (47, 1), (1, 47), (48, 26), (26, 48), (49, 6), (6, 49), (50, 49), (49, 50), (51, 29), (29, 51), (52, 34), (34, 52), (53, 50), (50, 53), (54, 21), (21, 54), (55, 20), (20, 55), (56, 34), (34, 56), (57, 31), (31, 57), (58, 38), (38, 58), (59, 33), (33, 59), (60, 41), (41, 60)]
Z_dad = [6, 7]
Y_dad = [1, 14]
X_dad = [10, 12]
Z_da-ad = [2, 6]
Y_da-ad = [7, 14]
X_da-ad = [9, 12]
