no              #fail
153.040         #totTm
150.069         #lastADTm
7               #itDAD
1.000           #avItADGoal
386             #itADOpt
44              #opt
39              #optDA-AD
2.246           #tmDA
11.4            #relGain

V = [1, 2, 3, 4, 5, 6, 7, 8, 9, 10, 11, 12, 13, 14, 15, 16, 17, 18, 19, 20, 21, 22, 23, 24, 25, 26, 27, 28, 29, 30, 31, 32, 33, 34, 35, 36, 37, 38, 39, 40, 41, 42, 43, 44, 45, 46, 47, 48, 49, 50, 51, 52, 53, 54, 55, 56, 57, 58, 59, 60]
A = [(2, 1), (1, 2), (3, 2), (2, 3), (4, 2), (2, 4), (5, 3), (3, 5), (6, 2), (2, 6), (7, 6), (6, 7), (8, 6), (6, 8), (9, 1), (1, 9), (10, 3), (3, 10), (11, 2), (2, 11), (12, 9), (9, 12), (13, 7), (7, 13), (14, 12), (12, 14), (15, 12), (12, 15), (16, 12), (12, 16), (17, 6), (6, 17), (18, 17), (17, 18), (19, 17), (17, 19), (20, 6), (6, 20), (21, 3), (3, 21), (22, 3), (3, 22), (23, 3), (3, 23), (24, 22), (22, 24), (25, 15), (15, 25), (26, 9), (9, 26), (27, 5), (5, 27), (28, 18), (18, 28), (29, 10), (10, 29), (30, 14), (14, 30), (31, 19), (19, 31), (32, 3), (3, 32), (33, 4), (4, 33), (34, 16), (16, 34), (35, 7), (7, 35), (36, 32), (32, 36), (37, 1), (1, 37), (38, 6), (6, 38), (39, 20), (20, 39), (40, 7), (7, 40), (41, 15), (15, 41), (42, 33), (33, 42), (43, 10), (10, 43), (44, 34), (34, 44), (45, 1), (1, 45), (46, 22), (22, 46), (47, 7), (7, 47), (48, 12), (12, 48), (49, 17), (17, 49), (50, 3), (3, 50), (51, 15), (15, 51), (52, 44), (44, 52), (53, 20), (20, 53), (54, 41), (41, 54), (55, 16), (16, 55), (56, 52), (52, 56), (57, 26), (26, 57), (58, 31), (31, 58), (59, 42), (42, 59), (60, 22), (22, 60)]
Z_dad = [3, 6]
Y_dad = [12, 19]
X_dad = [9, 16]
Z_da-ad = [2, 12]
Y_da-ad = [3, 6]
X_da-ad = [7, 17]
