no              #fail
72.666          #totTm
68.475          #lastADTm
7               #itDAD
1.000           #avItADGoal
157             #itADOpt
42              #opt
42              #optDA-AD
1.048           #tmDA
0.0             #relGain

V = [1, 2, 3, 4, 5, 6, 7, 8, 9, 10, 11, 12, 13, 14, 15, 16, 17, 18, 19, 20, 21, 22, 23, 24, 25, 26, 27, 28, 29, 30, 31, 32, 33, 34, 35, 36, 37, 38, 39, 40, 41, 42, 43, 44, 45, 46, 47, 48, 49, 50, 51, 52, 53, 54, 55, 56, 57, 58, 59, 60]
A = [(2, 1), (1, 2), (3, 1), (1, 3), (4, 1), (1, 4), (5, 4), (4, 5), (6, 5), (5, 6), (7, 4), (4, 7), (8, 3), (3, 8), (9, 4), (4, 9), (10, 3), (3, 10), (11, 8), (8, 11), (12, 1), (1, 12), (13, 11), (11, 13), (14, 5), (5, 14), (15, 13), (13, 15), (16, 5), (5, 16), (17, 11), (11, 17), (18, 10), (10, 18), (19, 18), (18, 19), (20, 11), (11, 20), (21, 17), (17, 21), (22, 17), (17, 22), (23, 14), (14, 23), (24, 23), (23, 24), (25, 18), (18, 25), (26, 23), (23, 26), (27, 11), (11, 27), (28, 12), (12, 28), (29, 10), (10, 29), (30, 16), (16, 30), (31, 9), (9, 31), (32, 3), (3, 32), (33, 2), (2, 33), (34, 21), (21, 34), (35, 19), (19, 35), (36, 16), (16, 36), (37, 34), (34, 37), (38, 33), (33, 38), (39, 24), (24, 39), (40, 25), (25, 40), (41, 1), (1, 41), (42, 35), (35, 42), (43, 9), (9, 43), (44, 27), (27, 44), (45, 33), (33, 45), (46, 24), (24, 46), (47, 20), (20, 47), (48, 16), (16, 48), (49, 1), (1, 49), (50, 26), (26, 50), (51, 50), (50, 51), (52, 31), (31, 52), (53, 39), (39, 53), (54, 48), (48, 54), (55, 49), (49, 55), (56, 44), (44, 56), (57, 7), (7, 57), (58, 27), (27, 58), (59, 32), (32, 59), (60, 35), (35, 60)]
Z_dad = [3, 4]
Y_dad = [11, 23]
X_dad = [14, 17]
Z_da-ad = [3, 4]
Y_da-ad = [11, 23]
X_da-ad = [14, 17]
