no              #fail
98.010          #totTm
94.838          #lastADTm
6               #itDAD
1.000           #avItADGoal
219             #itADOpt
47              #opt
47              #optDA-AD
2.109           #tmDA
0.0             #relGain

V = [1, 2, 3, 4, 5, 6, 7, 8, 9, 10, 11, 12, 13, 14, 15, 16, 17, 18, 19, 20, 21, 22, 23, 24, 25, 26, 27, 28, 29, 30, 31, 32, 33, 34, 35, 36, 37, 38, 39, 40, 41, 42, 43, 44, 45, 46, 47, 48, 49, 50, 51, 52, 53, 54, 55, 56, 57, 58, 59, 60]
A = [(2, 1), (1, 2), (3, 1), (1, 3), (4, 2), (2, 4), (5, 2), (2, 5), (6, 1), (1, 6), (7, 2), (2, 7), (8, 1), (1, 8), (9, 7), (7, 9), (10, 1), (1, 10), (11, 10), (10, 11), (12, 4), (4, 12), (13, 3), (3, 13), (14, 10), (10, 14), (15, 9), (9, 15), (16, 15), (15, 16), (17, 14), (14, 17), (18, 9), (9, 18), (19, 4), (4, 19), (20, 8), (8, 20), (21, 4), (4, 21), (22, 16), (16, 22), (23, 16), (16, 23), (24, 2), (2, 24), (25, 8), (8, 25), (26, 23), (23, 26), (27, 12), (12, 27), (28, 16), (16, 28), (29, 13), (13, 29), (30, 5), (5, 30), (31, 27), (27, 31), (32, 21), (21, 32), (33, 29), (29, 33), (34, 15), (15, 34), (35, 7), (7, 35), (36, 21), (21, 36), (37, 18), (18, 37), (38, 26), (26, 38), (39, 25), (25, 39), (40, 10), (10, 40), (41, 25), (25, 41), (42, 2), (2, 42), (43, 42), (42, 43), (44, 17), (17, 44), (45, 1), (1, 45), (46, 36), (36, 46), (47, 12), (12, 47), (48, 33), (33, 48), (49, 46), (46, 49), (50, 47), (47, 50), (51, 9), (9, 51), (52, 6), (6, 52), (53, 40), (40, 53), (54, 19), (19, 54), (55, 54), (54, 55), (56, 7), (7, 56), (57, 41), (41, 57), (58, 51), (51, 58), (59, 13), (13, 59), (60, 5), (5, 60)]
Z_dad = [1, 4]
Y_dad = [2, 16]
X_dad = [7, 15]
Z_da-ad = [1, 4]
Y_da-ad = [2, 16]
X_da-ad = [7, 15]
