no              #fail
54.302          #totTm
51.710          #lastADTm
8               #itDAD
1.000           #avItADGoal
203             #itADOpt
43              #opt
42              #optDA-AD
1.167           #tmDA
2.3             #relGain

V = [1, 2, 3, 4, 5, 6, 7, 8, 9, 10, 11, 12, 13, 14, 15, 16, 17, 18, 19, 20, 21, 22, 23, 24, 25, 26, 27, 28, 29, 30, 31, 32, 33, 34, 35, 36, 37, 38, 39, 40, 41, 42, 43, 44, 45, 46, 47, 48, 49, 50, 51, 52, 53, 54, 55, 56, 57, 58, 59, 60]
A = [(2, 1), (1, 2), (3, 1), (1, 3), (4, 1), (1, 4), (5, 3), (3, 5), (6, 2), (2, 6), (7, 3), (3, 7), (8, 3), (3, 8), (9, 8), (8, 9), (10, 8), (8, 10), (11, 10), (10, 11), (12, 7), (7, 12), (13, 12), (12, 13), (14, 12), (12, 14), (15, 1), (1, 15), (16, 8), (8, 16), (17, 5), (5, 17), (18, 14), (14, 18), (19, 4), (4, 19), (20, 5), (5, 20), (21, 7), (7, 21), (22, 18), (18, 22), (23, 5), (5, 23), (24, 11), (11, 24), (25, 14), (14, 25), (26, 11), (11, 26), (27, 14), (14, 27), (28, 15), (15, 28), (29, 20), (20, 29), (30, 20), (20, 30), (31, 9), (9, 31), (32, 25), (25, 32), (33, 27), (27, 33), (34, 5), (5, 34), (35, 20), (20, 35), (36, 25), (25, 36), (37, 4), (4, 37), (38, 12), (12, 38), (39, 12), (12, 39), (40, 8), (8, 40), (41, 27), (27, 41), (42, 9), (9, 42), (43, 8), (8, 43), (44, 18), (18, 44), (45, 38), (38, 45), (46, 40), (40, 46), (47, 44), (44, 47), (48, 15), (15, 48), (49, 31), (31, 49), (50, 18), (18, 50), (51, 46), (46, 51), (52, 48), (48, 52), (53, 16), (16, 53), (54, 23), (23, 54), (55, 24), (24, 55), (56, 17), (17, 56), (57, 45), (45, 57), (58, 5), (5, 58), (59, 10), (10, 59), (60, 36), (36, 60)]
Z_dad = [8, 14]
Y_dad = [1, 5]
X_dad = [3, 15]
Z_da-ad = [3, 14]
Y_da-ad = [5, 8]
X_da-ad = [9, 10]
