no              #fail
25.991          #totTm
19.791          #lastADTm
11              #itDAD
1.000           #avItADGoal
70              #itADOpt
44              #opt
44              #optDA-AD
1.316           #tmDA
0.0             #relGain

V = [1, 2, 3, 4, 5, 6, 7, 8, 9, 10, 11, 12, 13, 14, 15, 16, 17, 18, 19, 20, 21, 22, 23, 24, 25, 26, 27, 28, 29, 30, 31, 32, 33, 34, 35, 36, 37, 38, 39, 40, 41, 42, 43, 44, 45, 46, 47, 48, 49, 50, 51, 52, 53, 54, 55, 56, 57, 58, 59, 60]
A = [(2, 1), (1, 2), (3, 1), (1, 3), (4, 3), (3, 4), (5, 2), (2, 5), (6, 5), (5, 6), (7, 4), (4, 7), (8, 5), (5, 8), (9, 1), (1, 9), (10, 7), (7, 10), (11, 10), (10, 11), (12, 11), (11, 12), (13, 3), (3, 13), (14, 4), (4, 14), (15, 6), (6, 15), (16, 8), (8, 16), (17, 12), (12, 17), (18, 9), (9, 18), (19, 15), (15, 19), (20, 7), (7, 20), (21, 2), (2, 21), (22, 1), (1, 22), (23, 14), (14, 23), (24, 23), (23, 24), (25, 14), (14, 25), (26, 10), (10, 26), (27, 3), (3, 27), (28, 7), (7, 28), (29, 14), (14, 29), (30, 23), (23, 30), (31, 29), (29, 31), (32, 21), (21, 32), (33, 19), (19, 33), (34, 33), (33, 34), (35, 1), (1, 35), (36, 30), (30, 36), (37, 36), (36, 37), (38, 28), (28, 38), (39, 34), (34, 39), (40, 31), (31, 40), (41, 26), (26, 41), (42, 20), (20, 42), (43, 26), (26, 43), (44, 13), (13, 44), (45, 10), (10, 45), (46, 37), (37, 46), (47, 32), (32, 47), (48, 21), (21, 48), (49, 13), (13, 49), (50, 6), (6, 50), (51, 6), (6, 51), (52, 34), (34, 52), (53, 50), (50, 53), (54, 37), (37, 54), (55, 29), (29, 55), (56, 49), (49, 56), (57, 34), (34, 57), (58, 16), (16, 58), (59, 23), (23, 59), (60, 29), (29, 60)]
Z_dad = [2, 4]
Y_dad = [6, 10]
X_dad = [7, 15]
Z_da-ad = [2, 4]
Y_da-ad = [6, 10]
X_da-ad = [7, 15]
