no              #fail
124.984         #totTm
122.740         #lastADTm
6               #itDAD
1.000           #avItADGoal
275             #itADOpt
48              #opt
48              #optDA-AD
1.982           #tmDA
0.0             #relGain

V = [1, 2, 3, 4, 5, 6, 7, 8, 9, 10, 11, 12, 13, 14, 15, 16, 17, 18, 19, 20, 21, 22, 23, 24, 25, 26, 27, 28, 29, 30, 31, 32, 33, 34, 35, 36, 37, 38, 39, 40, 41, 42, 43, 44, 45, 46, 47, 48, 49, 50, 51, 52, 53, 54, 55, 56, 57, 58, 59, 60]
A = [(2, 1), (1, 2), (3, 1), (1, 3), (4, 3), (3, 4), (5, 3), (3, 5), (6, 4), (4, 6), (7, 6), (6, 7), (8, 1), (1, 8), (9, 3), (3, 9), (10, 5), (5, 10), (11, 9), (9, 11), (12, 10), (10, 12), (13, 9), (9, 13), (14, 4), (4, 14), (15, 13), (13, 15), (16, 2), (2, 16), (17, 6), (6, 17), (18, 3), (3, 18), (19, 18), (18, 19), (20, 1), (1, 20), (21, 19), (19, 21), (22, 14), (14, 22), (23, 4), (4, 23), (24, 6), (6, 24), (25, 4), (4, 25), (26, 6), (6, 26), (27, 11), (11, 27), (28, 21), (21, 28), (29, 13), (13, 29), (30, 3), (3, 30), (31, 26), (26, 31), (32, 18), (18, 32), (33, 18), (18, 33), (34, 32), (32, 34), (35, 6), (6, 35), (36, 26), (26, 36), (37, 25), (25, 37), (38, 2), (2, 38), (39, 24), (24, 39), (40, 4), (4, 40), (41, 21), (21, 41), (42, 23), (23, 42), (43, 5), (5, 43), (44, 15), (15, 44), (45, 18), (18, 45), (46, 11), (11, 46), (47, 13), (13, 47), (48, 23), (23, 48), (49, 23), (23, 49), (50, 25), (25, 50), (51, 19), (19, 51), (52, 5), (5, 52), (53, 43), (43, 53), (54, 23), (23, 54), (55, 51), (51, 55), (56, 49), (49, 56), (57, 47), (47, 57), (58, 37), (37, 58), (59, 3), (3, 59), (60, 40), (40, 60)]
Z_dad = [3, 4]
Y_dad = [6, 13]
X_dad = [9, 26]
Z_da-ad = [3, 4]
Y_da-ad = [6, 13]
X_da-ad = [9, 26]
