no              #fail
48.688          #totTm
45.663          #lastADTm
9               #itDAD
1.000           #avItADGoal
162             #itADOpt
43              #opt
43              #optDA-AD
1.114           #tmDA
0.0             #relGain

V = [1, 2, 3, 4, 5, 6, 7, 8, 9, 10, 11, 12, 13, 14, 15, 16, 17, 18, 19, 20, 21, 22, 23, 24, 25, 26, 27, 28, 29, 30, 31, 32, 33, 34, 35, 36, 37, 38, 39, 40, 41, 42, 43, 44, 45, 46, 47, 48, 49, 50, 51, 52, 53, 54, 55, 56, 57, 58, 59, 60]
A = [(2, 1), (1, 2), (3, 2), (2, 3), (4, 1), (1, 4), (5, 2), (2, 5), (6, 3), (3, 6), (7, 1), (1, 7), (8, 2), (2, 8), (9, 1), (1, 9), (10, 7), (7, 10), (11, 8), (8, 11), (12, 11), (11, 12), (13, 8), (8, 13), (14, 6), (6, 14), (15, 7), (7, 15), (16, 14), (14, 16), (17, 9), (9, 17), (18, 6), (6, 18), (19, 7), (7, 19), (20, 9), (9, 20), (21, 20), (20, 21), (22, 5), (5, 22), (23, 5), (5, 23), (24, 6), (6, 24), (25, 10), (10, 25), (26, 20), (20, 26), (27, 4), (4, 27), (28, 15), (15, 28), (29, 8), (8, 29), (30, 9), (9, 30), (31, 1), (1, 31), (32, 9), (9, 32), (33, 26), (26, 33), (34, 25), (25, 34), (35, 11), (11, 35), (36, 5), (5, 36), (37, 18), (18, 37), (38, 29), (29, 38), (39, 24), (24, 39), (40, 11), (11, 40), (41, 10), (10, 41), (42, 15), (15, 42), (43, 37), (37, 43), (44, 11), (11, 44), (45, 29), (29, 45), (46, 23), (23, 46), (47, 2), (2, 47), (48, 30), (30, 48), (49, 48), (48, 49), (50, 24), (24, 50), (51, 48), (48, 51), (52, 9), (9, 52), (53, 50), (50, 53), (54, 36), (36, 54), (55, 11), (11, 55), (56, 55), (55, 56), (57, 17), (17, 57), (58, 46), (46, 58), (59, 14), (14, 59), (60, 27), (27, 60)]
Z_dad = [1, 2]
Y_dad = [6, 9]
X_dad = [20, 24]
Z_da-ad = [1, 2]
Y_da-ad = [6, 9]
X_da-ad = [20, 24]
