no              #fail
6.080           #totTm
0.345           #lastADTm
7               #itDAD
1.500           #avItADGoal
13              #itADOpt
22              #opt
16              #optDA-AD
0.487           #tmDA
27.3            #relGain

V = [1, 2, 3, 4, 5, 6, 7, 8, 9, 10, 11, 12, 13, 14, 15, 16, 17, 18, 19, 20, 21, 22, 23, 24, 25, 26, 27, 28, 29, 30, 31, 32, 33, 34, 35, 36, 37, 38, 39, 40]
A = [(1, 12), (12, 1), (1, 24), (24, 1), (2, 23), (23, 2), (3, 16), (16, 3), (3, 19), (19, 3), (3, 24), (24, 3), (3, 29), (29, 3), (3, 36), (36, 3), (4, 39), (39, 4), (5, 13), (13, 5), (5, 14), (14, 5), (5, 27), (27, 5), (5, 30), (30, 5), (6, 10), (10, 6), (8, 20), (20, 8), (8, 22), (22, 8), (8, 35), (35, 8), (9, 18), (18, 9), (9, 21), (21, 9), (9, 27), (27, 9), (9, 39), (39, 9), (9, 40), (40, 9), (10, 13), (13, 10), (10, 16), (16, 10), (10, 21), (21, 10), (10, 24), (24, 10), (10, 31), (31, 10), (11, 16), (16, 11), (11, 37), (37, 11), (11, 40), (40, 11), (12, 15), (15, 12), (12, 25), (25, 12), (12, 29), (29, 12), (12, 30), (30, 12), (12, 39), (39, 12), (13, 39), (39, 13), (14, 22), (22, 14), (14, 25), (25, 14), (14, 28), (28, 14), (14, 37), (37, 14), (15, 21), (21, 15), (15, 26), (26, 15), (15, 33), (33, 15), (17, 34), (34, 17), (18, 27), (27, 18), (18, 30), (30, 18), (18, 31), (31, 18), (18, 32), (32, 18), (18, 40), (40, 18), (19, 22), (22, 19), (19, 34), (34, 19), (20, 24), (24, 20), (21, 29), (29, 21), (21, 33), (33, 21), (23, 37), (37, 23), (23, 40), (40, 23), (24, 27), (27, 24), (24, 36), (36, 24), (24, 39), (39, 24), (24, 40), (40, 24), (25, 26), (26, 25), (27, 38), (38, 27), (27, 39), (39, 27), (28, 29), (29, 28), (30, 32), (32, 30), (31, 38), (38, 31), (32, 38), (38, 32), (34, 37), (37, 34), (34, 39), (39, 34), (39, 40), (40, 39)]
Z_dad = [14, 24, 34]
Y_dad = [18]
X_dad = [10, 29, 40]
Z_da-ad = [22, 24, 39]
Y_da-ad = [37]
X_da-ad = [12, 14, 21]
