no              #fail
3.725           #totTm
0.407           #lastADTm
6               #itDAD
1.200           #avItADGoal
14              #itADOpt
19              #opt
17              #optDA-AD
0.56            #tmDA
10.5            #relGain

V = [1, 2, 3, 4, 5, 6, 7, 8, 9, 10, 11, 12, 13, 14, 15, 16, 17, 18, 19, 20, 21, 22, 23, 24, 25, 26, 27, 28, 29, 30, 31, 32, 33, 34, 35, 36, 37, 38, 39, 40]
A = [(1, 15), (15, 1), (1, 20), (20, 1), (1, 27), (27, 1), (2, 9), (9, 2), (3, 8), (8, 3), (3, 22), (22, 3), (3, 26), (26, 3), (3, 30), (30, 3), (4, 17), (17, 4), (4, 30), (30, 4), (4, 31), (31, 4), (4, 40), (40, 4), (5, 17), (17, 5), (5, 27), (27, 5), (6, 21), (21, 6), (7, 13), (13, 7), (7, 14), (14, 7), (7, 15), (15, 7), (7, 16), (16, 7), (7, 33), (33, 7), (7, 40), (40, 7), (8, 18), (18, 8), (8, 19), (19, 8), (8, 20), (20, 8), (10, 14), (14, 10), (11, 36), (36, 11), (11, 37), (37, 11), (11, 40), (40, 11), (12, 16), (16, 12), (12, 20), (20, 12), (12, 26), (26, 12), (12, 29), (29, 12), (12, 38), (38, 12), (12, 39), (39, 12), (13, 18), (18, 13), (13, 19), (19, 13), (13, 32), (32, 13), (14, 30), (30, 14), (14, 35), (35, 14), (14, 40), (40, 14), (15, 29), (29, 15), (16, 17), (17, 16), (16, 33), (33, 16), (16, 34), (34, 16), (17, 31), (31, 17), (18, 23), (23, 18), (18, 31), (31, 18), (19, 23), (23, 19), (19, 31), (31, 19), (20, 23), (23, 20), (20, 36), (36, 20), (21, 31), (31, 21), (22, 28), (28, 22), (22, 29), (29, 22), (22, 30), (30, 22), (22, 39), (39, 22), (23, 28), (28, 23), (23, 32), (32, 23), (24, 31), (31, 24), (26, 29), (29, 26), (26, 34), (34, 26), (27, 31), (31, 27), (27, 32), (32, 27), (28, 31), (31, 28), (28, 32), (32, 28), (28, 36), (36, 28), (28, 39), (39, 28), (32, 40), (40, 32), (37, 39), (39, 37), (38, 40), (40, 38)]
Z_dad = [7, 31, 40]
Y_dad = [12]
X_dad = [16, 27, 30]
Z_da-ad = [14, 23, 31]
Y_da-ad = [3]
X_da-ad = [7, 8, 32]
