no              #fail
25.433          #totTm
0.186           #lastADTm
7               #itDAD
1.667           #avItADGoal
5               #itADOpt
17              #opt
14              #optDA-AD
0.558           #tmDA
17.6            #relGain

V = [1, 2, 3, 4, 5, 6, 7, 8, 9, 10, 11, 12, 13, 14, 15, 16, 17, 18, 19, 20, 21, 22, 23, 24, 25, 26, 27, 28, 29, 30, 31, 32, 33, 34, 35, 36, 37, 38, 39, 40]
A = [(1, 15), (15, 1), (1, 20), (20, 1), (1, 27), (27, 1), (1, 31), (31, 1), (1, 33), (33, 1), (2, 12), (12, 2), (2, 13), (13, 2), (2, 22), (22, 2), (2, 25), (25, 2), (3, 4), (4, 3), (3, 10), (10, 3), (3, 21), (21, 3), (4, 8), (8, 4), (4, 15), (15, 4), (4, 23), (23, 4), (5, 13), (13, 5), (5, 26), (26, 5), (5, 30), (30, 5), (5, 40), (40, 5), (6, 9), (9, 6), (6, 14), (14, 6), (6, 25), (25, 6), (6, 33), (33, 6), (7, 30), (30, 7), (8, 9), (9, 8), (8, 14), (14, 8), (8, 23), (23, 8), (9, 31), (31, 9), (9, 34), (34, 9), (10, 37), (37, 10), (10, 38), (38, 10), (11, 21), (21, 11), (11, 27), (27, 11), (11, 34), (34, 11), (12, 13), (13, 12), (12, 31), (31, 12), (13, 16), (16, 13), (13, 17), (17, 13), (13, 20), (20, 13), (13, 22), (22, 13), (13, 23), (23, 13), (13, 24), (24, 13), (14, 34), (34, 14), (15, 37), (37, 15), (16, 23), (23, 16), (16, 35), (35, 16), (17, 22), (22, 17), (17, 24), (24, 17), (17, 28), (28, 17), (17, 32), (32, 17), (18, 29), (29, 18), (21, 24), (24, 21), (21, 31), (31, 21), (21, 32), (32, 21), (22, 28), (28, 22), (22, 39), (39, 22), (23, 36), (36, 23), (24, 31), (31, 24), (24, 40), (40, 24), (25, 27), (27, 25), (25, 33), (33, 25), (26, 28), (28, 26), (27, 29), (29, 27), (27, 33), (33, 27), (29, 39), (39, 29), (30, 37), (37, 30), (33, 37), (37, 33), (35, 38), (38, 35), (36, 39), (39, 36), (39, 40), (40, 39)]
Z_dad = [13, 21, 39]
Y_dad = [31]
X_dad = [1, 8, 37]
Z_da-ad = [3, 16, 37]
Y_da-ad = [27]
X_da-ad = [5, 28, 29]
