no              #fail
1.397           #totTm
0.144           #lastADTm
5               #itDAD
1.000           #avItADGoal
5               #itADOpt
21              #opt
13              #optDA-AD
0.577           #tmDA
38.1            #relGain

V = [1, 2, 3, 4, 5, 6, 7, 8, 9, 10, 11, 12, 13, 14, 15, 16, 17, 18, 19, 20, 21, 22, 23, 24, 25, 26, 27, 28, 29, 30, 31, 32, 33, 34, 35, 36, 37, 38, 39, 40]
A = [(1, 4), (4, 1), (1, 7), (7, 1), (1, 23), (23, 1), (1, 32), (32, 1), (1, 39), (39, 1), (2, 7), (7, 2), (2, 11), (11, 2), (2, 16), (16, 2), (2, 23), (23, 2), (2, 25), (25, 2), (2, 30), (30, 2), (2, 39), (39, 2), (3, 13), (13, 3), (3, 28), (28, 3), (3, 40), (40, 3), (4, 18), (18, 4), (5, 17), (17, 5), (5, 31), (31, 5), (5, 40), (40, 5), (6, 7), (7, 6), (6, 9), (9, 6), (6, 14), (14, 6), (7, 9), (9, 7), (7, 12), (12, 7), (8, 19), (19, 8), (8, 21), (21, 8), (9, 11), (11, 9), (9, 18), (18, 9), (9, 34), (34, 9), (10, 19), (19, 10), (10, 27), (27, 10), (11, 24), (24, 11), (11, 25), (25, 11), (12, 14), (14, 12), (12, 27), (27, 12), (13, 15), (15, 13), (13, 35), (35, 13), (14, 15), (15, 14), (14, 20), (20, 14), (14, 22), (22, 14), (14, 25), (25, 14), (14, 26), (26, 14), (14, 30), (30, 14), (14, 40), (40, 14), (15, 30), (30, 15), (15, 33), (33, 15), (16, 40), (40, 16), (17, 18), (18, 17), (17, 37), (37, 17), (17, 38), (38, 17), (18, 23), (23, 18), (18, 37), (37, 18), (19, 27), (27, 19), (19, 31), (31, 19), (20, 23), (23, 20), (21, 28), (28, 21), (22, 28), (28, 22), (22, 29), (29, 22), (22, 36), (36, 22), (23, 33), (33, 23), (25, 29), (29, 25), (26, 31), (31, 26), (26, 37), (37, 26), (27, 29), (29, 27), (28, 31), (31, 28), (28, 33), (33, 28), (29, 33), (33, 29), (30, 33), (33, 30), (33, 36), (36, 33), (33, 38), (38, 33)]
Z_dad = [2, 14, 18]
Y_dad = [33]
X_dad = [19, 23, 29]
Z_da-ad = [27, 28, 31]
Y_da-ad = [40]
X_da-ad = [1, 9, 18]
