no              #fail
5.386           #totTm
0.205           #lastADTm
9               #itDAD
1.625           #avItADGoal
7               #itADOpt
21              #opt
15              #optDA-AD
0.558           #tmDA
28.6            #relGain

V = [1, 2, 3, 4, 5, 6, 7, 8, 9, 10, 11, 12, 13, 14, 15, 16, 17, 18, 19, 20, 21, 22, 23, 24, 25, 26, 27, 28, 29, 30, 31, 32, 33, 34, 35, 36, 37, 38, 39, 40]
A = [(1, 9), (9, 1), (1, 11), (11, 1), (1, 22), (22, 1), (1, 32), (32, 1), (1, 38), (38, 1), (2, 4), (4, 2), (2, 10), (10, 2), (2, 19), (19, 2), (2, 34), (34, 2), (2, 36), (36, 2), (3, 13), (13, 3), (3, 18), (18, 3), (3, 35), (35, 3), (3, 38), (38, 3), (4, 15), (15, 4), (4, 39), (39, 4), (5, 6), (6, 5), (5, 20), (20, 5), (5, 35), (35, 5), (5, 39), (39, 5), (6, 35), (35, 6), (6, 37), (37, 6), (7, 29), (29, 7), (7, 33), (33, 7), (8, 13), (13, 8), (8, 18), (18, 8), (8, 27), (27, 8), (9, 10), (10, 9), (9, 37), (37, 9), (9, 39), (39, 9), (10, 13), (13, 10), (10, 21), (21, 10), (10, 38), (38, 10), (10, 40), (40, 10), (11, 13), (13, 11), (11, 21), (21, 11), (11, 31), (31, 11), (11, 34), (34, 11), (11, 38), (38, 11), (12, 19), (19, 12), (12, 36), (36, 12), (13, 17), (17, 13), (14, 16), (16, 14), (14, 32), (32, 14), (15, 25), (25, 15), (15, 29), (29, 15), (15, 35), (35, 15), (15, 36), (36, 15), (15, 37), (37, 15), (15, 38), (38, 15), (15, 39), (39, 15), (19, 33), (33, 19), (20, 31), (31, 20), (21, 24), (24, 21), (21, 29), (29, 21), (21, 36), (36, 21), (22, 35), (35, 22), (22, 38), (38, 22), (23, 28), (28, 23), (23, 33), (33, 23), (25, 29), (29, 25), (26, 27), (27, 26), (27, 32), (32, 27), (27, 40), (40, 27), (28, 31), (31, 28), (29, 35), (35, 29), (30, 35), (35, 30), (32, 35), (35, 32), (33, 38), (38, 33), (35, 36), (36, 35)]
Z_dad = [9, 11, 35]
Y_dad = [2]
X_dad = [10, 21, 38]
Z_da-ad = [8, 10, 32]
Y_da-ad = [11]
X_da-ad = [13, 35, 38]
