no              #fail
17.810          #totTm
0.454           #lastADTm
10              #itDAD
2.222           #avItADGoal
12              #itADOpt
19              #opt
15              #optDA-AD
0.52            #tmDA
21.1            #relGain

V = [1, 2, 3, 4, 5, 6, 7, 8, 9, 10, 11, 12, 13, 14, 15, 16, 17, 18, 19, 20, 21, 22, 23, 24, 25, 26, 27, 28, 29, 30, 31, 32, 33, 34, 35, 36, 37, 38, 39, 40]
A = [(1, 11), (11, 1), (1, 32), (32, 1), (1, 36), (36, 1), (2, 14), (14, 2), (2, 21), (21, 2), (2, 38), (38, 2), (3, 34), (34, 3), (4, 8), (8, 4), (4, 11), (11, 4), (4, 17), (17, 4), (4, 38), (38, 4), (5, 15), (15, 5), (5, 17), (17, 5), (5, 19), (19, 5), (6, 15), (15, 6), (6, 17), (17, 6), (6, 22), (22, 6), (7, 17), (17, 7), (7, 19), (19, 7), (7, 28), (28, 7), (7, 32), (32, 7), (7, 37), (37, 7), (7, 39), (39, 7), (8, 23), (23, 8), (9, 18), (18, 9), (9, 33), (33, 9), (10, 14), (14, 10), (10, 23), (23, 10), (11, 29), (29, 11), (11, 39), (39, 11), (12, 19), (19, 12), (13, 26), (26, 13), (13, 38), (38, 13), (14, 20), (20, 14), (14, 21), (21, 14), (14, 40), (40, 14), (15, 16), (16, 15), (15, 27), (27, 15), (15, 34), (34, 15), (15, 35), (35, 15), (16, 18), (18, 16), (16, 21), (21, 16), (16, 36), (36, 16), (17, 26), (26, 17), (17, 40), (40, 17), (18, 35), (35, 18), (19, 27), (27, 19), (19, 30), (30, 19), (20, 24), (24, 20), (20, 25), (25, 20), (20, 33), (33, 20), (21, 29), (29, 21), (22, 30), (30, 22), (22, 36), (36, 22), (22, 37), (37, 22), (23, 36), (36, 23), (24, 26), (26, 24), (25, 30), (30, 25), (26, 39), (39, 26), (26, 40), (40, 26), (27, 35), (35, 27), (28, 39), (39, 28), (29, 36), (36, 29), (31, 35), (35, 31), (32, 36), (36, 32), (32, 37), (37, 32), (33, 38), (38, 33), (36, 37), (37, 36), (36, 38), (38, 36), (37, 40), (40, 37)]
Z_dad = [16, 17, 22]
Y_dad = [20]
X_dad = [7, 25, 33]
Z_da-ad = [15, 18, 19]
Y_da-ad = [20]
X_da-ad = [17, 22, 33]
