no              #fail
13.976          #totTm
0.480           #lastADTm
8               #itDAD
1.571           #avItADGoal
15              #itADOpt
18              #opt
15              #optDA-AD
0.649           #tmDA
16.7            #relGain

V = [1, 2, 3, 4, 5, 6, 7, 8, 9, 10, 11, 12, 13, 14, 15, 16, 17, 18, 19, 20, 21, 22, 23, 24, 25, 26, 27, 28, 29, 30, 31, 32, 33, 34, 35, 36, 37, 38, 39, 40]
A = [(1, 9), (9, 1), (1, 18), (18, 1), (1, 20), (20, 1), (1, 24), (24, 1), (1, 40), (40, 1), (2, 14), (14, 2), (2, 15), (15, 2), (3, 12), (12, 3), (3, 16), (16, 3), (3, 19), (19, 3), (3, 26), (26, 3), (3, 27), (27, 3), (3, 34), (34, 3), (4, 6), (6, 4), (4, 16), (16, 4), (4, 19), (19, 4), (4, 33), (33, 4), (4, 34), (34, 4), (5, 10), (10, 5), (5, 22), (22, 5), (5, 31), (31, 5), (5, 39), (39, 5), (6, 11), (11, 6), (6, 15), (15, 6), (6, 23), (23, 6), (6, 31), (31, 6), (6, 34), (34, 6), (7, 15), (15, 7), (7, 20), (20, 7), (7, 28), (28, 7), (7, 30), (30, 7), (8, 25), (25, 8), (8, 31), (31, 8), (8, 36), (36, 8), (9, 19), (19, 9), (10, 22), (22, 10), (10, 40), (40, 10), (11, 18), (18, 11), (13, 17), (17, 13), (14, 19), (19, 14), (14, 27), (27, 14), (14, 36), (36, 14), (15, 34), (34, 15), (15, 37), (37, 15), (16, 17), (17, 16), (16, 34), (34, 16), (18, 33), (33, 18), (19, 23), (23, 19), (19, 40), (40, 19), (20, 23), (23, 20), (20, 28), (28, 20), (21, 32), (32, 21), (22, 38), (38, 22), (23, 27), (27, 23), (24, 33), (33, 24), (25, 37), (37, 25), (26, 30), (30, 26), (27, 34), (34, 27), (27, 35), (35, 27), (28, 30), (30, 28), (28, 34), (34, 28), (28, 36), (36, 28), (28, 38), (38, 28), (29, 35), (35, 29), (30, 36), (36, 30), (31, 39), (39, 31), (32, 36), (36, 32), (35, 38), (38, 35), (35, 40), (40, 35), (37, 38), (38, 37)]
Z_dad = [15, 28, 40]
Y_dad = [27]
X_dad = [6, 35, 36]
Z_da-ad = [3, 16, 36]
Y_da-ad = [4]
X_da-ad = [5, 6, 37]
