no              #fail
5.051           #totTm
0.173           #lastADTm
7               #itDAD
1.833           #avItADGoal
6               #itADOpt
21              #opt
15              #optDA-AD
0.423           #tmDA
28.6            #relGain

V = [1, 2, 3, 4, 5, 6, 7, 8, 9, 10, 11, 12, 13, 14, 15, 16, 17, 18, 19, 20, 21, 22, 23, 24, 25, 26, 27, 28, 29, 30, 31, 32, 33, 34, 35, 36, 37, 38, 39, 40]
A = [(1, 2), (2, 1), (1, 3), (3, 1), (1, 11), (11, 1), (1, 12), (12, 1), (1, 36), (36, 1), (2, 5), (5, 2), (2, 13), (13, 2), (2, 19), (19, 2), (2, 33), (33, 2), (3, 7), (7, 3), (3, 12), (12, 3), (3, 16), (16, 3), (3, 25), (25, 3), (3, 27), (27, 3), (3, 31), (31, 3), (4, 6), (6, 4), (4, 10), (10, 4), (4, 11), (11, 4), (4, 25), (25, 4), (4, 39), (39, 4), (5, 34), (34, 5), (6, 30), (30, 6), (6, 33), (33, 6), (7, 9), (9, 7), (7, 11), (11, 7), (8, 10), (10, 8), (8, 14), (14, 8), (8, 16), (16, 8), (8, 17), (17, 8), (8, 28), (28, 8), (8, 33), (33, 8), (9, 23), (23, 9), (9, 29), (29, 9), (11, 26), (26, 11), (11, 33), (33, 11), (12, 35), (35, 12), (12, 40), (40, 12), (13, 29), (29, 13), (13, 38), (38, 13), (14, 17), (17, 14), (14, 30), (30, 14), (14, 40), (40, 14), (15, 19), (19, 15), (15, 34), (34, 15), (15, 40), (40, 15), (16, 18), (18, 16), (16, 19), (19, 16), (17, 26), (26, 17), (17, 28), (28, 17), (17, 33), (33, 17), (17, 40), (40, 17), (18, 40), (40, 18), (19, 26), (26, 19), (21, 23), (23, 21), (22, 32), (32, 22), (23, 24), (24, 23), (24, 25), (25, 24), (26, 27), (27, 26), (27, 37), (37, 27), (27, 38), (38, 27), (27, 39), (39, 27), (28, 33), (33, 28), (28, 34), (34, 28), (28, 40), (40, 28), (30, 34), (34, 30), (31, 38), (38, 31), (33, 35), (35, 33), (35, 37), (37, 35), (36, 37), (37, 36), (37, 38), (38, 37)]
Z_dad = [2, 4, 26]
Y_dad = [33]
X_dad = [3, 11, 37]
Z_da-ad = [7, 13, 25]
Y_da-ad = [27]
X_da-ad = [2, 10, 34]
