no              #fail
1.570           #totTm
0.308           #lastADTm
6               #itDAD
1.400           #avItADGoal
11              #itADOpt
23              #opt
18              #optDA-AD
0.689           #tmDA
21.7            #relGain

V = [1, 2, 3, 4, 5, 6, 7, 8, 9, 10, 11, 12, 13, 14, 15, 16, 17, 18, 19, 20, 21, 22, 23, 24, 25, 26, 27, 28, 29, 30, 31, 32, 33, 34, 35, 36, 37, 38, 39, 40]
A = [(1, 8), (8, 1), (1, 11), (11, 1), (1, 13), (13, 1), (1, 31), (31, 1), (1, 33), (33, 1), (1, 35), (35, 1), (2, 13), (13, 2), (2, 24), (24, 2), (2, 31), (31, 2), (2, 36), (36, 2), (3, 10), (10, 3), (3, 14), (14, 3), (3, 23), (23, 3), (4, 8), (8, 4), (4, 29), (29, 4), (5, 8), (8, 5), (5, 13), (13, 5), (5, 20), (20, 5), (6, 7), (7, 6), (6, 26), (26, 6), (7, 18), (18, 7), (7, 39), (39, 7), (8, 11), (11, 8), (8, 12), (12, 8), (8, 22), (22, 8), (8, 25), (25, 8), (8, 30), (30, 8), (8, 31), (31, 8), (10, 28), (28, 10), (12, 36), (36, 12), (13, 21), (21, 13), (14, 21), (21, 14), (15, 22), (22, 15), (15, 28), (28, 15), (15, 34), (34, 15), (15, 35), (35, 15), (15, 39), (39, 15), (16, 29), (29, 16), (16, 35), (35, 16), (17, 33), (33, 17), (18, 21), (21, 18), (18, 26), (26, 18), (18, 28), (28, 18), (18, 33), (33, 18), (18, 40), (40, 18), (19, 39), (39, 19), (20, 33), (33, 20), (20, 34), (34, 20), (20, 38), (38, 20), (21, 22), (22, 21), (21, 29), (29, 21), (21, 32), (32, 21), (22, 24), (24, 22), (22, 25), (25, 22), (22, 26), (26, 22), (22, 28), (28, 22), (22, 38), (38, 22), (23, 37), (37, 23), (24, 25), (25, 24), (24, 33), (33, 24), (24, 40), (40, 24), (25, 31), (31, 25), (25, 33), (33, 25), (26, 33), (33, 26), (27, 28), (28, 27), (27, 35), (35, 27), (29, 32), (32, 29), (30, 33), (33, 30), (35, 39), (39, 35), (35, 40), (40, 35)]
Z_dad = [22, 33, 35]
Y_dad = [21]
X_dad = [5, 14, 18]
Z_da-ad = [21, 28, 33]
Y_da-ad = [8]
X_da-ad = [22, 39, 40]
