no              #fail
21.765          #totTm
0.204           #lastADTm
7               #itDAD
1.167           #avItADGoal
8               #itADOpt
16              #opt
16              #optDA-AD
0.568           #tmDA
0.0             #relGain

V = [1, 2, 3, 4, 5, 6, 7, 8, 9, 10, 11, 12, 13, 14, 15, 16, 17, 18, 19, 20, 21, 22, 23, 24, 25, 26, 27, 28, 29, 30, 31, 32, 33, 34, 35, 36, 37, 38, 39, 40]
A = [(1, 2), (2, 1), (1, 6), (6, 1), (1, 9), (9, 1), (1, 12), (12, 1), (1, 21), (21, 1), (1, 38), (38, 1), (2, 5), (5, 2), (2, 35), (35, 2), (2, 40), (40, 2), (3, 24), (24, 3), (3, 29), (29, 3), (3, 40), (40, 3), (5, 7), (7, 5), (5, 10), (10, 5), (5, 14), (14, 5), (6, 8), (8, 6), (6, 12), (12, 6), (7, 34), (34, 7), (7, 35), (35, 7), (8, 11), (11, 8), (8, 22), (22, 8), (8, 27), (27, 8), (8, 32), (32, 8), (8, 36), (36, 8), (8, 39), (39, 8), (9, 13), (13, 9), (9, 16), (16, 9), (9, 37), (37, 9), (10, 11), (11, 10), (10, 28), (28, 10), (10, 34), (34, 10), (10, 37), (37, 10), (10, 40), (40, 10), (11, 25), (25, 11), (11, 28), (28, 11), (12, 27), (27, 12), (12, 40), (40, 12), (13, 22), (22, 13), (13, 29), (29, 13), (14, 20), (20, 14), (15, 16), (16, 15), (15, 19), (19, 15), (15, 20), (20, 15), (16, 19), (19, 16), (17, 20), (20, 17), (17, 21), (21, 17), (17, 23), (23, 17), (17, 25), (25, 17), (17, 38), (38, 17), (18, 31), (31, 18), (18, 34), (34, 18), (18, 35), (35, 18), (19, 24), (24, 19), (21, 35), (35, 21), (22, 30), (30, 22), (22, 36), (36, 22), (22, 38), (38, 22), (24, 38), (38, 24), (25, 28), (28, 25), (26, 33), (33, 26), (26, 40), (40, 26), (29, 33), (33, 29), (29, 35), (35, 29), (29, 37), (37, 29), (29, 39), (39, 29), (30, 31), (31, 30), (31, 40), (40, 31), (32, 33), (33, 32), (33, 34), (34, 33), (34, 39), (39, 34)]
Z_dad = [8, 10, 17]
Y_dad = [29]
X_dad = [1, 33, 40]
Z_da-ad = [8, 10, 17]
Y_da-ad = [9]
X_da-ad = [1, 33, 40]
