no              #fail
4.068           #totTm
0.213           #lastADTm
6               #itDAD
1.200           #avItADGoal
6               #itADOpt
16              #opt
14              #optDA-AD
0.733           #tmDA
12.5            #relGain

V = [1, 2, 3, 4, 5, 6, 7, 8, 9, 10, 11, 12, 13, 14, 15, 16, 17, 18, 19, 20, 21, 22, 23, 24, 25, 26, 27, 28, 29, 30, 31, 32, 33, 34, 35, 36, 37, 38, 39, 40]
A = [(1, 5), (5, 1), (1, 9), (9, 1), (1, 15), (15, 1), (1, 17), (17, 1), (2, 7), (7, 2), (2, 8), (8, 2), (2, 17), (17, 2), (2, 31), (31, 2), (2, 40), (40, 2), (3, 13), (13, 3), (3, 18), (18, 3), (3, 31), (31, 3), (3, 35), (35, 3), (4, 18), (18, 4), (5, 18), (18, 5), (5, 26), (26, 5), (6, 33), (33, 6), (7, 10), (10, 7), (7, 28), (28, 7), (8, 38), (38, 8), (9, 37), (37, 9), (10, 11), (11, 10), (10, 17), (17, 10), (10, 19), (19, 10), (10, 35), (35, 10), (11, 14), (14, 11), (11, 21), (21, 11), (11, 26), (26, 11), (11, 32), (32, 11), (12, 18), (18, 12), (13, 14), (14, 13), (13, 34), (34, 13), (13, 35), (35, 13), (14, 17), (17, 14), (14, 40), (40, 14), (15, 27), (27, 15), (15, 31), (31, 15), (16, 33), (33, 16), (17, 25), (25, 17), (17, 30), (30, 17), (18, 21), (21, 18), (18, 38), (38, 18), (19, 26), (26, 19), (19, 30), (30, 19), (19, 38), (38, 19), (20, 22), (22, 20), (20, 31), (31, 20), (20, 39), (39, 20), (20, 40), (40, 20), (21, 34), (34, 21), (22, 37), (37, 22), (23, 31), (31, 23), (23, 36), (36, 23), (24, 28), (28, 24), (26, 33), (33, 26), (26, 35), (35, 26), (26, 38), (38, 26), (27, 28), (28, 27), (27, 36), (36, 27), (28, 39), (39, 28), (29, 37), (37, 29), (30, 33), (33, 30), (30, 38), (38, 30), (30, 39), (39, 30), (31, 35), (35, 31), (31, 37), (37, 31), (32, 36), (36, 32), (33, 37), (37, 33), (34, 37), (37, 34), (35, 40), (40, 35)]
Z_dad = [11, 28, 31]
Y_dad = [17]
X_dad = [1, 18, 33]
Z_da-ad = [18, 28, 33]
Y_da-ad = [31]
X_da-ad = [17, 20, 37]
