no              #fail
7.467           #totTm
0.375           #lastADTm
7               #itDAD
1.167           #avItADGoal
13              #itADOpt
18              #opt
13              #optDA-AD
0.778           #tmDA
27.8            #relGain

V = [1, 2, 3, 4, 5, 6, 7, 8, 9, 10, 11, 12, 13, 14, 15, 16, 17, 18, 19, 20, 21, 22, 23, 24, 25, 26, 27, 28, 29, 30, 31, 32, 33, 34, 35, 36, 37, 38, 39, 40]
A = [(1, 14), (14, 1), (1, 17), (17, 1), (2, 9), (9, 2), (2, 27), (27, 2), (3, 18), (18, 3), (3, 34), (34, 3), (4, 25), (25, 4), (4, 38), (38, 4), (5, 8), (8, 5), (5, 16), (16, 5), (5, 33), (33, 5), (6, 21), (21, 6), (6, 31), (31, 6), (7, 12), (12, 7), (7, 20), (20, 7), (7, 30), (30, 7), (7, 36), (36, 7), (8, 14), (14, 8), (8, 18), (18, 8), (8, 25), (25, 8), (8, 37), (37, 8), (9, 15), (15, 9), (9, 27), (27, 9), (9, 36), (36, 9), (10, 16), (16, 10), (10, 19), (19, 10), (10, 24), (24, 10), (10, 26), (26, 10), (10, 28), (28, 10), (10, 33), (33, 10), (10, 37), (37, 10), (11, 14), (14, 11), (11, 22), (22, 11), (12, 16), (16, 12), (12, 29), (29, 12), (13, 35), (35, 13), (14, 19), (19, 14), (15, 27), (27, 15), (15, 34), (34, 15), (15, 37), (37, 15), (16, 17), (17, 16), (16, 25), (25, 16), (16, 35), (35, 16), (17, 26), (26, 17), (17, 38), (38, 17), (18, 33), (33, 18), (18, 34), (34, 18), (18, 36), (36, 18), (18, 39), (39, 18), (19, 24), (24, 19), (19, 30), (30, 19), (20, 32), (32, 20), (20, 33), (33, 20), (20, 38), (38, 20), (20, 40), (40, 20), (21, 24), (24, 21), (21, 27), (27, 21), (21, 32), (32, 21), (21, 39), (39, 21), (22, 40), (40, 22), (23, 26), (26, 23), (24, 35), (35, 24), (25, 38), (38, 25), (26, 38), (38, 26), (26, 39), (39, 26), (27, 37), (37, 27), (30, 35), (35, 30), (32, 37), (37, 32), (37, 40), (40, 37), (39, 40), (40, 39)]
Z_dad = [18, 20, 37]
Y_dad = [16]
X_dad = [12, 21, 30]
Z_da-ad = [12, 21, 26]
Y_da-ad = [37]
X_da-ad = [10, 19, 35]
