no              #fail
1.700           #totTm
0.810           #lastADTm
6               #itDAD
1.400           #avItADGoal
22              #itADOpt
27              #opt
18              #optDA-AD
0.724           #tmDA
33.3            #relGain

V = [1, 2, 3, 4, 5, 6, 7, 8, 9, 10, 11, 12, 13, 14, 15, 16, 17, 18, 19, 20, 21, 22, 23, 24, 25, 26, 27, 28, 29, 30, 31, 32, 33, 34, 35, 36, 37, 38, 39, 40]
A = [(1, 4), (4, 1), (1, 6), (6, 1), (1, 14), (14, 1), (1, 22), (22, 1), (2, 6), (6, 2), (2, 23), (23, 2), (2, 35), (35, 2), (3, 8), (8, 3), (3, 10), (10, 3), (3, 12), (12, 3), (3, 18), (18, 3), (4, 10), (10, 4), (4, 12), (12, 4), (4, 17), (17, 4), (4, 24), (24, 4), (4, 28), (28, 4), (4, 33), (33, 4), (4, 40), (40, 4), (5, 17), (17, 5), (5, 22), (22, 5), (6, 11), (11, 6), (6, 20), (20, 6), (6, 38), (38, 6), (7, 21), (21, 7), (7, 33), (33, 7), (8, 14), (14, 8), (8, 16), (16, 8), (8, 25), (25, 8), (9, 20), (20, 9), (9, 23), (23, 9), (10, 11), (11, 10), (10, 14), (14, 10), (10, 17), (17, 10), (10, 38), (38, 10), (11, 13), (13, 11), (11, 18), (18, 11), (11, 36), (36, 11), (11, 37), (37, 11), (12, 21), (21, 12), (12, 25), (25, 12), (12, 34), (34, 12), (12, 35), (35, 12), (12, 38), (38, 12), (13, 38), (38, 13), (14, 16), (16, 14), (14, 18), (18, 14), (14, 22), (22, 14), (14, 29), (29, 14), (15, 25), (25, 15), (15, 26), (26, 15), (15, 27), (27, 15), (15, 32), (32, 15), (15, 37), (37, 15), (16, 19), (19, 16), (19, 23), (23, 19), (20, 33), (33, 20), (20, 34), (34, 20), (20, 35), (35, 20), (21, 26), (26, 21), (21, 28), (28, 21), (24, 34), (34, 24), (26, 39), (39, 26), (27, 32), (32, 27), (27, 37), (37, 27), (28, 30), (30, 28), (29, 36), (36, 29), (31, 39), (39, 31), (32, 40), (40, 32), (33, 35), (35, 33), (37, 40), (40, 37)]
Z_dad = [4, 6, 12]
Y_dad = [8]
X_dad = [11, 16, 25]
Z_da-ad = [4, 15, 21]
Y_da-ad = [12]
X_da-ad = [11, 14, 33]
