no              #fail
36.822          #totTm
0.443           #lastADTm
8               #itDAD
1.429           #avItADGoal
15              #itADOpt
16              #opt
13              #optDA-AD
0.497           #tmDA
18.8            #relGain

V = [1, 2, 3, 4, 5, 6, 7, 8, 9, 10, 11, 12, 13, 14, 15, 16, 17, 18, 19, 20, 21, 22, 23, 24, 25, 26, 27, 28, 29, 30, 31, 32, 33, 34, 35, 36, 37, 38, 39, 40]
A = [(1, 10), (10, 1), (1, 12), (12, 1), (1, 36), (36, 1), (1, 39), (39, 1), (2, 6), (6, 2), (2, 8), (8, 2), (2, 24), (24, 2), (2, 34), (34, 2), (2, 37), (37, 2), (3, 25), (25, 3), (4, 5), (5, 4), (4, 20), (20, 4), (4, 25), (25, 4), (4, 30), (30, 4), (4, 34), (34, 4), (4, 35), (35, 4), (5, 10), (10, 5), (5, 27), (27, 5), (6, 19), (19, 6), (7, 11), (11, 7), (7, 20), (20, 7), (7, 31), (31, 7), (8, 27), (27, 8), (9, 31), (31, 9), (9, 35), (35, 9), (9, 38), (38, 9), (9, 39), (39, 9), (10, 19), (19, 10), (10, 39), (39, 10), (11, 29), (29, 11), (12, 15), (15, 12), (12, 22), (22, 12), (12, 30), (30, 12), (13, 14), (14, 13), (13, 20), (20, 13), (13, 26), (26, 13), (13, 37), (37, 13), (14, 18), (18, 14), (14, 32), (32, 14), (15, 33), (33, 15), (16, 17), (17, 16), (17, 18), (18, 17), (17, 34), (34, 17), (18, 29), (29, 18), (18, 30), (30, 18), (19, 23), (23, 19), (19, 35), (35, 19), (20, 31), (31, 20), (20, 34), (34, 20), (20, 36), (36, 20), (21, 23), (23, 21), (21, 31), (31, 21), (22, 29), (29, 22), (22, 36), (36, 22), (22, 40), (40, 22), (23, 24), (24, 23), (23, 29), (29, 23), (23, 36), (36, 23), (24, 38), (38, 24), (25, 31), (31, 25), (25, 33), (33, 25), (26, 27), (27, 26), (27, 35), (35, 27), (28, 34), (34, 28), (28, 37), (37, 28), (28, 40), (40, 28), (30, 31), (31, 30), (31, 35), (35, 31), (33, 35), (35, 33), (33, 38), (38, 33)]
Z_dad = [2, 18, 20]
Y_dad = [4]
X_dad = [22, 27, 34]
Z_da-ad = [13, 18, 34]
Y_da-ad = [2]
X_da-ad = [22, 27, 37]
