no              #fail
9.239           #totTm
0.202           #lastADTm
7               #itDAD
1.667           #avItADGoal
7               #itADOpt
10              #opt
10              #optDA-AD
0.606           #tmDA
0.0             #relGain

V = [1, 2, 3, 4, 5, 6, 7, 8, 9, 10, 11, 12, 13, 14, 15, 16, 17, 18, 19, 20, 21, 22, 23, 24, 25, 26, 27, 28, 29, 30, 31, 32, 33, 34, 35, 36, 37, 38, 39, 40]
A = [(1, 5), (5, 1), (1, 26), (26, 1), (1, 28), (28, 1), (1, 38), (38, 1), (1, 39), (39, 1), (2, 7), (7, 2), (2, 26), (26, 2), (2, 27), (27, 2), (3, 16), (16, 3), (4, 7), (7, 4), (4, 10), (10, 4), (4, 12), (12, 4), (4, 13), (13, 4), (4, 18), (18, 4), (4, 25), (25, 4), (4, 38), (38, 4), (5, 9), (9, 5), (5, 10), (10, 5), (5, 18), (18, 5), (5, 21), (21, 5), (5, 24), (24, 5), (5, 37), (37, 5), (5, 40), (40, 5), (6, 20), (20, 6), (6, 22), (22, 6), (6, 26), (26, 6), (6, 27), (27, 6), (6, 28), (28, 6), (6, 37), (37, 6), (7, 17), (17, 7), (7, 22), (22, 7), (8, 28), (28, 8), (8, 30), (30, 8), (8, 34), (34, 8), (9, 12), (12, 9), (9, 16), (16, 9), (9, 23), (23, 9), (9, 27), (27, 9), (10, 18), (18, 10), (10, 23), (23, 10), (10, 25), (25, 10), (11, 13), (13, 11), (11, 15), (15, 11), (11, 20), (20, 11), (11, 28), (28, 11), (11, 34), (34, 11), (11, 35), (35, 11), (12, 24), (24, 12), (12, 25), (25, 12), (12, 34), (34, 12), (12, 37), (37, 12), (12, 40), (40, 12), (13, 20), (20, 13), (13, 39), (39, 13), (14, 24), (24, 14), (14, 36), (36, 14), (15, 16), (16, 15), (15, 22), (22, 15), (15, 28), (28, 15), (15, 30), (30, 15), (15, 34), (34, 15), (15, 39), (39, 15), (16, 22), (22, 16), (16, 26), (26, 16), (16, 28), (28, 16), (16, 35), (35, 16), (17, 20), (20, 17), (17, 36), (36, 17), (18, 19), (19, 18), (18, 26), (26, 18), (18, 31), (31, 18), (18, 34), (34, 18), (18, 36), (36, 18), (19, 24), (24, 19), (20, 26), (26, 20), (20, 32), (32, 20), (20, 35), (35, 20), (21, 33), (33, 21), (21, 34), (34, 21), (22, 26), (26, 22), (22, 28), (28, 22), (22, 35), (35, 22), (22, 36), (36, 22), (22, 40), (40, 22), (23, 40), (40, 23), (24, 37), (37, 24), (25, 36), (36, 25), (26, 36), (36, 26), (26, 37), (37, 26), (27, 36), (36, 27), (27, 39), (39, 27), (28, 29), (29, 28), (28, 32), (32, 28), (30, 37), (37, 30), (31, 33), (33, 31), (31, 40), (40, 31), (32, 33), (33, 32), (33, 35), (35, 33), (33, 38), (38, 33), (35, 38), (38, 35), (37, 40), (40, 37)]
Z_dad = [16, 28, 34]
Y_dad = [26]
X_dad = [15, 37, 40]
Z_da-ad = [1, 16, 28]
Y_da-ad = [20]
X_da-ad = [15, 34, 37]
