no              #fail
114.713         #totTm
0.307           #lastADTm
9               #itDAD
1.750           #avItADGoal
10              #itADOpt
10              #opt
9               #optDA-AD
0.577           #tmDA
10.0            #relGain

V = [1, 2, 3, 4, 5, 6, 7, 8, 9, 10, 11, 12, 13, 14, 15, 16, 17, 18, 19, 20, 21, 22, 23, 24, 25, 26, 27, 28, 29, 30, 31, 32, 33, 34, 35, 36, 37, 38, 39, 40]
A = [(1, 3), (3, 1), (1, 5), (5, 1), (1, 12), (12, 1), (1, 14), (14, 1), (1, 18), (18, 1), (1, 22), (22, 1), (1, 28), (28, 1), (2, 19), (19, 2), (2, 24), (24, 2), (2, 34), (34, 2), (3, 7), (7, 3), (3, 9), (9, 3), (3, 11), (11, 3), (3, 13), (13, 3), (3, 14), (14, 3), (3, 33), (33, 3), (3, 37), (37, 3), (4, 5), (5, 4), (4, 10), (10, 4), (4, 21), (21, 4), (4, 32), (32, 4), (4, 33), (33, 4), (4, 40), (40, 4), (5, 8), (8, 5), (5, 15), (15, 5), (5, 22), (22, 5), (5, 34), (34, 5), (6, 7), (7, 6), (6, 21), (21, 6), (6, 32), (32, 6), (6, 36), (36, 6), (7, 38), (38, 7), (8, 11), (11, 8), (8, 18), (18, 8), (8, 23), (23, 8), (8, 31), (31, 8), (8, 36), (36, 8), (8, 37), (37, 8), (8, 40), (40, 8), (9, 14), (14, 9), (9, 17), (17, 9), (9, 29), (29, 9), (9, 30), (30, 9), (9, 40), (40, 9), (10, 11), (11, 10), (10, 15), (15, 10), (10, 31), (31, 10), (11, 12), (12, 11), (11, 16), (16, 11), (11, 38), (38, 11), (11, 39), (39, 11), (12, 19), (19, 12), (12, 21), (21, 12), (12, 30), (30, 12), (13, 29), (29, 13), (13, 37), (37, 13), (14, 15), (15, 14), (14, 25), (25, 14), (14, 35), (35, 14), (14, 36), (36, 14), (14, 39), (39, 14), (15, 26), (26, 15), (15, 29), (29, 15), (16, 24), (24, 16), (16, 37), (37, 16), (16, 40), (40, 16), (17, 27), (27, 17), (17, 30), (30, 17), (17, 38), (38, 17), (18, 24), (24, 18), (18, 26), (26, 18), (18, 37), (37, 18), (19, 24), (24, 19), (20, 22), (22, 20), (20, 38), (38, 20), (21, 25), (25, 21), (22, 24), (24, 22), (22, 26), (26, 22), (23, 32), (32, 23), (23, 33), (33, 23), (23, 39), (39, 23), (24, 28), (28, 24), (24, 29), (29, 24), (24, 31), (31, 24), (24, 40), (40, 24), (25, 31), (31, 25), (25, 33), (33, 25), (25, 36), (36, 25), (26, 34), (34, 26), (27, 36), (36, 27), (27, 39), (39, 27), (28, 38), (38, 28), (29, 37), (37, 29), (29, 40), (40, 29), (30, 36), (36, 30), (30, 37), (37, 30), (31, 39), (39, 31), (35, 36), (36, 35), (35, 38), (38, 35), (37, 39), (39, 37), (38, 40), (40, 38)]
Z_dad = [1, 24, 38]
Y_dad = [5]
X_dad = [12, 22, 34]
Z_da-ad = [12, 24, 34]
Y_da-ad = [38]
X_da-ad = [11, 37, 40]
