no              #fail
134.110         #totTm
0.164           #lastADTm
11              #itDAD
1.600           #avItADGoal
5               #itADOpt
10              #opt
9               #optDA-AD
0.567           #tmDA
10.0            #relGain

V = [1, 2, 3, 4, 5, 6, 7, 8, 9, 10, 11, 12, 13, 14, 15, 16, 17, 18, 19, 20, 21, 22, 23, 24, 25, 26, 27, 28, 29, 30, 31, 32, 33, 34, 35, 36, 37, 38, 39, 40]
A = [(1, 2), (2, 1), (1, 6), (6, 1), (1, 7), (7, 1), (1, 19), (19, 1), (1, 22), (22, 1), (1, 26), (26, 1), (1, 27), (27, 1), (1, 32), (32, 1), (1, 33), (33, 1), (1, 34), (34, 1), (1, 40), (40, 1), (2, 6), (6, 2), (2, 17), (17, 2), (3, 5), (5, 3), (3, 6), (6, 3), (3, 12), (12, 3), (3, 28), (28, 3), (4, 10), (10, 4), (4, 14), (14, 4), (4, 30), (30, 4), (4, 38), (38, 4), (5, 24), (24, 5), (5, 27), (27, 5), (5, 35), (35, 5), (5, 40), (40, 5), (6, 10), (10, 6), (6, 13), (13, 6), (6, 24), (24, 6), (6, 26), (26, 6), (6, 39), (39, 6), (7, 15), (15, 7), (7, 16), (16, 7), (7, 22), (22, 7), (7, 23), (23, 7), (7, 35), (35, 7), (7, 36), (36, 7), (8, 17), (17, 8), (8, 34), (34, 8), (8, 38), (38, 8), (8, 40), (40, 8), (9, 15), (15, 9), (9, 25), (25, 9), (9, 32), (32, 9), (10, 14), (14, 10), (10, 20), (20, 10), (10, 22), (22, 10), (10, 26), (26, 10), (10, 32), (32, 10), (10, 33), (33, 10), (11, 13), (13, 11), (11, 29), (29, 11), (11, 30), (30, 11), (11, 37), (37, 11), (12, 21), (21, 12), (12, 23), (23, 12), (12, 33), (33, 12), (13, 20), (20, 13), (13, 24), (24, 13), (13, 26), (26, 13), (14, 17), (17, 14), (14, 27), (27, 14), (14, 34), (34, 14), (14, 38), (38, 14), (15, 22), (22, 15), (15, 27), (27, 15), (15, 28), (28, 15), (15, 39), (39, 15), (16, 23), (23, 16), (16, 27), (27, 16), (16, 34), (34, 16), (16, 40), (40, 16), (18, 24), (24, 18), (19, 27), (27, 19), (19, 32), (32, 19), (20, 24), (24, 20), (20, 29), (29, 20), (20, 34), (34, 20), (20, 40), (40, 20), (21, 25), (25, 21), (21, 29), (29, 21), (21, 30), (30, 21), (22, 23), (23, 22), (22, 28), (28, 22), (22, 31), (31, 22), (22, 33), (33, 22), (23, 25), (25, 23), (23, 38), (38, 23), (24, 28), (28, 24), (24, 29), (29, 24), (25, 36), (36, 25), (26, 32), (32, 26), (26, 40), (40, 26), (27, 31), (31, 27), (27, 33), (33, 27), (29, 40), (40, 29), (30, 36), (36, 30), (30, 39), (39, 30), (31, 39), (39, 31), (32, 38), (38, 32), (33, 38), (38, 33), (35, 38), (38, 35)]
Z_dad = [24, 29, 30]
Y_dad = [1]
X_dad = [6, 20, 26]
Z_da-ad = [1, 11, 24]
Y_da-ad = [6]
X_da-ad = [5, 7, 38]
