no              #fail
3.559           #totTm
0.165           #lastADTm
6               #itDAD
1.400           #avItADGoal
5               #itADOpt
11              #opt
11              #optDA-AD
0.594           #tmDA
0.0             #relGain

V = [1, 2, 3, 4, 5, 6, 7, 8, 9, 10, 11, 12, 13, 14, 15, 16, 17, 18, 19, 20, 21, 22, 23, 24, 25, 26, 27, 28, 29, 30, 31, 32, 33, 34, 35, 36, 37, 38, 39, 40]
A = [(1, 8), (8, 1), (1, 23), (23, 1), (1, 25), (25, 1), (1, 32), (32, 1), (1, 39), (39, 1), (2, 6), (6, 2), (2, 7), (7, 2), (2, 19), (19, 2), (2, 38), (38, 2), (3, 4), (4, 3), (3, 5), (5, 3), (3, 16), (16, 3), (3, 20), (20, 3), (3, 21), (21, 3), (3, 26), (26, 3), (3, 28), (28, 3), (3, 40), (40, 3), (4, 9), (9, 4), (4, 21), (21, 4), (4, 22), (22, 4), (4, 24), (24, 4), (5, 7), (7, 5), (5, 9), (9, 5), (5, 18), (18, 5), (5, 26), (26, 5), (5, 27), (27, 5), (6, 9), (9, 6), (6, 16), (16, 6), (6, 32), (32, 6), (6, 37), (37, 6), (7, 9), (9, 7), (7, 14), (14, 7), (7, 18), (18, 7), (7, 36), (36, 7), (8, 15), (15, 8), (8, 18), (18, 8), (8, 23), (23, 8), (8, 25), (25, 8), (8, 38), (38, 8), (8, 39), (39, 8), (9, 10), (10, 9), (9, 25), (25, 9), (9, 30), (30, 9), (9, 33), (33, 9), (10, 30), (30, 10), (10, 37), (37, 10), (11, 37), (37, 11), (13, 14), (14, 13), (13, 20), (20, 13), (13, 25), (25, 13), (13, 29), (29, 13), (13, 30), (30, 13), (13, 31), (31, 13), (13, 38), (38, 13), (14, 22), (22, 14), (14, 28), (28, 14), (14, 29), (29, 14), (14, 31), (31, 14), (15, 26), (26, 15), (15, 37), (37, 15), (17, 22), (22, 17), (17, 23), (23, 17), (17, 29), (29, 17), (17, 30), (30, 17), (18, 27), (27, 18), (19, 21), (21, 19), (19, 22), (22, 19), (19, 23), (23, 19), (19, 35), (35, 19), (19, 40), (40, 19), (20, 30), (30, 20), (20, 32), (32, 20), (20, 33), (33, 20), (20, 40), (40, 20), (21, 24), (24, 21), (21, 31), (31, 21), (21, 33), (33, 21), (22, 27), (27, 22), (22, 33), (33, 22), (22, 35), (35, 22), (22, 36), (36, 22), (22, 37), (37, 22), (22, 40), (40, 22), (23, 37), (37, 23), (24, 33), (33, 24), (25, 32), (32, 25), (26, 31), (31, 26), (26, 35), (35, 26), (26, 37), (37, 26), (26, 38), (38, 26), (27, 31), (31, 27), (27, 34), (34, 27), (27, 39), (39, 27), (28, 37), (37, 28), (29, 30), (30, 29), (29, 31), (31, 29), (29, 38), (38, 29), (34, 38), (38, 34), (35, 40), (40, 35), (36, 37), (37, 36), (36, 38), (38, 36)]
Z_dad = [3, 9, 37]
Y_dad = [22]
X_dad = [2, 14, 32]
Z_da-ad = [27, 37, 38]
Y_da-ad = [8]
X_da-ad = [3, 6, 14]
