no              #fail
79.978          #totTm
0.219           #lastADTm
9               #itDAD
1.625           #avItADGoal
7               #itADOpt
9               #opt
8               #optDA-AD
0.547           #tmDA
11.1            #relGain

V = [1, 2, 3, 4, 5, 6, 7, 8, 9, 10, 11, 12, 13, 14, 15, 16, 17, 18, 19, 20, 21, 22, 23, 24, 25, 26, 27, 28, 29, 30, 31, 32, 33, 34, 35, 36, 37, 38, 39, 40]
A = [(1, 2), (2, 1), (1, 34), (34, 1), (1, 36), (36, 1), (2, 4), (4, 2), (2, 11), (11, 2), (2, 16), (16, 2), (2, 30), (30, 2), (2, 31), (31, 2), (3, 5), (5, 3), (3, 6), (6, 3), (3, 9), (9, 3), (3, 13), (13, 3), (3, 15), (15, 3), (3, 19), (19, 3), (3, 20), (20, 3), (3, 21), (21, 3), (3, 25), (25, 3), (3, 30), (30, 3), (4, 8), (8, 4), (4, 14), (14, 4), (4, 22), (22, 4), (4, 37), (37, 4), (4, 38), (38, 4), (5, 7), (7, 5), (5, 13), (13, 5), (5, 25), (25, 5), (5, 26), (26, 5), (5, 33), (33, 5), (6, 7), (7, 6), (6, 17), (17, 6), (6, 24), (24, 6), (6, 26), (26, 6), (6, 34), (34, 6), (7, 14), (14, 7), (7, 21), (21, 7), (7, 26), (26, 7), (8, 13), (13, 8), (8, 17), (17, 8), (8, 24), (24, 8), (8, 35), (35, 8), (9, 15), (15, 9), (9, 16), (16, 9), (9, 18), (18, 9), (9, 24), (24, 9), (9, 30), (30, 9), (9, 32), (32, 9), (10, 21), (21, 10), (10, 26), (26, 10), (11, 14), (14, 11), (11, 23), (23, 11), (11, 26), (26, 11), (11, 32), (32, 11), (12, 14), (14, 12), (12, 20), (20, 12), (12, 23), (23, 12), (13, 15), (15, 13), (13, 16), (16, 13), (13, 20), (20, 13), (14, 29), (29, 14), (14, 35), (35, 14), (14, 40), (40, 14), (15, 20), (20, 15), (15, 30), (30, 15), (15, 33), (33, 15), (16, 18), (18, 16), (16, 40), (40, 16), (17, 19), (19, 17), (17, 28), (28, 17), (17, 36), (36, 17), (18, 31), (31, 18), (18, 37), (37, 18), (19, 20), (20, 19), (19, 38), (38, 19), (19, 40), (40, 19), (20, 24), (24, 20), (20, 25), (25, 20), (20, 28), (28, 20), (20, 32), (32, 20), (20, 37), (37, 20), (21, 24), (24, 21), (22, 33), (33, 22), (22, 35), (35, 22), (22, 38), (38, 22), (23, 32), (32, 23), (23, 33), (33, 23), (24, 34), (34, 24), (24, 40), (40, 24), (25, 30), (30, 25), (26, 36), (36, 26), (27, 29), (29, 27), (27, 34), (34, 27), (27, 39), (39, 27), (28, 30), (30, 28), (28, 38), (38, 28), (29, 30), (30, 29), (29, 32), (32, 29), (30, 38), (38, 30), (32, 39), (39, 32), (32, 40), (40, 32), (35, 36), (36, 35), (39, 40), (40, 39)]
Z_dad = [2, 4, 9]
Y_dad = [20]
X_dad = [13, 37, 40]
Z_da-ad = [1, 2, 18]
Y_da-ad = [21]
X_da-ad = [6, 24, 27]
