no              #fail
3.991           #totTm
0.162           #lastADTm
6               #itDAD
1.200           #avItADGoal
5               #itADOpt
10              #opt
9               #optDA-AD
0.599           #tmDA
10.0            #relGain

V = [1, 2, 3, 4, 5, 6, 7, 8, 9, 10, 11, 12, 13, 14, 15, 16, 17, 18, 19, 20, 21, 22, 23, 24, 25, 26, 27, 28, 29, 30, 31, 32, 33, 34, 35, 36, 37, 38, 39, 40]
A = [(1, 8), (8, 1), (1, 16), (16, 1), (1, 36), (36, 1), (2, 4), (4, 2), (2, 19), (19, 2), (3, 4), (4, 3), (3, 5), (5, 3), (3, 15), (15, 3), (3, 26), (26, 3), (4, 20), (20, 4), (4, 29), (29, 4), (5, 25), (25, 5), (5, 29), (29, 5), (5, 38), (38, 5), (6, 15), (15, 6), (6, 28), (28, 6), (6, 29), (29, 6), (6, 35), (35, 6), (6, 36), (36, 6), (7, 12), (12, 7), (7, 16), (16, 7), (7, 17), (17, 7), (7, 28), (28, 7), (7, 36), (36, 7), (8, 10), (10, 8), (8, 11), (11, 8), (8, 20), (20, 8), (8, 27), (27, 8), (8, 37), (37, 8), (9, 13), (13, 9), (9, 21), (21, 9), (9, 24), (24, 9), (9, 25), (25, 9), (9, 27), (27, 9), (9, 35), (35, 9), (10, 16), (16, 10), (10, 18), (18, 10), (10, 40), (40, 10), (11, 19), (19, 11), (11, 29), (29, 11), (11, 32), (32, 11), (12, 20), (20, 12), (12, 23), (23, 12), (12, 24), (24, 12), (12, 29), (29, 12), (12, 38), (38, 12), (13, 18), (18, 13), (13, 25), (25, 13), (13, 33), (33, 13), (14, 18), (18, 14), (14, 28), (28, 14), (14, 31), (31, 14), (15, 24), (24, 15), (15, 25), (25, 15), (15, 27), (27, 15), (17, 31), (31, 17), (17, 33), (33, 17), (18, 19), (19, 18), (18, 20), (20, 18), (18, 40), (40, 18), (19, 20), (20, 19), (19, 23), (23, 19), (19, 27), (27, 19), (19, 29), (29, 19), (19, 34), (34, 19), (19, 35), (35, 19), (20, 25), (25, 20), (20, 27), (27, 20), (20, 31), (31, 20), (20, 34), (34, 20), (20, 39), (39, 20), (21, 22), (22, 21), (21, 25), (25, 21), (21, 31), (31, 21), (21, 37), (37, 21), (22, 31), (31, 22), (22, 38), (38, 22), (23, 25), (25, 23), (24, 27), (27, 24), (24, 40), (40, 24), (25, 33), (33, 25), (25, 37), (37, 25), (26, 32), (32, 26), (26, 34), (34, 26), (26, 36), (36, 26), (26, 39), (39, 26), (27, 33), (33, 27), (28, 32), (32, 28), (29, 30), (30, 29), (29, 37), (37, 29), (31, 33), (33, 31), (31, 34), (34, 31), (31, 38), (38, 31), (32, 34), (34, 32), (32, 35), (35, 32), (32, 37), (37, 32), (32, 39), (39, 32), (33, 38), (38, 33), (33, 40), (40, 33), (34, 40), (40, 34), (39, 40), (40, 39)]
Z_dad = [19, 20, 29]
Y_dad = [25]
X_dad = [5, 15, 26]
Z_da-ad = [4, 19, 29]
Y_da-ad = [8]
X_da-ad = [7, 31, 33]
