no              #fail
419.490         #totTm
0.195           #lastADTm
13              #itDAD
1.833           #avItADGoal
6               #itADOpt
9               #opt
9               #optDA-AD
0.671           #tmDA
0.0             #relGain

V = [1, 2, 3, 4, 5, 6, 7, 8, 9, 10, 11, 12, 13, 14, 15, 16, 17, 18, 19, 20, 21, 22, 23, 24, 25, 26, 27, 28, 29, 30, 31, 32, 33, 34, 35, 36, 37, 38, 39, 40]
A = [(1, 2), (2, 1), (1, 7), (7, 1), (1, 9), (9, 1), (1, 14), (14, 1), (1, 21), (21, 1), (2, 7), (7, 2), (2, 28), (28, 2), (3, 23), (23, 3), (3, 24), (24, 3), (3, 26), (26, 3), (3, 39), (39, 3), (4, 14), (14, 4), (4, 23), (23, 4), (4, 25), (25, 4), (4, 40), (40, 4), (5, 6), (6, 5), (5, 8), (8, 5), (5, 13), (13, 5), (5, 24), (24, 5), (5, 27), (27, 5), (6, 15), (15, 6), (6, 20), (20, 6), (6, 23), (23, 6), (6, 37), (37, 6), (6, 38), (38, 6), (7, 14), (14, 7), (7, 17), (17, 7), (7, 18), (18, 7), (7, 30), (30, 7), (7, 39), (39, 7), (7, 40), (40, 7), (8, 21), (21, 8), (8, 22), (22, 8), (8, 37), (37, 8), (9, 18), (18, 9), (9, 21), (21, 9), (10, 11), (11, 10), (10, 15), (15, 10), (10, 30), (30, 10), (10, 35), (35, 10), (11, 14), (14, 11), (11, 15), (15, 11), (11, 17), (17, 11), (11, 18), (18, 11), (11, 20), (20, 11), (11, 37), (37, 11), (11, 38), (38, 11), (12, 20), (20, 12), (12, 31), (31, 12), (13, 17), (17, 13), (13, 20), (20, 13), (13, 25), (25, 13), (13, 26), (26, 13), (14, 15), (15, 14), (14, 19), (19, 14), (14, 29), (29, 14), (14, 38), (38, 14), (14, 40), (40, 14), (15, 16), (16, 15), (15, 24), (24, 15), (15, 25), (25, 15), (15, 31), (31, 15), (15, 33), (33, 15), (15, 35), (35, 15), (15, 40), (40, 15), (16, 19), (19, 16), (16, 21), (21, 16), (16, 26), (26, 16), (16, 29), (29, 16), (16, 30), (30, 16), (16, 31), (31, 16), (17, 21), (21, 17), (17, 28), (28, 17), (17, 36), (36, 17), (18, 24), (24, 18), (18, 36), (36, 18), (18, 37), (37, 18), (19, 40), (40, 19), (20, 22), (22, 20), (20, 25), (25, 20), (21, 33), (33, 21), (22, 23), (23, 22), (22, 31), (31, 22), (23, 36), (36, 23), (23, 40), (40, 23), (24, 26), (26, 24), (24, 32), (32, 24), (24, 33), (33, 24), (24, 38), (38, 24), (24, 40), (40, 24), (25, 31), (31, 25), (25, 32), (32, 25), (26, 27), (27, 26), (28, 29), (29, 28), (29, 31), (31, 29), (29, 36), (36, 29), (30, 40), (40, 30), (32, 39), (39, 32), (33, 40), (40, 33), (34, 36), (36, 34), (35, 40), (40, 35)]
Z_dad = [17, 18, 29]
Y_dad = [7]
X_dad = [2, 23, 40]
Z_da-ad = [20, 31, 36]
Y_da-ad = [11]
X_da-ad = [5, 8, 23]
