no              #fail
6.235           #totTm
0.182           #lastADTm
7               #itDAD
1.333           #avItADGoal
6               #itADOpt
11              #opt
10              #optDA-AD
0.682           #tmDA
9.1             #relGain

V = [1, 2, 3, 4, 5, 6, 7, 8, 9, 10, 11, 12, 13, 14, 15, 16, 17, 18, 19, 20, 21, 22, 23, 24, 25, 26, 27, 28, 29, 30, 31, 32, 33, 34, 35, 36, 37, 38, 39, 40]
A = [(1, 10), (10, 1), (2, 14), (14, 2), (2, 18), (18, 2), (2, 20), (20, 2), (2, 34), (34, 2), (3, 6), (6, 3), (3, 11), (11, 3), (3, 32), (32, 3), (3, 39), (39, 3), (4, 20), (20, 4), (5, 6), (6, 5), (5, 13), (13, 5), (5, 15), (15, 5), (5, 21), (21, 5), (5, 28), (28, 5), (5, 30), (30, 5), (6, 7), (7, 6), (6, 19), (19, 6), (6, 24), (24, 6), (6, 28), (28, 6), (6, 33), (33, 6), (7, 18), (18, 7), (7, 25), (25, 7), (7, 28), (28, 7), (7, 35), (35, 7), (7, 40), (40, 7), (8, 11), (11, 8), (8, 26), (26, 8), (8, 30), (30, 8), (8, 40), (40, 8), (9, 12), (12, 9), (9, 14), (14, 9), (9, 17), (17, 9), (9, 21), (21, 9), (9, 25), (25, 9), (9, 28), (28, 9), (10, 20), (20, 10), (10, 35), (35, 10), (10, 36), (36, 10), (10, 37), (37, 10), (10, 38), (38, 10), (10, 39), (39, 10), (11, 15), (15, 11), (11, 23), (23, 11), (11, 26), (26, 11), (11, 33), (33, 11), (11, 35), (35, 11), (12, 13), (13, 12), (12, 16), (16, 12), (12, 18), (18, 12), (12, 24), (24, 12), (12, 26), (26, 12), (12, 29), (29, 12), (12, 30), (30, 12), (12, 32), (32, 12), (12, 34), (34, 12), (12, 35), (35, 12), (12, 39), (39, 12), (13, 39), (39, 13), (14, 17), (17, 14), (14, 22), (22, 14), (14, 26), (26, 14), (14, 35), (35, 14), (15, 38), (38, 15), (15, 40), (40, 15), (16, 22), (22, 16), (16, 26), (26, 16), (16, 34), (34, 16), (17, 35), (35, 17), (17, 37), (37, 17), (17, 38), (38, 17), (17, 40), (40, 17), (18, 22), (22, 18), (19, 23), (23, 19), (19, 26), (26, 19), (19, 35), (35, 19), (21, 30), (30, 21), (21, 36), (36, 21), (21, 40), (40, 21), (22, 24), (24, 22), (22, 30), (30, 22), (23, 32), (32, 23), (23, 34), (34, 23), (24, 31), (31, 24), (24, 36), (36, 24), (24, 40), (40, 24), (25, 26), (26, 25), (25, 37), (37, 25), (26, 30), (30, 26), (27, 28), (28, 27), (27, 33), (33, 27), (27, 37), (37, 27), (28, 29), (29, 28), (28, 35), (35, 28), (29, 33), (33, 29), (31, 36), (36, 31), (32, 37), (37, 32), (32, 40), (40, 32), (34, 36), (36, 34), (35, 38), (38, 35), (36, 40), (40, 36)]
Z_dad = [5, 10, 12]
Y_dad = [40]
X_dad = [2, 3, 7]
Z_da-ad = [2, 3, 10]
Y_da-ad = [12]
X_da-ad = [5, 24, 36]
