no              #fail
66.048          #totTm
0.211           #lastADTm
8               #itDAD
1.429           #avItADGoal
6               #itADOpt
11              #opt
10              #optDA-AD
0.623           #tmDA
9.1             #relGain

V = [1, 2, 3, 4, 5, 6, 7, 8, 9, 10, 11, 12, 13, 14, 15, 16, 17, 18, 19, 20, 21, 22, 23, 24, 25, 26, 27, 28, 29, 30, 31, 32, 33, 34, 35, 36, 37, 38, 39, 40]
A = [(1, 5), (5, 1), (1, 7), (7, 1), (1, 11), (11, 1), (1, 18), (18, 1), (1, 20), (20, 1), (1, 28), (28, 1), (1, 36), (36, 1), (2, 11), (11, 2), (2, 15), (15, 2), (2, 18), (18, 2), (3, 8), (8, 3), (3, 9), (9, 3), (3, 13), (13, 3), (3, 18), (18, 3), (3, 34), (34, 3), (4, 8), (8, 4), (4, 13), (13, 4), (4, 21), (21, 4), (4, 22), (22, 4), (4, 27), (27, 4), (4, 29), (29, 4), (4, 32), (32, 4), (4, 33), (33, 4), (5, 9), (9, 5), (6, 7), (7, 6), (6, 8), (8, 6), (6, 28), (28, 6), (6, 33), (33, 6), (6, 39), (39, 6), (7, 20), (20, 7), (7, 21), (21, 7), (7, 23), (23, 7), (8, 17), (17, 8), (8, 19), (19, 8), (8, 20), (20, 8), (8, 26), (26, 8), (8, 27), (27, 8), (9, 11), (11, 9), (9, 31), (31, 9), (9, 34), (34, 9), (9, 39), (39, 9), (10, 11), (11, 10), (10, 15), (15, 10), (10, 21), (21, 10), (10, 24), (24, 10), (10, 25), (25, 10), (10, 26), (26, 10), (10, 35), (35, 10), (11, 13), (13, 11), (11, 20), (20, 11), (11, 21), (21, 11), (11, 22), (22, 11), (12, 26), (26, 12), (12, 32), (32, 12), (12, 33), (33, 12), (13, 32), (32, 13), (13, 37), (37, 13), (13, 38), (38, 13), (15, 18), (18, 15), (15, 29), (29, 15), (17, 35), (35, 17), (18, 28), (28, 18), (18, 34), (34, 18), (19, 37), (37, 19), (19, 39), (39, 19), (19, 40), (40, 19), (20, 25), (25, 20), (20, 29), (29, 20), (20, 30), (30, 20), (21, 22), (22, 21), (21, 30), (30, 21), (21, 35), (35, 21), (22, 24), (24, 22), (22, 27), (27, 22), (22, 38), (38, 22), (22, 40), (40, 22), (23, 25), (25, 23), (23, 28), (28, 23), (23, 30), (30, 23), (23, 35), (35, 23), (23, 36), (36, 23), (24, 26), (26, 24), (24, 31), (31, 24), (24, 34), (34, 24), (24, 37), (37, 24), (25, 28), (28, 25), (25, 34), (34, 25), (27, 29), (29, 27), (27, 33), (33, 27), (27, 40), (40, 27), (28, 29), (29, 28), (29, 33), (33, 29), (29, 38), (38, 29), (30, 31), (31, 30), (30, 37), (37, 30), (30, 40), (40, 30), (32, 40), (40, 32), (33, 37), (37, 33), (35, 36), (36, 35), (36, 40), (40, 36), (38, 39), (39, 38)]
Z_dad = [8, 10, 35]
Y_dad = [29]
X_dad = [24, 32, 33]
Z_da-ad = [1, 3, 9]
Y_da-ad = [35]
X_da-ad = [12, 24, 30]
