no              #fail
2.016           #totTm
0.247           #lastADTm
5               #itDAD
1.000           #avItADGoal
7               #itADOpt
10              #opt
9               #optDA-AD
0.527           #tmDA
10.0            #relGain

V = [1, 2, 3, 4, 5, 6, 7, 8, 9, 10, 11, 12, 13, 14, 15, 16, 17, 18, 19, 20, 21, 22, 23, 24, 25, 26, 27, 28, 29, 30, 31, 32, 33, 34, 35, 36, 37, 38, 39, 40]
A = [(1, 25), (25, 1), (1, 37), (37, 1), (2, 4), (4, 2), (2, 15), (15, 2), (2, 25), (25, 2), (2, 30), (30, 2), (2, 37), (37, 2), (3, 10), (10, 3), (3, 14), (14, 3), (3, 19), (19, 3), (3, 25), (25, 3), (3, 27), (27, 3), (3, 31), (31, 3), (3, 35), (35, 3), (4, 9), (9, 4), (4, 18), (18, 4), (4, 22), (22, 4), (5, 15), (15, 5), (5, 22), (22, 5), (5, 28), (28, 5), (5, 30), (30, 5), (5, 38), (38, 5), (5, 40), (40, 5), (6, 11), (11, 6), (6, 12), (12, 6), (6, 24), (24, 6), (6, 26), (26, 6), (6, 28), (28, 6), (6, 32), (32, 6), (6, 38), (38, 6), (7, 8), (8, 7), (7, 16), (16, 7), (7, 17), (17, 7), (7, 23), (23, 7), (7, 25), (25, 7), (7, 31), (31, 7), (7, 40), (40, 7), (8, 11), (11, 8), (8, 13), (13, 8), (8, 24), (24, 8), (8, 25), (25, 8), (8, 29), (29, 8), (8, 36), (36, 8), (8, 39), (39, 8), (9, 25), (25, 9), (10, 34), (34, 10), (11, 16), (16, 11), (11, 17), (17, 11), (11, 18), (18, 11), (11, 31), (31, 11), (11, 38), (38, 11), (12, 13), (13, 12), (12, 22), (22, 12), (12, 35), (35, 12), (13, 18), (18, 13), (14, 21), (21, 14), (14, 23), (23, 14), (15, 28), (28, 15), (15, 31), (31, 15), (15, 34), (34, 15), (15, 39), (39, 15), (16, 25), (25, 16), (16, 27), (27, 16), (17, 18), (18, 17), (18, 21), (21, 18), (18, 32), (32, 18), (18, 37), (37, 18), (19, 25), (25, 19), (19, 26), (26, 19), (19, 29), (29, 19), (19, 33), (33, 19), (19, 39), (39, 19), (20, 24), (24, 20), (20, 25), (25, 20), (20, 33), (33, 20), (20, 34), (34, 20), (20, 37), (37, 20), (21, 30), (30, 21), (22, 24), (24, 22), (22, 37), (37, 22), (23, 29), (29, 23), (24, 26), (26, 24), (24, 29), (29, 24), (25, 29), (29, 25), (25, 32), (32, 25), (25, 37), (37, 25), (26, 27), (27, 26), (26, 32), (32, 26), (26, 38), (38, 26), (27, 37), (37, 27), (28, 32), (32, 28), (28, 33), (33, 28), (28, 37), (37, 28), (28, 39), (39, 28), (30, 40), (40, 30), (31, 34), (34, 31), (31, 39), (39, 31), (32, 37), (37, 32), (32, 40), (40, 32), (35, 40), (40, 35), (39, 40), (40, 39)]
Z_dad = [18, 25, 37]
Y_dad = [6]
X_dad = [2, 8, 22]
Z_da-ad = [4, 8, 25]
Y_da-ad = [37]
X_da-ad = [10, 12, 18]
