no              #fail
224.336         #totTm
217.175         #lastADTm
6               #itDAD
1.000           #avItADGoal
309             #itADOpt
61              #opt
61              #optDA-AD
2.602           #tmDA
0.0             #relGain

V = [1, 2, 3, 4, 5, 6, 7, 8, 9, 10, 11, 12, 13, 14, 15, 16, 17, 18, 19, 20, 21, 22, 23, 24, 25, 26, 27, 28, 29, 30, 31, 32, 33, 34, 35, 36, 37, 38, 39, 40, 41, 42, 43, 44, 45, 46, 47, 48, 49, 50, 51, 52, 53, 54, 55, 56, 57, 58, 59, 60, 61, 62, 63, 64, 65, 66, 67, 68, 69, 70, 71, 72, 73, 74, 75, 76, 77, 78, 79, 80]
A = [(2, 1), (1, 2), (3, 2), (2, 3), (4, 3), (3, 4), (5, 3), (3, 5), (6, 3), (3, 6), (7, 2), (2, 7), (8, 7), (7, 8), (9, 1), (1, 9), (10, 9), (9, 10), (11, 4), (4, 11), (12, 5), (5, 12), (13, 11), (11, 13), (14, 2), (2, 14), (15, 3), (3, 15), (16, 6), (6, 16), (17, 12), (12, 17), (18, 16), (16, 18), (19, 16), (16, 19), (20, 17), (17, 20), (21, 17), (17, 21), (22, 4), (4, 22), (23, 15), (15, 23), (24, 3), (3, 24), (25, 13), (13, 25), (26, 20), (20, 26), (27, 23), (23, 27), (28, 13), (13, 28), (29, 15), (15, 29), (30, 17), (17, 30), (31, 7), (7, 31), (32, 6), (6, 32), (33, 2), (2, 33), (34, 20), (20, 34), (35, 29), (29, 35), (36, 29), (29, 36), (37, 29), (29, 37), (38, 21), (21, 38), (39, 27), (27, 39), (40, 3), (3, 40), (41, 11), (11, 41), (42, 39), (39, 42), (43, 31), (31, 43), (44, 14), (14, 44), (45, 35), (35, 45), (46, 5), (5, 46), (47, 40), (40, 47), (48, 21), (21, 48), (49, 44), (44, 49), (50, 8), (8, 50), (51, 33), (33, 51), (52, 46), (46, 52), (53, 25), (25, 53), (54, 53), (53, 54), (55, 41), (41, 55), (56, 31), (31, 56), (57, 27), (27, 57), (58, 15), (15, 58), (59, 22), (22, 59), (60, 53), (53, 60), (61, 9), (9, 61), (62, 13), (13, 62), (63, 23), (23, 63), (64, 51), (51, 64), (65, 27), (27, 65), (66, 25), (25, 66), (67, 7), (7, 67), (68, 28), (28, 68), (69, 56), (56, 69), (70, 49), (49, 70), (71, 56), (56, 71), (72, 22), (22, 72), (73, 16), (16, 73), (74, 37), (37, 74), (75, 45), (45, 75), (76, 21), (21, 76), (77, 22), (22, 77), (78, 74), (74, 78), (79, 60), (60, 79), (80, 37), (37, 80)]
Z_dad = [3, 7]
Y_dad = [13, 29]
X_dad = [11, 15]
Z_da-ad = [2, 3]
Y_da-ad = [13, 29]
X_da-ad = [11, 15]
