no              #fail
208.154         #totTm
204.343         #lastADTm
7               #itDAD
1.000           #avItADGoal
330             #itADOpt
56              #opt
56              #optDA-AD
3.086           #tmDA
0.0             #relGain

V = [1, 2, 3, 4, 5, 6, 7, 8, 9, 10, 11, 12, 13, 14, 15, 16, 17, 18, 19, 20, 21, 22, 23, 24, 25, 26, 27, 28, 29, 30, 31, 32, 33, 34, 35, 36, 37, 38, 39, 40, 41, 42, 43, 44, 45, 46, 47, 48, 49, 50, 51, 52, 53, 54, 55, 56, 57, 58, 59, 60, 61, 62, 63, 64, 65, 66, 67, 68, 69, 70, 71, 72, 73, 74, 75, 76, 77, 78, 79, 80]
A = [(2, 1), (1, 2), (3, 1), (1, 3), (4, 3), (3, 4), (5, 2), (2, 5), (6, 5), (5, 6), (7, 4), (4, 7), (8, 6), (6, 8), (9, 5), (5, 9), (10, 2), (2, 10), (11, 9), (9, 11), (12, 7), (7, 12), (13, 5), (5, 13), (14, 12), (12, 14), (15, 6), (6, 15), (16, 1), (1, 16), (17, 6), (6, 17), (18, 6), (6, 18), (19, 12), (12, 19), (20, 1), (1, 20), (21, 1), (1, 21), (22, 14), (14, 22), (23, 7), (7, 23), (24, 5), (5, 24), (25, 13), (13, 25), (26, 19), (19, 26), (27, 25), (25, 27), (28, 10), (10, 28), (29, 19), (19, 29), (30, 9), (9, 30), (31, 14), (14, 31), (32, 2), (2, 32), (33, 1), (1, 33), (34, 15), (15, 34), (35, 1), (1, 35), (36, 18), (18, 36), (37, 21), (21, 37), (38, 16), (16, 38), (39, 23), (23, 39), (40, 12), (12, 40), (41, 20), (20, 41), (42, 27), (27, 42), (43, 21), (21, 43), (44, 8), (8, 44), (45, 9), (9, 45), (46, 36), (36, 46), (47, 25), (25, 47), (48, 36), (36, 48), (49, 46), (46, 49), (50, 30), (30, 50), (51, 10), (10, 51), (52, 51), (51, 52), (53, 25), (25, 53), (54, 15), (15, 54), (55, 47), (47, 55), (56, 13), (13, 56), (57, 40), (40, 57), (58, 35), (35, 58), (59, 8), (8, 59), (60, 51), (51, 60), (61, 25), (25, 61), (62, 44), (44, 62), (63, 14), (14, 63), (64, 51), (51, 64), (65, 48), (48, 65), (66, 10), (10, 66), (67, 42), (42, 67), (68, 57), (57, 68), (69, 62), (62, 69), (70, 7), (7, 70), (71, 18), (18, 71), (72, 62), (62, 72), (73, 35), (35, 73), (74, 20), (20, 74), (75, 50), (50, 75), (76, 20), (20, 76), (77, 67), (67, 77), (78, 22), (22, 78), (79, 6), (6, 79), (80, 53), (53, 80)]
Z_dad = [1, 5]
Y_dad = [6, 12]
X_dad = [7, 18]
Z_da-ad = [1, 5]
Y_da-ad = [6, 12]
X_da-ad = [7, 18]
