no              #fail
284.936         #totTm
281.231         #lastADTm
5               #itDAD
1.000           #avItADGoal
428             #itADOpt
64              #opt
64              #optDA-AD
4.376           #tmDA
0.0             #relGain

V = [1, 2, 3, 4, 5, 6, 7, 8, 9, 10, 11, 12, 13, 14, 15, 16, 17, 18, 19, 20, 21, 22, 23, 24, 25, 26, 27, 28, 29, 30, 31, 32, 33, 34, 35, 36, 37, 38, 39, 40, 41, 42, 43, 44, 45, 46, 47, 48, 49, 50, 51, 52, 53, 54, 55, 56, 57, 58, 59, 60, 61, 62, 63, 64, 65, 66, 67, 68, 69, 70, 71, 72, 73, 74, 75, 76, 77, 78, 79, 80]
A = [(2, 1), (1, 2), (3, 2), (2, 3), (4, 2), (2, 4), (5, 4), (4, 5), (6, 4), (4, 6), (7, 1), (1, 7), (8, 5), (5, 8), (9, 2), (2, 9), (10, 8), (8, 10), (11, 5), (5, 11), (12, 2), (2, 12), (13, 11), (11, 13), (14, 5), (5, 14), (15, 3), (3, 15), (16, 2), (2, 16), (17, 6), (6, 17), (18, 1), (1, 18), (19, 10), (10, 19), (20, 6), (6, 20), (21, 2), (2, 21), (22, 13), (13, 22), (23, 11), (11, 23), (24, 21), (21, 24), (25, 17), (17, 25), (26, 23), (23, 26), (27, 21), (21, 27), (28, 27), (27, 28), (29, 7), (7, 29), (30, 21), (21, 30), (31, 9), (9, 31), (32, 6), (6, 32), (33, 5), (5, 33), (34, 23), (23, 34), (35, 2), (2, 35), (36, 11), (11, 36), (37, 22), (22, 37), (38, 32), (32, 38), (39, 8), (8, 39), (40, 14), (14, 40), (41, 40), (40, 41), (42, 28), (28, 42), (43, 42), (42, 43), (44, 31), (31, 44), (45, 9), (9, 45), (46, 1), (1, 46), (47, 2), (2, 47), (48, 28), (28, 48), (49, 32), (32, 49), (50, 21), (21, 50), (51, 28), (28, 51), (52, 31), (31, 52), (53, 31), (31, 53), (54, 25), (25, 54), (55, 38), (38, 55), (56, 6), (6, 56), (57, 9), (9, 57), (58, 45), (45, 58), (59, 21), (21, 59), (60, 14), (14, 60), (61, 58), (58, 61), (62, 30), (30, 62), (63, 30), (30, 63), (64, 12), (12, 64), (65, 4), (4, 65), (66, 52), (52, 66), (67, 1), (1, 67), (68, 60), (60, 68), (69, 61), (61, 69), (70, 40), (40, 70), (71, 49), (49, 71), (72, 60), (60, 72), (73, 27), (27, 73), (74, 15), (15, 74), (75, 7), (7, 75), (76, 30), (30, 76), (77, 32), (32, 77), (78, 35), (35, 78), (79, 27), (27, 79), (80, 70), (70, 80)]
Z_dad = [2, 5]
Y_dad = [6, 21]
X_dad = [27, 32]
Z_da-ad = [2, 5]
Y_da-ad = [6, 21]
X_da-ad = [27, 32]
