no              #fail
281.244         #totTm
277.057         #lastADTm
6               #itDAD
1.000           #avItADGoal
422             #itADOpt
61              #opt
61              #optDA-AD
4.837           #tmDA
0.0             #relGain

V = [1, 2, 3, 4, 5, 6, 7, 8, 9, 10, 11, 12, 13, 14, 15, 16, 17, 18, 19, 20, 21, 22, 23, 24, 25, 26, 27, 28, 29, 30, 31, 32, 33, 34, 35, 36, 37, 38, 39, 40, 41, 42, 43, 44, 45, 46, 47, 48, 49, 50, 51, 52, 53, 54, 55, 56, 57, 58, 59, 60, 61, 62, 63, 64, 65, 66, 67, 68, 69, 70, 71, 72, 73, 74, 75, 76, 77, 78, 79, 80]
A = [(2, 1), (1, 2), (3, 1), (1, 3), (4, 1), (1, 4), (5, 1), (1, 5), (6, 2), (2, 6), (7, 5), (5, 7), (8, 6), (6, 8), (9, 8), (8, 9), (10, 8), (8, 10), (11, 1), (1, 11), (12, 5), (5, 12), (13, 4), (4, 13), (14, 12), (12, 14), (15, 3), (3, 15), (16, 7), (7, 16), (17, 12), (12, 17), (18, 15), (15, 18), (19, 1), (1, 19), (20, 6), (6, 20), (21, 14), (14, 21), (22, 5), (5, 22), (23, 8), (8, 23), (24, 3), (3, 24), (25, 12), (12, 25), (26, 12), (12, 26), (27, 25), (25, 27), (28, 8), (8, 28), (29, 20), (20, 29), (30, 8), (8, 30), (31, 4), (4, 31), (32, 28), (28, 32), (33, 13), (13, 33), (34, 8), (8, 34), (35, 19), (19, 35), (36, 27), (27, 36), (37, 22), (22, 37), (38, 12), (12, 38), (39, 19), (19, 39), (40, 5), (5, 40), (41, 23), (23, 41), (42, 31), (31, 42), (43, 35), (35, 43), (44, 4), (4, 44), (45, 5), (5, 45), (46, 43), (43, 46), (47, 34), (34, 47), (48, 23), (23, 48), (49, 37), (37, 49), (50, 15), (15, 50), (51, 15), (15, 51), (52, 47), (47, 52), (53, 28), (28, 53), (54, 19), (19, 54), (55, 53), (53, 55), (56, 28), (28, 56), (57, 50), (50, 57), (58, 42), (42, 58), (59, 52), (52, 59), (60, 3), (3, 60), (61, 57), (57, 61), (62, 3), (3, 62), (63, 11), (11, 63), (64, 48), (48, 64), (65, 21), (21, 65), (66, 8), (8, 66), (67, 47), (47, 67), (68, 10), (10, 68), (69, 14), (14, 69), (70, 3), (3, 70), (71, 56), (56, 71), (72, 51), (51, 72), (73, 28), (28, 73), (74, 16), (16, 74), (75, 3), (3, 75), (76, 35), (35, 76), (77, 22), (22, 77), (78, 37), (37, 78), (79, 74), (74, 79), (80, 34), (34, 80)]
Z_dad = [1, 8]
Y_dad = [5, 15]
X_dad = [3, 12]
Z_da-ad = [1, 8]
Y_da-ad = [5, 15]
X_da-ad = [3, 12]
