no              #fail
135.981         #totTm
131.821         #lastADTm
6               #itDAD
1.000           #avItADGoal
252             #itADOpt
61              #opt
58              #optDA-AD
3.94            #tmDA
4.9             #relGain

V = [1, 2, 3, 4, 5, 6, 7, 8, 9, 10, 11, 12, 13, 14, 15, 16, 17, 18, 19, 20, 21, 22, 23, 24, 25, 26, 27, 28, 29, 30, 31, 32, 33, 34, 35, 36, 37, 38, 39, 40, 41, 42, 43, 44, 45, 46, 47, 48, 49, 50, 51, 52, 53, 54, 55, 56, 57, 58, 59, 60, 61, 62, 63, 64, 65, 66, 67, 68, 69, 70, 71, 72, 73, 74, 75, 76, 77, 78, 79, 80]
A = [(2, 1), (1, 2), (3, 2), (2, 3), (4, 3), (3, 4), (5, 3), (3, 5), (6, 1), (1, 6), (7, 4), (4, 7), (8, 7), (7, 8), (9, 7), (7, 9), (10, 6), (6, 10), (11, 8), (8, 11), (12, 9), (9, 12), (13, 7), (7, 13), (14, 5), (5, 14), (15, 8), (8, 15), (16, 11), (11, 16), (17, 3), (3, 17), (18, 16), (16, 18), (19, 5), (5, 19), (20, 16), (16, 20), (21, 19), (19, 21), (22, 16), (16, 22), (23, 16), (16, 23), (24, 22), (22, 24), (25, 9), (9, 25), (26, 2), (2, 26), (27, 18), (18, 27), (28, 23), (23, 28), (29, 1), (1, 29), (30, 6), (6, 30), (31, 18), (18, 31), (32, 28), (28, 32), (33, 3), (3, 33), (34, 9), (9, 34), (35, 33), (33, 35), (36, 9), (9, 36), (37, 15), (15, 37), (38, 3), (3, 38), (39, 10), (10, 39), (40, 8), (8, 40), (41, 19), (19, 41), (42, 1), (1, 42), (43, 27), (27, 43), (44, 16), (16, 44), (45, 16), (16, 45), (46, 22), (22, 46), (47, 9), (9, 47), (48, 41), (41, 48), (49, 30), (30, 49), (50, 8), (8, 50), (51, 25), (25, 51), (52, 42), (42, 52), (53, 46), (46, 53), (54, 44), (44, 54), (55, 26), (26, 55), (56, 26), (26, 56), (57, 45), (45, 57), (58, 45), (45, 58), (59, 51), (51, 59), (60, 21), (21, 60), (61, 50), (50, 61), (62, 44), (44, 62), (63, 56), (56, 63), (64, 2), (2, 64), (65, 28), (28, 65), (66, 50), (50, 66), (67, 22), (22, 67), (68, 25), (25, 68), (69, 1), (1, 69), (70, 57), (57, 70), (71, 60), (60, 71), (72, 43), (43, 72), (73, 70), (70, 73), (74, 26), (26, 74), (75, 74), (74, 75), (76, 46), (46, 76), (77, 44), (44, 77), (78, 1), (1, 78), (79, 40), (40, 79), (80, 54), (54, 80)]
Z_dad = [7, 16]
Y_dad = [1, 5]
X_dad = [2, 3]
Z_da-ad = [3, 16]
Y_da-ad = [1, 7]
X_da-ad = [8, 9]
