no              #fail
164.982         #totTm
157.034         #lastADTm
9               #itDAD
1.000           #avItADGoal
312             #itADOpt
61              #opt
61              #optDA-AD
3.25            #tmDA
0.0             #relGain

V = [1, 2, 3, 4, 5, 6, 7, 8, 9, 10, 11, 12, 13, 14, 15, 16, 17, 18, 19, 20, 21, 22, 23, 24, 25, 26, 27, 28, 29, 30, 31, 32, 33, 34, 35, 36, 37, 38, 39, 40, 41, 42, 43, 44, 45, 46, 47, 48, 49, 50, 51, 52, 53, 54, 55, 56, 57, 58, 59, 60, 61, 62, 63, 64, 65, 66, 67, 68, 69, 70, 71, 72, 73, 74, 75, 76, 77, 78, 79, 80]
A = [(2, 1), (1, 2), (3, 1), (1, 3), (4, 2), (2, 4), (5, 4), (4, 5), (6, 4), (4, 6), (7, 6), (6, 7), (8, 7), (7, 8), (9, 4), (4, 9), (10, 6), (6, 10), (11, 1), (1, 11), (12, 3), (3, 12), (13, 6), (6, 13), (14, 10), (10, 14), (15, 7), (7, 15), (16, 12), (12, 16), (17, 14), (14, 17), (18, 9), (9, 18), (19, 4), (4, 19), (20, 6), (6, 20), (21, 9), (9, 21), (22, 10), (10, 22), (23, 9), (9, 23), (24, 4), (4, 24), (25, 13), (13, 25), (26, 1), (1, 26), (27, 7), (7, 27), (28, 22), (22, 28), (29, 10), (10, 29), (30, 28), (28, 30), (31, 8), (8, 31), (32, 31), (31, 32), (33, 29), (29, 33), (34, 16), (16, 34), (35, 13), (13, 35), (36, 35), (35, 36), (37, 32), (32, 37), (38, 23), (23, 38), (39, 27), (27, 39), (40, 16), (16, 40), (41, 31), (31, 41), (42, 30), (30, 42), (43, 30), (30, 43), (44, 13), (13, 44), (45, 41), (41, 45), (46, 15), (15, 46), (47, 31), (31, 47), (48, 3), (3, 48), (49, 28), (28, 49), (50, 10), (10, 50), (51, 4), (4, 51), (52, 28), (28, 52), (53, 41), (41, 53), (54, 6), (6, 54), (55, 51), (51, 55), (56, 15), (15, 56), (57, 32), (32, 57), (58, 31), (31, 58), (59, 35), (35, 59), (60, 19), (19, 60), (61, 1), (1, 61), (62, 9), (9, 62), (63, 34), (34, 63), (64, 30), (30, 64), (65, 21), (21, 65), (66, 5), (5, 66), (67, 27), (27, 67), (68, 49), (49, 68), (69, 34), (34, 69), (70, 62), (62, 70), (71, 67), (67, 71), (72, 50), (50, 72), (73, 7), (7, 73), (74, 9), (9, 74), (75, 62), (62, 75), (76, 28), (28, 76), (77, 34), (34, 77), (78, 47), (47, 78), (79, 59), (59, 79), (80, 19), (19, 80)]
Z_dad = [4, 6]
Y_dad = [28, 31]
X_dad = [8, 22]
Z_da-ad = [4, 6]
Y_da-ad = [28, 31]
X_da-ad = [8, 22]
