no              #fail
228.078         #totTm
221.572         #lastADTm
8               #itDAD
1.000           #avItADGoal
387             #itADOpt
57              #opt
57              #optDA-AD
4.207           #tmDA
0.0             #relGain

V = [1, 2, 3, 4, 5, 6, 7, 8, 9, 10, 11, 12, 13, 14, 15, 16, 17, 18, 19, 20, 21, 22, 23, 24, 25, 26, 27, 28, 29, 30, 31, 32, 33, 34, 35, 36, 37, 38, 39, 40, 41, 42, 43, 44, 45, 46, 47, 48, 49, 50, 51, 52, 53, 54, 55, 56, 57, 58, 59, 60, 61, 62, 63, 64, 65, 66, 67, 68, 69, 70, 71, 72, 73, 74, 75, 76, 77, 78, 79, 80]
A = [(2, 1), (1, 2), (3, 1), (1, 3), (4, 1), (1, 4), (5, 3), (3, 5), (6, 5), (5, 6), (7, 4), (4, 7), (8, 2), (2, 8), (9, 7), (7, 9), (10, 3), (3, 10), (11, 10), (10, 11), (12, 1), (1, 12), (13, 5), (5, 13), (14, 10), (10, 14), (15, 14), (14, 15), (16, 6), (6, 16), (17, 12), (12, 17), (18, 10), (10, 18), (19, 6), (6, 19), (20, 8), (8, 20), (21, 14), (14, 21), (22, 21), (21, 22), (23, 6), (6, 23), (24, 4), (4, 24), (25, 23), (23, 25), (26, 12), (12, 26), (27, 19), (19, 27), (28, 9), (9, 28), (29, 10), (10, 29), (30, 25), (25, 30), (31, 20), (20, 31), (32, 9), (9, 32), (33, 18), (18, 33), (34, 8), (8, 34), (35, 28), (28, 35), (36, 1), (1, 36), (37, 6), (6, 37), (38, 23), (23, 38), (39, 15), (15, 39), (40, 31), (31, 40), (41, 39), (39, 41), (42, 18), (18, 42), (43, 31), (31, 43), (44, 22), (22, 44), (45, 31), (31, 45), (46, 7), (7, 46), (47, 36), (36, 47), (48, 19), (19, 48), (49, 32), (32, 49), (50, 29), (29, 50), (51, 15), (15, 51), (52, 45), (45, 52), (53, 28), (28, 53), (54, 39), (39, 54), (55, 4), (4, 55), (56, 28), (28, 56), (57, 32), (32, 57), (58, 48), (48, 58), (59, 30), (30, 59), (60, 59), (59, 60), (61, 11), (11, 61), (62, 51), (51, 62), (63, 12), (12, 63), (64, 26), (26, 64), (65, 10), (10, 65), (66, 10), (10, 66), (67, 35), (35, 67), (68, 51), (51, 68), (69, 49), (49, 69), (70, 44), (44, 70), (71, 33), (33, 71), (72, 23), (23, 72), (73, 40), (40, 73), (74, 19), (19, 74), (75, 19), (19, 75), (76, 3), (3, 76), (77, 58), (58, 77), (78, 43), (43, 78), (79, 3), (3, 79), (80, 10), (10, 80)]
Z_dad = [1, 10]
Y_dad = [6, 9]
X_dad = [19, 23]
Z_da-ad = [1, 10]
Y_da-ad = [6, 9]
X_da-ad = [19, 23]
