no              #fail
207.869         #totTm
202.936         #lastADTm
7               #itDAD
1.000           #avItADGoal
305             #itADOpt
60              #opt
60              #optDA-AD
2.578           #tmDA
0.0             #relGain

V = [1, 2, 3, 4, 5, 6, 7, 8, 9, 10, 11, 12, 13, 14, 15, 16, 17, 18, 19, 20, 21, 22, 23, 24, 25, 26, 27, 28, 29, 30, 31, 32, 33, 34, 35, 36, 37, 38, 39, 40, 41, 42, 43, 44, 45, 46, 47, 48, 49, 50, 51, 52, 53, 54, 55, 56, 57, 58, 59, 60, 61, 62, 63, 64, 65, 66, 67, 68, 69, 70, 71, 72, 73, 74, 75, 76, 77, 78, 79, 80]
A = [(2, 1), (1, 2), (3, 1), (1, 3), (4, 2), (2, 4), (5, 1), (1, 5), (6, 5), (5, 6), (7, 6), (6, 7), (8, 2), (2, 8), (9, 6), (6, 9), (10, 3), (3, 10), (11, 7), (7, 11), (12, 7), (7, 12), (13, 9), (9, 13), (14, 4), (4, 14), (15, 13), (13, 15), (16, 1), (1, 16), (17, 11), (11, 17), (18, 2), (2, 18), (19, 14), (14, 19), (20, 17), (17, 20), (21, 7), (7, 21), (22, 9), (9, 22), (23, 14), (14, 23), (24, 20), (20, 24), (25, 3), (3, 25), (26, 24), (24, 26), (27, 20), (20, 27), (28, 1), (1, 28), (29, 12), (12, 29), (30, 22), (22, 30), (31, 30), (30, 31), (32, 2), (2, 32), (33, 18), (18, 33), (34, 11), (11, 34), (35, 10), (10, 35), (36, 7), (7, 36), (37, 19), (19, 37), (38, 36), (36, 38), (39, 27), (27, 39), (40, 26), (26, 40), (41, 7), (7, 41), (42, 41), (41, 42), (43, 3), (3, 43), (44, 38), (38, 44), (45, 40), (40, 45), (46, 21), (21, 46), (47, 3), (3, 47), (48, 44), (44, 48), (49, 21), (21, 49), (50, 4), (4, 50), (51, 32), (32, 51), (52, 43), (43, 52), (53, 3), (3, 53), (54, 14), (14, 54), (55, 30), (30, 55), (56, 19), (19, 56), (57, 43), (43, 57), (58, 41), (41, 58), (59, 16), (16, 59), (60, 59), (59, 60), (61, 35), (35, 61), (62, 17), (17, 62), (63, 14), (14, 63), (64, 62), (62, 64), (65, 17), (17, 65), (66, 30), (30, 66), (67, 45), (45, 67), (68, 67), (67, 68), (69, 10), (10, 69), (70, 36), (36, 70), (71, 64), (64, 71), (72, 66), (66, 72), (73, 67), (67, 73), (74, 20), (20, 74), (75, 8), (8, 75), (76, 15), (15, 76), (77, 6), (6, 77), (78, 52), (52, 78), (79, 77), (77, 79), (80, 16), (16, 80)]
Z_dad = [1, 7]
Y_dad = [4, 20]
X_dad = [2, 17]
Z_da-ad = [1, 7]
Y_da-ad = [4, 20]
X_da-ad = [2, 17]
