no              #fail
183.053         #totTm
176.379         #lastADTm
8               #itDAD
1.000           #avItADGoal
360             #itADOpt
59              #opt
57              #optDA-AD
2.322           #tmDA
3.4             #relGain

V = [1, 2, 3, 4, 5, 6, 7, 8, 9, 10, 11, 12, 13, 14, 15, 16, 17, 18, 19, 20, 21, 22, 23, 24, 25, 26, 27, 28, 29, 30, 31, 32, 33, 34, 35, 36, 37, 38, 39, 40, 41, 42, 43, 44, 45, 46, 47, 48, 49, 50, 51, 52, 53, 54, 55, 56, 57, 58, 59, 60, 61, 62, 63, 64, 65, 66, 67, 68, 69, 70, 71, 72, 73, 74, 75, 76, 77, 78, 79, 80]
A = [(2, 1), (1, 2), (3, 1), (1, 3), (4, 2), (2, 4), (5, 3), (3, 5), (6, 2), (2, 6), (7, 4), (4, 7), (8, 3), (3, 8), (9, 6), (6, 9), (10, 7), (7, 10), (11, 9), (9, 11), (12, 1), (1, 12), (13, 10), (10, 13), (14, 7), (7, 14), (15, 7), (7, 15), (16, 6), (6, 16), (17, 4), (4, 17), (18, 3), (3, 18), (19, 12), (12, 19), (20, 1), (1, 20), (21, 16), (16, 21), (22, 10), (10, 22), (23, 7), (7, 23), (24, 22), (22, 24), (25, 13), (13, 25), (26, 6), (6, 26), (27, 9), (9, 27), (28, 4), (4, 28), (29, 19), (19, 29), (30, 29), (29, 30), (31, 21), (21, 31), (32, 12), (12, 32), (33, 18), (18, 33), (34, 19), (19, 34), (35, 23), (23, 35), (36, 6), (6, 36), (37, 19), (19, 37), (38, 7), (7, 38), (39, 9), (9, 39), (40, 9), (9, 40), (41, 29), (29, 41), (42, 26), (26, 42), (43, 32), (32, 43), (44, 28), (28, 44), (45, 9), (9, 45), (46, 40), (40, 46), (47, 36), (36, 47), (48, 7), (7, 48), (49, 36), (36, 49), (50, 16), (16, 50), (51, 22), (22, 51), (52, 19), (19, 52), (53, 25), (25, 53), (54, 21), (21, 54), (55, 53), (53, 55), (56, 3), (3, 56), (57, 18), (18, 57), (58, 50), (50, 58), (59, 15), (15, 59), (60, 43), (43, 60), (61, 5), (5, 61), (62, 21), (21, 62), (63, 32), (32, 63), (64, 32), (32, 64), (65, 32), (32, 65), (66, 5), (5, 66), (67, 54), (54, 67), (68, 3), (3, 68), (69, 64), (64, 69), (70, 3), (3, 70), (71, 42), (42, 71), (72, 53), (53, 72), (73, 64), (64, 73), (74, 24), (24, 74), (75, 6), (6, 75), (76, 34), (34, 76), (77, 17), (17, 77), (78, 50), (50, 78), (79, 57), (57, 79), (80, 72), (72, 80)]
Z_dad = [6, 7]
Y_dad = [3, 12]
X_dad = [1, 32]
Z_da-ad = [1, 6]
Y_da-ad = [7, 12]
X_da-ad = [10, 19]
