no              #fail
233.543         #totTm
230.637         #lastADTm
6               #itDAD
1.000           #avItADGoal
395             #itADOpt
63              #opt
63              #optDA-AD
4.532           #tmDA
0.0             #relGain

V = [1, 2, 3, 4, 5, 6, 7, 8, 9, 10, 11, 12, 13, 14, 15, 16, 17, 18, 19, 20, 21, 22, 23, 24, 25, 26, 27, 28, 29, 30, 31, 32, 33, 34, 35, 36, 37, 38, 39, 40, 41, 42, 43, 44, 45, 46, 47, 48, 49, 50, 51, 52, 53, 54, 55, 56, 57, 58, 59, 60, 61, 62, 63, 64, 65, 66, 67, 68, 69, 70, 71, 72, 73, 74, 75, 76, 77, 78, 79, 80]
A = [(2, 1), (1, 2), (3, 1), (1, 3), (4, 1), (1, 4), (5, 4), (4, 5), (6, 3), (3, 6), (7, 1), (1, 7), (8, 4), (4, 8), (9, 4), (4, 9), (10, 7), (7, 10), (11, 6), (6, 11), (12, 5), (5, 12), (13, 2), (2, 13), (14, 8), (8, 14), (15, 5), (5, 15), (16, 6), (6, 16), (17, 16), (16, 17), (18, 10), (10, 18), (19, 16), (16, 19), (20, 16), (16, 20), (21, 2), (2, 21), (22, 15), (15, 22), (23, 7), (7, 23), (24, 14), (14, 24), (25, 8), (8, 25), (26, 6), (6, 26), (27, 4), (4, 27), (28, 7), (7, 28), (29, 3), (3, 29), (30, 23), (23, 30), (31, 12), (12, 31), (32, 29), (29, 32), (33, 26), (26, 33), (34, 29), (29, 34), (35, 15), (15, 35), (36, 35), (35, 36), (37, 12), (12, 37), (38, 27), (27, 38), (39, 15), (15, 39), (40, 7), (7, 40), (41, 40), (40, 41), (42, 1), (1, 42), (43, 42), (42, 43), (44, 2), (2, 44), (45, 17), (17, 45), (46, 5), (5, 46), (47, 44), (44, 47), (48, 34), (34, 48), (49, 32), (32, 49), (50, 47), (47, 50), (51, 3), (3, 51), (52, 1), (1, 52), (53, 12), (12, 53), (54, 6), (6, 54), (55, 45), (45, 55), (56, 40), (40, 56), (57, 1), (1, 57), (58, 50), (50, 58), (59, 19), (19, 59), (60, 12), (12, 60), (61, 34), (34, 61), (62, 4), (4, 62), (63, 52), (52, 63), (64, 49), (49, 64), (65, 5), (5, 65), (66, 24), (24, 66), (67, 1), (1, 67), (68, 26), (26, 68), (69, 3), (3, 69), (70, 44), (44, 70), (71, 67), (67, 71), (72, 28), (28, 72), (73, 32), (32, 73), (74, 35), (35, 74), (75, 34), (34, 75), (76, 65), (65, 76), (77, 20), (20, 77), (78, 26), (26, 78), (79, 35), (35, 79), (80, 65), (65, 80)]
Z_dad = [1, 5]
Y_dad = [6, 7]
X_dad = [3, 16]
Z_da-ad = [1, 5]
Y_da-ad = [6, 7]
X_da-ad = [3, 16]
