no              #fail
131.291         #totTm
127.754         #lastADTm
6               #itDAD
1.000           #avItADGoal
268             #itADOpt
58              #opt
57              #optDA-AD
3.246           #tmDA
1.7             #relGain

V = [1, 2, 3, 4, 5, 6, 7, 8, 9, 10, 11, 12, 13, 14, 15, 16, 17, 18, 19, 20, 21, 22, 23, 24, 25, 26, 27, 28, 29, 30, 31, 32, 33, 34, 35, 36, 37, 38, 39, 40, 41, 42, 43, 44, 45, 46, 47, 48, 49, 50, 51, 52, 53, 54, 55, 56, 57, 58, 59, 60, 61, 62, 63, 64, 65, 66, 67, 68, 69, 70, 71, 72, 73, 74, 75, 76, 77, 78, 79, 80]
A = [(2, 1), (1, 2), (3, 2), (2, 3), (4, 2), (2, 4), (5, 4), (4, 5), (6, 4), (4, 6), (7, 3), (3, 7), (8, 2), (2, 8), (9, 4), (4, 9), (10, 5), (5, 10), (11, 7), (7, 11), (12, 7), (7, 12), (13, 11), (11, 13), (14, 12), (12, 14), (15, 11), (11, 15), (16, 15), (15, 16), (17, 9), (9, 17), (18, 14), (14, 18), (19, 5), (5, 19), (20, 15), (15, 20), (21, 13), (13, 21), (22, 4), (4, 22), (23, 6), (6, 23), (24, 23), (23, 24), (25, 18), (18, 25), (26, 21), (21, 26), (27, 5), (5, 27), (28, 4), (4, 28), (29, 2), (2, 29), (30, 10), (10, 30), (31, 8), (8, 31), (32, 9), (9, 32), (33, 32), (32, 33), (34, 19), (19, 34), (35, 12), (12, 35), (36, 5), (5, 36), (37, 3), (3, 37), (38, 1), (1, 38), (39, 28), (28, 39), (40, 28), (28, 40), (41, 6), (6, 41), (42, 34), (34, 42), (43, 28), (28, 43), (44, 13), (13, 44), (45, 10), (10, 45), (46, 23), (23, 46), (47, 12), (12, 47), (48, 23), (23, 48), (49, 7), (7, 49), (50, 47), (47, 50), (51, 27), (27, 51), (52, 27), (27, 52), (53, 25), (25, 53), (54, 30), (30, 54), (55, 38), (38, 55), (56, 11), (11, 56), (57, 16), (16, 57), (58, 17), (17, 58), (59, 45), (45, 59), (60, 4), (4, 60), (61, 49), (49, 61), (62, 38), (38, 62), (63, 56), (56, 63), (64, 9), (9, 64), (65, 51), (51, 65), (66, 27), (27, 66), (67, 45), (45, 67), (68, 59), (59, 68), (69, 56), (56, 69), (70, 20), (20, 70), (71, 36), (36, 71), (72, 57), (57, 72), (73, 1), (1, 73), (74, 3), (3, 74), (75, 51), (51, 75), (76, 13), (13, 76), (77, 63), (63, 77), (78, 43), (43, 78), (79, 42), (42, 79), (80, 23), (23, 80)]
Z_dad = [4, 5]
Y_dad = [2, 11]
X_dad = [7, 15]
Z_da-ad = [4, 7]
Y_da-ad = [5, 11]
X_da-ad = [10, 27]
