no              #fail
22.031          #totTm
21.830          #lastADTm
8               #itDAD
1.000           #avItADGoal
681             #itADOpt
17              #opt
17              #optDA-AD
7.772           #tmDA
0.0             #relGain

V = [1, 2, 3, 4, 5, 6, 7, 8, 9, 10, 11, 12, 13, 14, 15, 16, 17, 18, 19, 20]
A = [(1, 12), (12, 1), (3, 9), (9, 3), (3, 17), (17, 3), (5, 10), (10, 5), (5, 19), (19, 5), (6, 9), (9, 6), (8, 12), (12, 8), (13, 16), (16, 13), (13, 19), (19, 13)]
Z_dad = [3, 5, 12]
Y_dad = [1, 2, 4]
X_dad = []
Z_da-ad = [9, 12, 19]
Y_da-ad = [1, 2, 7]
X_da-ad = []
