no              #fail
21.637          #totTm
21.377          #lastADTm
10              #itDAD
1.000           #avItADGoal
681             #itADOpt
17              #opt
17              #optDA-AD
16.220          #tmDA
0.0             #relGain

V = [1, 2, 3, 4, 5, 6, 7, 8, 9, 10, 11, 12, 13, 14, 15, 16, 17, 18, 19, 20]
A = [(1, 15), (15, 1), (1, 19), (19, 1), (2, 4), (4, 2), (2, 15), (15, 2), (4, 8), (8, 4), (5, 7), (7, 5), (6, 15), (15, 6), (10, 17), (17, 10), (13, 19), (19, 13)]
Z_dad = [4, 5, 15]
Y_dad = [2, 3, 11]
X_dad = []
Z_da-ad = [4, 15, 19]
Y_da-ad = [1, 2, 3]
X_da-ad = []
