no              #fail
23.379          #totTm
23.237          #lastADTm
6               #itDAD
1.000           #avItADGoal
681             #itADOpt
17              #opt
17              #optDA-AD
16.630          #tmDA
0.0             #relGain

V = [1, 2, 3, 4, 5, 6, 7, 8, 9, 10, 11, 12, 13, 14, 15, 16, 17, 18, 19, 20]
A = [(2, 12), (12, 2), (2, 18), (18, 2), (3, 5), (5, 3), (5, 17), (17, 5), (5, 18), (18, 5), (6, 9), (9, 6), (7, 10), (10, 7), (7, 15), (15, 7), (10, 15), (15, 10)]
Z_dad = [1, 2, 5]
Y_dad = [3, 4, 14]
X_dad = []
Z_da-ad = [2, 5, 7]
Y_da-ad = [1, 3, 4]
X_da-ad = []
