no              #fail
21.429          #totTm
21.239          #lastADTm
8               #itDAD
1.000           #avItADGoal
681             #itADOpt
17              #opt
17              #optDA-AD
16.597          #tmDA
0.0             #relGain

V = [1, 2, 3, 4, 5, 6, 7, 8, 9, 10, 11, 12, 13, 14, 15, 16, 17, 18, 19, 20]
A = [(1, 3), (3, 1), (2, 7), (7, 2), (2, 9), (9, 2), (2, 18), (18, 2), (3, 12), (12, 3), (4, 6), (6, 4), (5, 8), (8, 5), (8, 15), (15, 8), (17, 19), (19, 17)]
Z_dad = [2, 3, 8]
Y_dad = [1, 5, 13]
X_dad = []
Z_da-ad = [2, 3, 8]
Y_da-ad = [1, 5, 13]
X_da-ad = []
