no              #fail
21.126          #totTm
20.933          #lastADTm
8               #itDAD
1.000           #avItADGoal
681             #itADOpt
17              #opt
17              #optDA-AD
15.774          #tmDA
0.0             #relGain

V = [1, 2, 3, 4, 5, 6, 7, 8, 9, 10, 11, 12, 13, 14, 15, 16, 17, 18, 19, 20]
A = [(1, 12), (12, 1), (2, 3), (3, 2), (2, 17), (17, 2), (2, 19), (19, 2), (5, 10), (10, 5), (6, 11), (11, 6), (6, 15), (15, 6), (8, 17), (17, 8), (12, 19), (19, 12)]
Z_dad = [2, 5, 6]
Y_dad = [3, 4, 20]
X_dad = []
Z_da-ad = [2, 6, 12]
Y_da-ad = [1, 3, 4]
X_da-ad = []
