no              #fail
22.084          #totTm
21.927          #lastADTm
7               #itDAD
1.000           #avItADGoal
681             #itADOpt
17              #opt
17              #optDA-AD
16.292          #tmDA
0.0             #relGain

V = [1, 2, 3, 4, 5, 6, 7, 8, 9, 10, 11, 12, 13, 14, 15, 16, 17, 18, 19, 20]
A = [(1, 9), (9, 1), (1, 11), (11, 1), (2, 19), (19, 2), (5, 17), (17, 5), (6, 18), (18, 6), (12, 17), (17, 12), (13, 17), (17, 13), (15, 16), (16, 15), (17, 18), (18, 17)]
Z_dad = [1, 5, 17]
Y_dad = [3, 4, 11]
X_dad = []
Z_da-ad = [1, 2, 17]
Y_da-ad = [3, 4, 5]
X_da-ad = []
