no              #fail
24.385          #totTm
24.221          #lastADTm
7               #itDAD
1.000           #avItADGoal
681             #itADOpt
17              #opt
17              #optDA-AD
16.179          #tmDA
0.0             #relGain

V = [1, 2, 3, 4, 5, 6, 7, 8, 9, 10, 11, 12, 13, 14, 15, 16, 17, 18, 19, 20]
A = [(2, 8), (8, 2), (5, 12), (12, 5), (5, 14), (14, 5), (6, 7), (7, 6), (6, 8), (8, 6), (6, 15), (15, 6), (9, 11), (11, 9), (11, 16), (16, 11), (17, 19), (19, 17)]
Z_dad = [5, 8, 11]
Y_dad = [1, 2, 3]
X_dad = []
Z_da-ad = [5, 6, 11]
Y_da-ad = [1, 3, 13]
X_da-ad = []
