no              #fail
23.189          #totTm
23.024          #lastADTm
7               #itDAD
1.000           #avItADGoal
681             #itADOpt
17              #opt
17              #optDA-AD
12.578          #tmDA
0.0             #relGain

V = [1, 2, 3, 4, 5, 6, 7, 8, 9, 10, 11, 12, 13, 14, 15, 16, 17, 18, 19, 20]
A = [(1, 3), (3, 1), (1, 5), (5, 1), (3, 18), (18, 3), (4, 7), (7, 4), (7, 20), (20, 7), (8, 17), (17, 8), (9, 17), (17, 9), (9, 19), (19, 9), (18, 19), (19, 18)]
Z_dad = [1, 4, 17]
Y_dad = [2, 5, 12]
X_dad = []
Z_da-ad = [3, 7, 19]
Y_da-ad = [2, 4, 11]
X_da-ad = []
