no              #fail
10.860          #totTm
0.609           #lastADTm
10              #itDAD
3.111           #avItADGoal
9               #itADOpt
9               #opt
9               #optDA-AD
1.256           #tmDA
0.0             #relGain

V = [1, 2, 3, 4, 5, 6, 7, 8, 9, 10, 11, 12, 13, 14, 15, 16, 17, 18, 19, 20, 21, 22, 23, 24, 25, 26, 27, 28, 29, 30, 31, 32, 33, 34, 35, 36, 37, 38, 39, 40]
A = [(1, 5), (5, 1), (1, 16), (16, 1), (1, 24), (24, 1), (1, 26), (26, 1), (2, 8), (8, 2), (2, 10), (10, 2), (2, 19), (19, 2), (3, 15), (15, 3), (3, 27), (27, 3), (4, 32), (32, 4), (5, 8), (8, 5), (5, 26), (26, 5), (5, 29), (29, 5), (6, 24), (24, 6), (6, 38), (38, 6), (6, 40), (40, 6), (7, 9), (9, 7), (7, 15), (15, 7), (7, 24), (24, 7), (8, 16), (16, 8), (8, 22), (22, 8), (8, 23), (23, 8), (8, 36), (36, 8), (9, 13), (13, 9), (9, 19), (19, 9), (9, 22), (22, 9), (9, 28), (28, 9), (10, 11), (11, 10), (10, 14), (14, 10), (10, 39), (39, 10), (11, 17), (17, 11), (11, 23), (23, 11), (11, 37), (37, 11), (12, 14), (14, 12), (12, 30), (30, 12), (12, 35), (35, 12), (12, 39), (39, 12), (13, 23), (23, 13), (13, 26), (26, 13), (13, 28), (28, 13), (14, 30), (30, 14), (15, 26), (26, 15), (15, 31), (31, 15), (15, 32), (32, 15), (15, 38), (38, 15), (15, 40), (40, 15), (16, 23), (23, 16), (16, 32), (32, 16), (17, 20), (20, 17), (17, 31), (31, 17), (18, 23), (23, 18), (18, 30), (30, 18), (19, 25), (25, 19), (20, 23), (23, 20), (20, 25), (25, 20), (21, 29), (29, 21), (21, 37), (37, 21), (23, 28), (28, 23), (23, 39), (39, 23), (24, 31), (31, 24), (24, 38), (38, 24), (25, 31), (31, 25), (26, 35), (35, 26), (27, 33), (33, 27), (28, 29), (29, 28), (28, 31), (31, 28), (30, 32), (32, 30), (31, 32), (32, 31), (31, 34), (34, 31), (31, 37), (37, 31)]
Z_dad = [9, 15]
Y_dad = [8, 24]
X_dad = [6, 31]
Z_da-ad = [15, 24]
Y_da-ad = [6, 8]
X_da-ad = [31, 32]
