no              #fail
57.223          #totTm
1.033           #lastADTm
12              #itDAD
3.364           #avItADGoal
17              #itADOpt
9               #opt
8               #optDA-AD
1.635           #tmDA
11.1            #relGain

V = [1, 2, 3, 4, 5, 6, 7, 8, 9, 10, 11, 12, 13, 14, 15, 16, 17, 18, 19, 20, 21, 22, 23, 24, 25, 26, 27, 28, 29, 30, 31, 32, 33, 34, 35, 36, 37, 38, 39, 40]
A = [(1, 26), (26, 1), (1, 36), (36, 1), (2, 10), (10, 2), (2, 17), (17, 2), (2, 24), (24, 2), (2, 34), (34, 2), (2, 38), (38, 2), (2, 39), (39, 2), (4, 5), (5, 4), (4, 32), (32, 4), (5, 7), (7, 5), (5, 33), (33, 5), (5, 34), (34, 5), (6, 28), (28, 6), (6, 30), (30, 6), (7, 8), (8, 7), (7, 23), (23, 7), (7, 39), (39, 7), (8, 13), (13, 8), (8, 20), (20, 8), (9, 21), (21, 9), (9, 38), (38, 9), (9, 39), (39, 9), (10, 11), (11, 10), (10, 24), (24, 10), (10, 30), (30, 10), (10, 38), (38, 10), (10, 40), (40, 10), (11, 21), (21, 11), (11, 23), (23, 11), (11, 33), (33, 11), (11, 37), (37, 11), (12, 37), (37, 12), (13, 26), (26, 13), (14, 18), (18, 14), (14, 29), (29, 14), (14, 32), (32, 14), (14, 38), (38, 14), (16, 19), (19, 16), (16, 23), (23, 16), (16, 26), (26, 16), (17, 30), (30, 17), (17, 33), (33, 17), (17, 40), (40, 17), (18, 31), (31, 18), (18, 32), (32, 18), (18, 33), (33, 18), (18, 35), (35, 18), (19, 27), (27, 19), (19, 31), (31, 19), (19, 40), (40, 19), (20, 24), (24, 20), (20, 25), (25, 20), (20, 26), (26, 20), (20, 40), (40, 20), (21, 32), (32, 21), (22, 26), (26, 22), (22, 40), (40, 22), (23, 26), (26, 23), (24, 39), (39, 24), (25, 36), (36, 25), (25, 38), (38, 25), (26, 30), (30, 26), (27, 29), (29, 27), (28, 31), (31, 28), (28, 37), (37, 28), (30, 35), (35, 30), (30, 39), (39, 30), (31, 38), (38, 31), (31, 40), (40, 31)]
Z_dad = [26, 40]
Y_dad = [11, 25]
X_dad = [14, 19]
Z_da-ad = [14, 19]
Y_da-ad = [26, 29]
X_da-ad = [11, 28]
