no              #fail
960.721         #totTm
0.654           #lastADTm
22              #itDAD
4.476           #avItADGoal
7               #itADOpt
8               #opt
7               #optDA-AD
1.842           #tmDA
12.5            #relGain

V = [1, 2, 3, 4, 5, 6, 7, 8, 9, 10, 11, 12, 13, 14, 15, 16, 17, 18, 19, 20, 21, 22, 23, 24, 25, 26, 27, 28, 29, 30, 31, 32, 33, 34, 35, 36, 37, 38, 39, 40]
A = [(1, 31), (31, 1), (1, 34), (34, 1), (1, 35), (35, 1), (2, 4), (4, 2), (2, 9), (9, 2), (2, 15), (15, 2), (2, 16), (16, 2), (2, 26), (26, 2), (2, 39), (39, 2), (3, 33), (33, 3), (3, 39), (39, 3), (4, 10), (10, 4), (4, 13), (13, 4), (4, 23), (23, 4), (5, 9), (9, 5), (5, 11), (11, 5), (5, 24), (24, 5), (6, 16), (16, 6), (6, 28), (28, 6), (7, 22), (22, 7), (7, 29), (29, 7), (7, 34), (34, 7), (7, 35), (35, 7), (8, 18), (18, 8), (8, 28), (28, 8), (9, 16), (16, 9), (9, 22), (22, 9), (9, 31), (31, 9), (9, 33), (33, 9), (9, 38), (38, 9), (10, 23), (23, 10), (10, 26), (26, 10), (10, 29), (29, 10), (11, 13), (13, 11), (11, 14), (14, 11), (11, 17), (17, 11), (11, 18), (18, 11), (11, 20), (20, 11), (11, 22), (22, 11), (11, 32), (32, 11), (11, 40), (40, 11), (13, 32), (32, 13), (13, 34), (34, 13), (14, 18), (18, 14), (14, 30), (30, 14), (14, 32), (32, 14), (14, 34), (34, 14), (14, 36), (36, 14), (15, 26), (26, 15), (15, 32), (32, 15), (17, 21), (21, 17), (17, 25), (25, 17), (18, 26), (26, 18), (18, 29), (29, 18), (19, 23), (23, 19), (19, 37), (37, 19), (20, 38), (38, 20), (21, 27), (27, 21), (21, 30), (30, 21), (22, 38), (38, 22), (22, 40), (40, 22), (24, 36), (36, 24), (24, 40), (40, 24), (25, 29), (29, 25), (25, 33), (33, 25), (25, 38), (38, 25), (26, 28), (28, 26), (26, 36), (36, 26), (30, 36), (36, 30), (32, 39), (39, 32)]
Z_dad = [2, 9]
Y_dad = [11, 12]
X_dad = [10, 13]
Z_da-ad = [19, 21]
Y_da-ad = [12, 33]
X_da-ad = [11, 25]
