no              #fail
15.107          #totTm
0.603           #lastADTm
10              #itDAD
1.889           #avItADGoal
9               #itADOpt
8               #opt
7               #optDA-AD
2.003           #tmDA
12.5            #relGain

V = [1, 2, 3, 4, 5, 6, 7, 8, 9, 10, 11, 12, 13, 14, 15, 16, 17, 18, 19, 20, 21, 22, 23, 24, 25, 26, 27, 28, 29, 30, 31, 32, 33, 34, 35, 36, 37, 38, 39, 40]
A = [(1, 16), (16, 1), (1, 28), (28, 1), (2, 16), (16, 2), (2, 19), (19, 2), (2, 28), (28, 2), (2, 30), (30, 2), (2, 39), (39, 2), (3, 5), (5, 3), (4, 9), (9, 4), (4, 17), (17, 4), (4, 21), (21, 4), (4, 22), (22, 4), (4, 25), (25, 4), (4, 31), (31, 4), (5, 22), (22, 5), (5, 26), (26, 5), (5, 35), (35, 5), (6, 15), (15, 6), (6, 23), (23, 6), (6, 26), (26, 6), (6, 37), (37, 6), (6, 39), (39, 6), (7, 10), (10, 7), (7, 23), (23, 7), (8, 11), (11, 8), (8, 13), (13, 8), (8, 14), (14, 8), (8, 35), (35, 8), (9, 10), (10, 9), (9, 11), (11, 9), (9, 22), (22, 9), (9, 23), (23, 9), (9, 33), (33, 9), (9, 38), (38, 9), (10, 24), (24, 10), (10, 28), (28, 10), (11, 16), (16, 11), (11, 18), (18, 11), (11, 34), (34, 11), (11, 38), (38, 11), (12, 25), (25, 12), (12, 27), (27, 12), (12, 40), (40, 12), (13, 22), (22, 13), (14, 21), (21, 14), (14, 22), (22, 14), (14, 35), (35, 14), (14, 38), (38, 14), (15, 37), (37, 15), (15, 39), (39, 15), (17, 23), (23, 17), (19, 26), (26, 19), (19, 34), (34, 19), (20, 25), (25, 20), (20, 26), (26, 20), (20, 39), (39, 20), (21, 28), (28, 21), (21, 32), (32, 21), (22, 33), (33, 22), (22, 39), (39, 22), (24, 33), (33, 24), (24, 38), (38, 24), (26, 39), (39, 26), (27, 29), (29, 27), (27, 32), (32, 27), (28, 36), (36, 28), (28, 38), (38, 28), (29, 34), (34, 29), (29, 35), (35, 29), (35, 36), (36, 35)]
Z_dad = [4, 23]
Y_dad = [17, 28]
X_dad = [26, 39]
Z_da-ad = [4, 5]
Y_da-ad = [27, 31]
X_da-ad = [6, 39]
