no              #fail
25.782          #totTm
1.146           #lastADTm
9               #itDAD
4.125           #avItADGoal
14              #itADOpt
9               #opt
8               #optDA-AD
1.466           #tmDA
11.1            #relGain

V = [1, 2, 3, 4, 5, 6, 7, 8, 9, 10, 11, 12, 13, 14, 15, 16, 17, 18, 19, 20, 21, 22, 23, 24, 25, 26, 27, 28, 29, 30, 31, 32, 33, 34, 35, 36, 37, 38, 39, 40]
A = [(1, 7), (7, 1), (1, 32), (32, 1), (2, 26), (26, 2), (2, 30), (30, 2), (3, 7), (7, 3), (3, 8), (8, 3), (3, 9), (9, 3), (3, 39), (39, 3), (4, 21), (21, 4), (4, 22), (22, 4), (5, 11), (11, 5), (5, 12), (12, 5), (5, 14), (14, 5), (5, 16), (16, 5), (5, 27), (27, 5), (5, 33), (33, 5), (6, 8), (8, 6), (6, 14), (14, 6), (6, 21), (21, 6), (6, 24), (24, 6), (7, 29), (29, 7), (8, 15), (15, 8), (8, 16), (16, 8), (8, 18), (18, 8), (8, 31), (31, 8), (9, 24), (24, 9), (9, 31), (31, 9), (9, 34), (34, 9), (9, 35), (35, 9), (10, 21), (21, 10), (10, 25), (25, 10), (10, 39), (39, 10), (11, 12), (12, 11), (11, 17), (17, 11), (11, 24), (24, 11), (11, 32), (32, 11), (11, 33), (33, 11), (12, 14), (14, 12), (12, 33), (33, 12), (12, 37), (37, 12), (13, 35), (35, 13), (13, 38), (38, 13), (14, 21), (21, 14), (15, 20), (20, 15), (15, 23), (23, 15), (15, 40), (40, 15), (16, 17), (17, 16), (16, 24), (24, 16), (16, 26), (26, 16), (16, 31), (31, 16), (17, 29), (29, 17), (17, 40), (40, 17), (18, 22), (22, 18), (19, 27), (27, 19), (21, 22), (22, 21), (21, 37), (37, 21), (22, 24), (24, 22), (22, 29), (29, 22), (23, 31), (31, 23), (24, 33), (33, 24), (25, 32), (32, 25), (26, 30), (30, 26), (27, 32), (32, 27), (27, 37), (37, 27), (28, 34), (34, 28), (29, 40), (40, 29), (30, 35), (35, 30), (30, 38), (38, 30), (36, 38), (38, 36), (37, 39), (39, 37)]
Z_dad = [8, 9]
Y_dad = [16, 35]
X_dad = [31, 40]
Z_da-ad = [9, 26]
Y_da-ad = [30, 32]
X_da-ad = [15, 31]
