no              #fail
16.797          #totTm
0.941           #lastADTm
9               #itDAD
3.375           #avItADGoal
15              #itADOpt
8               #opt
8               #optDA-AD
0.623           #tmDA
0.0             #relGain

V = [1, 2, 3, 4, 5, 6, 7, 8, 9, 10, 11, 12, 13, 14, 15, 16, 17, 18, 19, 20, 21, 22, 23, 24, 25, 26, 27, 28, 29, 30, 31, 32, 33, 34, 35, 36, 37, 38, 39, 40]
A = [(1, 17), (17, 1), (1, 20), (20, 1), (1, 24), (24, 1), (1, 28), (28, 1), (1, 29), (29, 1), (2, 33), (33, 2), (2, 34), (34, 2), (2, 38), (38, 2), (3, 5), (5, 3), (3, 31), (31, 3), (4, 32), (32, 4), (5, 10), (10, 5), (5, 12), (12, 5), (5, 22), (22, 5), (5, 28), (28, 5), (5, 29), (29, 5), (5, 34), (34, 5), (6, 22), (22, 6), (6, 24), (24, 6), (6, 33), (33, 6), (7, 8), (8, 7), (7, 13), (13, 7), (7, 14), (14, 7), (8, 9), (9, 8), (8, 12), (12, 8), (8, 16), (16, 8), (9, 18), (18, 9), (9, 25), (25, 9), (9, 26), (26, 9), (9, 33), (33, 9), (10, 23), (23, 10), (10, 38), (38, 10), (11, 30), (30, 11), (12, 15), (15, 12), (12, 22), (22, 12), (13, 19), (19, 13), (14, 17), (17, 14), (14, 25), (25, 14), (14, 29), (29, 14), (15, 18), (18, 15), (15, 27), (27, 15), (15, 40), (40, 15), (16, 22), (22, 16), (16, 23), (23, 16), (16, 31), (31, 16), (17, 28), (28, 17), (18, 22), (22, 18), (19, 25), (25, 19), (19, 30), (30, 19), (20, 22), (22, 20), (20, 34), (34, 20), (20, 38), (38, 20), (21, 32), (32, 21), (21, 33), (33, 21), (22, 30), (30, 22), (23, 24), (24, 23), (23, 30), (30, 23), (23, 31), (31, 23), (23, 34), (34, 23), (26, 37), (37, 26), (27, 28), (28, 27), (27, 33), (33, 27), (27, 36), (36, 27), (28, 34), (34, 28), (30, 35), (35, 30), (30, 39), (39, 30), (30, 40), (40, 30), (31, 35), (35, 31), (32, 39), (39, 32), (37, 38), (38, 37)]
Z_dad = [9, 30]
Y_dad = [14, 32]
X_dad = [31, 38]
Z_da-ad = [30, 32]
Y_da-ad = [4, 31]
X_da-ad = [15, 33]
