no              #fail
96.112          #totTm
2.018           #lastADTm
14              #itDAD
4.538           #avItADGoal
23              #itADOpt
8               #opt
8               #optDA-AD
0.936           #tmDA
0.0             #relGain

V = [1, 2, 3, 4, 5, 6, 7, 8, 9, 10, 11, 12, 13, 14, 15, 16, 17, 18, 19, 20, 21, 22, 23, 24, 25, 26, 27, 28, 29, 30, 31, 32, 33, 34, 35, 36, 37, 38, 39, 40]
A = [(1, 31), (31, 1), (2, 10), (10, 2), (2, 18), (18, 2), (2, 32), (32, 2), (3, 4), (4, 3), (3, 21), (21, 3), (3, 22), (22, 3), (3, 34), (34, 3), (3, 36), (36, 3), (4, 25), (25, 4), (4, 29), (29, 4), (5, 10), (10, 5), (5, 11), (11, 5), (5, 16), (16, 5), (5, 18), (18, 5), (5, 23), (23, 5), (6, 28), (28, 6), (7, 9), (9, 7), (8, 21), (21, 8), (8, 32), (32, 8), (9, 11), (11, 9), (9, 23), (23, 9), (9, 24), (24, 9), (9, 37), (37, 9), (10, 31), (31, 10), (10, 34), (34, 10), (10, 40), (40, 10), (11, 39), (39, 11), (12, 20), (20, 12), (12, 23), (23, 12), (12, 39), (39, 12), (13, 22), (22, 13), (13, 23), (23, 13), (13, 36), (36, 13), (14, 15), (15, 14), (14, 23), (23, 14), (14, 30), (30, 14), (15, 22), (22, 15), (15, 24), (24, 15), (15, 26), (26, 15), (15, 32), (32, 15), (15, 39), (39, 15), (16, 24), (24, 16), (16, 35), (35, 16), (17, 26), (26, 17), (17, 31), (31, 17), (17, 32), (32, 17), (17, 38), (38, 17), (18, 37), (37, 18), (19, 24), (24, 19), (19, 27), (27, 19), (19, 29), (29, 19), (19, 33), (33, 19), (21, 24), (24, 21), (21, 40), (40, 21), (22, 31), (31, 22), (24, 35), (35, 24), (24, 38), (38, 24), (25, 32), (32, 25), (26, 30), (30, 26), (27, 39), (39, 27), (27, 40), (40, 27), (28, 31), (31, 28), (29, 30), (30, 29), (29, 38), (38, 29), (30, 36), (36, 30), (34, 37), (37, 34), (35, 36), (36, 35), (36, 39), (39, 36), (37, 39), (39, 37)]
Z_dad = [9, 31]
Y_dad = [6, 39]
X_dad = [12, 19]
Z_da-ad = [9, 31]
Y_da-ad = [5, 6]
X_da-ad = [23, 39]
