no              #fail
34.355          #totTm
1.398           #lastADTm
11              #itDAD
2.700           #avItADGoal
20              #itADOpt
9               #opt
9               #optDA-AD
1.17            #tmDA
0.0             #relGain

V = [1, 2, 3, 4, 5, 6, 7, 8, 9, 10, 11, 12, 13, 14, 15, 16, 17, 18, 19, 20, 21, 22, 23, 24, 25, 26, 27, 28, 29, 30, 31, 32, 33, 34, 35, 36, 37, 38, 39, 40]
A = [(1, 2), (2, 1), (1, 4), (4, 1), (1, 10), (10, 1), (1, 18), (18, 1), (1, 25), (25, 1), (2, 9), (9, 2), (2, 10), (10, 2), (2, 24), (24, 2), (3, 8), (8, 3), (3, 16), (16, 3), (4, 6), (6, 4), (5, 12), (12, 5), (5, 36), (36, 5), (5, 39), (39, 5), (6, 9), (9, 6), (6, 11), (11, 6), (6, 18), (18, 6), (6, 26), (26, 6), (6, 37), (37, 6), (7, 9), (9, 7), (7, 10), (10, 7), (7, 12), (12, 7), (7, 15), (15, 7), (7, 19), (19, 7), (7, 22), (22, 7), (7, 39), (39, 7), (8, 12), (12, 8), (8, 18), (18, 8), (8, 22), (22, 8), (8, 26), (26, 8), (9, 19), (19, 9), (9, 20), (20, 9), (10, 22), (22, 10), (10, 30), (30, 10), (11, 18), (18, 11), (11, 22), (22, 11), (11, 28), (28, 11), (12, 19), (19, 12), (12, 25), (25, 12), (12, 37), (37, 12), (12, 38), (38, 12), (13, 17), (17, 13), (13, 20), (20, 13), (13, 25), (25, 13), (13, 29), (29, 13), (14, 18), (18, 14), (14, 20), (20, 14), (14, 21), (21, 14), (15, 19), (19, 15), (16, 19), (19, 16), (16, 28), (28, 16), (16, 40), (40, 16), (17, 36), (36, 17), (18, 22), (22, 18), (18, 27), (27, 18), (18, 36), (36, 18), (19, 29), (29, 19), (20, 32), (32, 20), (21, 40), (40, 21), (23, 34), (34, 23), (23, 37), (37, 23), (24, 35), (35, 24), (26, 39), (39, 26), (27, 40), (40, 27), (28, 32), (32, 28), (30, 35), (35, 30), (32, 36), (36, 32), (32, 37), (37, 32), (34, 40), (40, 34), (38, 39), (39, 38)]
Z_dad = [37, 40]
Y_dad = [18, 24]
X_dad = [1, 14]
Z_da-ad = [37, 40]
Y_da-ad = [18, 23]
X_da-ad = [2, 10]
