no              #fail
49.265          #totTm
1.145           #lastADTm
12              #itDAD
4.273           #avItADGoal
19              #itADOpt
9               #opt
9               #optDA-AD
0.913           #tmDA
0.0             #relGain

V = [1, 2, 3, 4, 5, 6, 7, 8, 9, 10, 11, 12, 13, 14, 15, 16, 17, 18, 19, 20, 21, 22, 23, 24, 25, 26, 27, 28, 29, 30, 31, 32, 33, 34, 35, 36, 37, 38, 39, 40]
A = [(1, 2), (2, 1), (1, 7), (7, 1), (1, 14), (14, 1), (1, 34), (34, 1), (1, 36), (36, 1), (2, 9), (9, 2), (2, 15), (15, 2), (2, 31), (31, 2), (2, 32), (32, 2), (3, 19), (19, 3), (3, 30), (30, 3), (3, 34), (34, 3), (3, 39), (39, 3), (4, 11), (11, 4), (4, 14), (14, 4), (4, 19), (19, 4), (4, 39), (39, 4), (5, 10), (10, 5), (5, 21), (21, 5), (5, 28), (28, 5), (5, 30), (30, 5), (5, 33), (33, 5), (5, 36), (36, 5), (5, 38), (38, 5), (6, 9), (9, 6), (6, 12), (12, 6), (6, 29), (29, 6), (6, 36), (36, 6), (7, 31), (31, 7), (8, 21), (21, 8), (8, 29), (29, 8), (8, 36), (36, 8), (9, 14), (14, 9), (9, 21), (21, 9), (9, 23), (23, 9), (9, 29), (29, 9), (9, 32), (32, 9), (11, 24), (24, 11), (11, 35), (35, 11), (12, 15), (15, 12), (12, 16), (16, 12), (12, 20), (20, 12), (12, 33), (33, 12), (12, 40), (40, 12), (13, 26), (26, 13), (14, 19), (19, 14), (15, 22), (22, 15), (15, 34), (34, 15), (15, 37), (37, 15), (16, 36), (36, 16), (16, 38), (38, 16), (16, 39), (39, 16), (18, 34), (34, 18), (18, 39), (39, 18), (19, 33), (33, 19), (20, 36), (36, 20), (21, 25), (25, 21), (22, 37), (37, 22), (23, 32), (32, 23), (23, 36), (36, 23), (23, 38), (38, 23), (24, 34), (34, 24), (25, 33), (33, 25), (26, 28), (28, 26), (26, 31), (31, 26), (27, 30), (30, 27), (27, 36), (36, 27), (29, 32), (32, 29), (33, 37), (37, 33), (39, 40), (40, 39)]
Z_dad = [5, 34]
Y_dad = [26, 39]
X_dad = [4, 16]
Z_da-ad = [5, 26]
Y_da-ad = [4, 17]
X_da-ad = [1, 2]
