no              #fail
4.805           #totTm
1.465           #lastADTm
6               #itDAD
1.800           #avItADGoal
19              #itADOpt
9               #opt
9               #optDA-AD
0.653           #tmDA
0.0             #relGain

V = [1, 2, 3, 4, 5, 6, 7, 8, 9, 10, 11, 12, 13, 14, 15, 16, 17, 18, 19, 20, 21, 22, 23, 24, 25, 26, 27, 28, 29, 30, 31, 32, 33, 34, 35, 36, 37, 38, 39, 40]
A = [(1, 13), (13, 1), (1, 36), (36, 1), (1, 37), (37, 1), (2, 3), (3, 2), (2, 21), (21, 2), (2, 33), (33, 2), (3, 7), (7, 3), (3, 29), (29, 3), (3, 32), (32, 3), (4, 10), (10, 4), (4, 12), (12, 4), (4, 33), (33, 4), (5, 10), (10, 5), (5, 11), (11, 5), (5, 13), (13, 5), (5, 15), (15, 5), (5, 17), (17, 5), (5, 19), (19, 5), (5, 25), (25, 5), (5, 37), (37, 5), (5, 39), (39, 5), (6, 10), (10, 6), (6, 15), (15, 6), (6, 19), (19, 6), (6, 22), (22, 6), (6, 35), (35, 6), (6, 38), (38, 6), (6, 39), (39, 6), (7, 17), (17, 7), (8, 9), (9, 8), (8, 10), (10, 8), (8, 16), (16, 8), (9, 30), (30, 9), (9, 37), (37, 9), (9, 40), (40, 9), (10, 18), (18, 10), (11, 21), (21, 11), (11, 37), (37, 11), (13, 15), (15, 13), (14, 25), (25, 14), (14, 27), (27, 14), (14, 32), (32, 14), (15, 29), (29, 15), (15, 39), (39, 15), (15, 40), (40, 15), (16, 17), (17, 16), (16, 19), (19, 16), (16, 26), (26, 16), (16, 32), (32, 16), (18, 23), (23, 18), (18, 33), (33, 18), (19, 22), (22, 19), (20, 26), (26, 20), (20, 32), (32, 20), (20, 38), (38, 20), (21, 24), (24, 21), (21, 25), (25, 21), (22, 34), (34, 22), (25, 40), (40, 25), (26, 30), (30, 26), (26, 36), (36, 26), (26, 40), (40, 26), (27, 33), (33, 27), (27, 35), (35, 27), (28, 33), (33, 28), (29, 38), (38, 29), (30, 34), (34, 30), (31, 37), (37, 31), (32, 39), (39, 32), (36, 39), (39, 36)]
Z_dad = [10, 33]
Y_dad = [5, 12]
X_dad = [3, 21]
Z_da-ad = [10, 33]
Y_da-ad = [18, 21]
X_da-ad = [6, 14]
