no              #fail
415.309         #totTm
1.784           #lastADTm
16              #itDAD
6.133           #avItADGoal
31              #itADOpt
8               #opt
8               #optDA-AD
0.662           #tmDA
0.0             #relGain

V = [1, 2, 3, 4, 5, 6, 7, 8, 9, 10, 11, 12, 13, 14, 15, 16, 17, 18, 19, 20, 21, 22, 23, 24, 25, 26, 27, 28, 29, 30, 31, 32, 33, 34, 35, 36, 37, 38, 39, 40]
A = [(1, 2), (2, 1), (1, 10), (10, 1), (1, 20), (20, 1), (1, 21), (21, 1), (1, 23), (23, 1), (1, 33), (33, 1), (2, 14), (14, 2), (2, 24), (24, 2), (2, 32), (32, 2), (2, 40), (40, 2), (3, 5), (5, 3), (3, 32), (32, 3), (4, 12), (12, 4), (4, 15), (15, 4), (5, 9), (9, 5), (5, 16), (16, 5), (5, 24), (24, 5), (5, 35), (35, 5), (5, 37), (37, 5), (6, 35), (35, 6), (7, 17), (17, 7), (7, 18), (18, 7), (7, 26), (26, 7), (8, 15), (15, 8), (8, 34), (34, 8), (9, 28), (28, 9), (9, 33), (33, 9), (10, 26), (26, 10), (10, 28), (28, 10), (10, 34), (34, 10), (10, 37), (37, 10), (10, 40), (40, 10), (11, 20), (20, 11), (11, 21), (21, 11), (11, 40), (40, 11), (12, 20), (20, 12), (13, 36), (36, 13), (13, 39), (39, 13), (14, 25), (25, 14), (14, 32), (32, 14), (14, 36), (36, 14), (15, 31), (31, 15), (16, 23), (23, 16), (16, 34), (34, 16), (17, 25), (25, 17), (17, 36), (36, 17), (18, 24), (24, 18), (18, 34), (34, 18), (20, 22), (22, 20), (21, 27), (27, 21), (22, 28), (28, 22), (22, 29), (29, 22), (22, 30), (30, 22), (22, 40), (40, 22), (23, 33), (33, 23), (24, 32), (32, 24), (24, 34), (34, 24), (25, 30), (30, 25), (25, 35), (35, 25), (25, 36), (36, 25), (25, 37), (37, 25), (26, 36), (36, 26), (26, 37), (37, 26), (27, 37), (37, 27), (29, 36), (36, 29), (30, 33), (33, 30), (30, 34), (34, 30), (30, 35), (35, 30), (31, 39), (39, 31), (32, 39), (39, 32)]
Z_dad = [36, 39]
Y_dad = [15, 22]
X_dad = [30, 35]
Z_da-ad = [15, 20]
Y_da-ad = [4, 32]
X_da-ad = [34, 35]
