no              #fail
193.060         #totTm
1.355           #lastADTm
15              #itDAD
4.429           #avItADGoal
16              #itADOpt
8               #opt
7               #optDA-AD
1.011           #tmDA
12.5            #relGain

V = [1, 2, 3, 4, 5, 6, 7, 8, 9, 10, 11, 12, 13, 14, 15, 16, 17, 18, 19, 20, 21, 22, 23, 24, 25, 26, 27, 28, 29, 30, 31, 32, 33, 34, 35, 36, 37, 38, 39, 40]
A = [(1, 9), (9, 1), (1, 15), (15, 1), (2, 14), (14, 2), (2, 24), (24, 2), (2, 27), (27, 2), (3, 15), (15, 3), (3, 17), (17, 3), (3, 29), (29, 3), (3, 37), (37, 3), (4, 16), (16, 4), (4, 17), (17, 4), (4, 18), (18, 4), (4, 39), (39, 4), (5, 22), (22, 5), (5, 26), (26, 5), (5, 34), (34, 5), (5, 35), (35, 5), (6, 25), (25, 6), (6, 37), (37, 6), (7, 11), (11, 7), (9, 32), (32, 9), (10, 14), (14, 10), (10, 37), (37, 10), (11, 16), (16, 11), (12, 21), (21, 12), (12, 24), (24, 12), (12, 25), (25, 12), (12, 26), (26, 12), (12, 28), (28, 12), (12, 36), (36, 12), (13, 19), (19, 13), (13, 23), (23, 13), (13, 25), (25, 13), (13, 40), (40, 13), (14, 17), (17, 14), (14, 21), (21, 14), (14, 34), (34, 14), (15, 18), (18, 15), (15, 19), (19, 15), (15, 24), (24, 15), (15, 28), (28, 15), (15, 33), (33, 15), (15, 36), (36, 15), (16, 33), (33, 16), (17, 21), (21, 17), (17, 25), (25, 17), (17, 40), (40, 17), (18, 26), (26, 18), (18, 34), (34, 18), (18, 37), (37, 18), (19, 22), (22, 19), (19, 29), (29, 19), (20, 23), (23, 20), (20, 31), (31, 20), (20, 39), (39, 20), (22, 29), (29, 22), (22, 32), (32, 22), (22, 33), (33, 22), (22, 39), (39, 22), (23, 29), (29, 23), (24, 38), (38, 24), (25, 26), (26, 25), (25, 32), (32, 25), (26, 28), (28, 26), (28, 30), (30, 28), (28, 33), (33, 28), (28, 40), (40, 28), (30, 36), (36, 30), (31, 38), (38, 31), (37, 38), (38, 37)]
Z_dad = [5, 15]
Y_dad = [16, 32]
X_dad = [9, 11]
Z_da-ad = [2, 16]
Y_da-ad = [7, 15]
X_da-ad = [5, 6]
