no              #fail
11.484          #totTm
2.040           #lastADTm
9               #itDAD
2.375           #avItADGoal
30              #itADOpt
11              #opt
10              #optDA-AD
0.997           #tmDA
9.1             #relGain

V = [1, 2, 3, 4, 5, 6, 7, 8, 9, 10, 11, 12, 13, 14, 15, 16, 17, 18, 19, 20, 21, 22, 23, 24, 25, 26, 27, 28, 29, 30, 31, 32, 33, 34, 35, 36, 37, 38, 39, 40]
A = [(1, 21), (21, 1), (1, 24), (24, 1), (2, 25), (25, 2), (3, 4), (4, 3), (3, 23), (23, 3), (3, 28), (28, 3), (3, 38), (38, 3), (4, 24), (24, 4), (5, 6), (6, 5), (5, 9), (9, 5), (5, 13), (13, 5), (5, 17), (17, 5), (5, 26), (26, 5), (5, 32), (32, 5), (5, 39), (39, 5), (7, 33), (33, 7), (8, 13), (13, 8), (8, 14), (14, 8), (8, 15), (15, 8), (8, 29), (29, 8), (9, 12), (12, 9), (9, 25), (25, 9), (9, 26), (26, 9), (9, 31), (31, 9), (10, 16), (16, 10), (10, 38), (38, 10), (11, 19), (19, 11), (11, 30), (30, 11), (11, 36), (36, 11), (11, 37), (37, 11), (13, 15), (15, 13), (13, 24), (24, 13), (13, 30), (30, 13), (13, 32), (32, 13), (13, 35), (35, 13), (14, 32), (32, 14), (15, 34), (34, 15), (15, 36), (36, 15), (16, 30), (30, 16), (17, 18), (18, 17), (17, 23), (23, 17), (17, 25), (25, 17), (17, 27), (27, 17), (17, 37), (37, 17), (18, 24), (24, 18), (18, 28), (28, 18), (18, 34), (34, 18), (19, 26), (26, 19), (19, 32), (32, 19), (19, 34), (34, 19), (22, 23), (23, 22), (23, 29), (29, 23), (23, 30), (30, 23), (23, 35), (35, 23), (23, 40), (40, 23), (24, 32), (32, 24), (26, 29), (29, 26), (26, 38), (38, 26), (27, 29), (29, 27), (27, 34), (34, 27), (28, 29), (29, 28), (30, 38), (38, 30), (31, 38), (38, 31), (32, 36), (36, 32), (34, 35), (35, 34), (35, 38), (38, 35), (35, 40), (40, 35), (36, 39), (39, 36), (38, 39), (39, 38), (38, 40), (40, 38)]
Z_dad = [9, 38]
Y_dad = [13, 33]
X_dad = [24, 30]
Z_da-ad = [24, 25]
Y_da-ad = [3, 21]
X_da-ad = [5, 9]
