no              #fail
61.449          #totTm
61.360          #lastADTm
4               #itDAD
1.000           #avItADGoal
849             #itADOpt
15              #opt
15              #optDA-AD
7.464           #tmDA
0.0             #relGain

V = [1, 2, 3, 4, 5, 6, 7, 8, 9, 10, 11, 12, 13, 14, 15, 16, 17, 18, 19, 20]
A = [(1, 17), (17, 1), (2, 18), (18, 2), (4, 17), (17, 4), (6, 11), (11, 6), (9, 10), (10, 9), (9, 12), (12, 9), (11, 18), (18, 11), (12, 19), (19, 12), (18, 19), (19, 18)]
Z_dad = [17]
Y_dad = [9, 11, 18]
X_dad = [2, 6, 10]
Z_da-ad = [18]
Y_da-ad = [11, 12, 17]
X_da-ad = [1, 9, 19]
