no              #fail
61.792          #totTm
61.700          #lastADTm
4               #itDAD
1.000           #avItADGoal
939             #itADOpt
16              #opt
14              #optDA-AD
5.856           #tmDA
12.5            #relGain

V = [1, 2, 3, 4, 5, 6, 7, 8, 9, 10, 11, 12, 13, 14, 15, 16, 17, 18, 19, 20]
A = [(2, 7), (7, 2), (2, 19), (19, 2), (3, 4), (4, 3), (3, 9), (9, 3), (4, 7), (7, 4), (5, 15), (15, 5), (8, 11), (11, 8), (12, 19), (19, 12), (14, 19), (19, 14)]
Z_dad = [19]
Y_dad = [5, 7, 8]
X_dad = [2, 4, 11]
Z_da-ad = [7]
Y_da-ad = [3, 5, 19]
X_da-ad = [2, 4, 15]
