no              #fail
74.244          #totTm
74.123          #lastADTm
5               #itDAD
1.000           #avItADGoal
870             #itADOpt
15              #opt
15              #optDA-AD
7.236           #tmDA
0.0             #relGain

V = [1, 2, 3, 4, 5, 6, 7, 8, 9, 10, 11, 12, 13, 14, 15, 16, 17, 18, 19, 20]
A = [(1, 3), (3, 1), (1, 6), (6, 1), (2, 7), (7, 2), (3, 4), (4, 3), (6, 10), (10, 6), (6, 13), (13, 6), (7, 10), (10, 7), (13, 14), (14, 13), (15, 19), (19, 15)]
Z_dad = [13]
Y_dad = [3, 7, 19]
X_dad = [1, 2, 10]
Z_da-ad = [6]
Y_da-ad = [3, 7, 14]
X_da-ad = [1, 2, 13]
