no              #fail
69.015          #totTm
68.890          #lastADTm
5               #itDAD
1.000           #avItADGoal
872             #itADOpt
15              #opt
15              #optDA-AD
7.470           #tmDA
0.0             #relGain

V = [1, 2, 3, 4, 5, 6, 7, 8, 9, 10, 11, 12, 13, 14, 15, 16, 17, 18, 19, 20]
A = [(3, 20), (20, 3), (5, 7), (7, 5), (5, 9), (9, 5), (6, 8), (8, 6), (6, 12), (12, 6), (9, 10), (10, 9), (9, 17), (17, 9), (17, 20), (20, 17), (18, 19), (19, 18)]
Z_dad = [6]
Y_dad = [3, 9, 18]
X_dad = [5, 10, 20]
Z_da-ad = [9]
Y_da-ad = [6, 18, 20]
X_da-ad = [3, 8, 19]
