no              #fail
69.465          #totTm
69.370          #lastADTm
4               #itDAD
1.000           #avItADGoal
948             #itADOpt
16              #opt
16              #optDA-AD
7.492           #tmDA
0.0             #relGain

V = [1, 2, 3, 4, 5, 6, 7, 8, 9, 10, 11, 12, 13, 14, 15, 16, 17, 18, 19, 20]
A = [(1, 9), (9, 1), (2, 14), (14, 2), (6, 11), (11, 6), (7, 8), (8, 7), (7, 9), (9, 7), (7, 13), (13, 7), (8, 17), (17, 8), (9, 11), (11, 9), (18, 19), (19, 18)]
Z_dad = [7]
Y_dad = [2, 8, 9]
X_dad = [1, 11, 14]
Z_da-ad = [7]
Y_da-ad = [2, 8, 9]
X_da-ad = [1, 11, 14]
