no              #fail
4.353           #totTm
0.173           #lastADTm
6               #itDAD
1.200           #avItADGoal
4               #itADOpt
10              #opt
9               #optDA-AD
0.528           #tmDA
10.0            #relGain

V = [1, 2, 3, 4, 5, 6, 7, 8, 9, 10, 11, 12, 13, 14, 15, 16, 17, 18, 19, 20, 21, 22, 23, 24, 25, 26, 27, 28, 29, 30, 31, 32, 33, 34, 35, 36, 37, 38, 39, 40]
A = [(1, 3), (3, 1), (1, 13), (13, 1), (1, 15), (15, 1), (1, 16), (16, 1), (1, 24), (24, 1), (1, 30), (30, 1), (2, 6), (6, 2), (2, 16), (16, 2), (2, 19), (19, 2), (2, 29), (29, 2), (2, 30), (30, 2), (2, 33), (33, 2), (3, 6), (6, 3), (3, 22), (22, 3), (3, 25), (25, 3), (3, 29), (29, 3), (3, 30), (30, 3), (4, 24), (24, 4), (4, 26), (26, 4), (5, 6), (6, 5), (5, 9), (9, 5), (5, 19), (19, 5), (5, 22), (22, 5), (6, 13), (13, 6), (6, 36), (36, 6), (6, 37), (37, 6), (7, 20), (20, 7), (7, 29), (29, 7), (7, 33), (33, 7), (7, 38), (38, 7), (8, 22), (22, 8), (8, 28), (28, 8), (8, 40), (40, 8), (9, 11), (11, 9), (9, 12), (12, 9), (9, 13), (13, 9), (9, 16), (16, 9), (9, 20), (20, 9), (10, 18), (18, 10), (10, 20), (20, 10), (10, 21), (21, 10), (10, 24), (24, 10), (11, 14), (14, 11), (11, 18), (18, 11), (11, 22), (22, 11), (11, 26), (26, 11), (11, 27), (27, 11), (12, 15), (15, 12), (12, 35), (35, 12), (12, 37), (37, 12), (12, 40), (40, 12), (13, 16), (16, 13), (13, 22), (22, 13), (13, 23), (23, 13), (13, 31), (31, 13), (13, 34), (34, 13), (13, 40), (40, 13), (14, 19), (19, 14), (14, 27), (27, 14), (14, 39), (39, 14), (15, 18), (18, 15), (15, 23), (23, 15), (15, 29), (29, 15), (16, 19), (19, 16), (17, 23), (23, 17), (17, 33), (33, 17), (17, 38), (38, 17), (18, 23), (23, 18), (18, 26), (26, 18), (18, 31), (31, 18), (18, 32), (32, 18), (18, 37), (37, 18), (19, 25), (25, 19), (19, 27), (27, 19), (19, 39), (39, 19), (20, 22), (22, 20), (20, 30), (30, 20), (20, 31), (31, 20), (20, 32), (32, 20), (20, 37), (37, 20), (21, 22), (22, 21), (21, 28), (28, 21), (21, 34), (34, 21), (21, 35), (35, 21), (21, 39), (39, 21), (22, 23), (23, 22), (22, 32), (32, 22), (22, 34), (34, 22), (23, 31), (31, 23), (23, 35), (35, 23), (23, 36), (36, 23), (24, 25), (25, 24), (24, 26), (26, 24), (24, 39), (39, 24), (24, 40), (40, 24), (25, 34), (34, 25), (26, 33), (33, 26), (26, 34), (34, 26), (26, 35), (35, 26), (27, 34), (34, 27), (28, 39), (39, 28), (30, 39), (39, 30), (31, 40), (40, 31), (32, 33), (33, 32), (32, 36), (36, 32), (33, 40), (40, 33), (34, 40), (40, 34), (36, 40), (40, 36), (37, 39), (39, 37)]
Z_dad = [20, 23, 33]
Y_dad = [13]
X_dad = [24, 26, 29]
Z_da-ad = [7, 23, 33]
Y_da-ad = [15]
X_da-ad = [13, 24, 26]
