no              #fail
19.854          #totTm
0.219           #lastADTm
7               #itDAD
1.500           #avItADGoal
6               #itADOpt
9               #opt
9               #optDA-AD
0.636           #tmDA
0.0             #relGain

V = [1, 2, 3, 4, 5, 6, 7, 8, 9, 10, 11, 12, 13, 14, 15, 16, 17, 18, 19, 20, 21, 22, 23, 24, 25, 26, 27, 28, 29, 30, 31, 32, 33, 34, 35, 36, 37, 38, 39, 40]
A = [(1, 5), (5, 1), (1, 6), (6, 1), (1, 7), (7, 1), (1, 21), (21, 1), (1, 36), (36, 1), (2, 3), (3, 2), (2, 5), (5, 2), (2, 6), (6, 2), (2, 13), (13, 2), (3, 9), (9, 3), (3, 21), (21, 3), (3, 25), (25, 3), (3, 28), (28, 3), (3, 34), (34, 3), (4, 7), (7, 4), (4, 26), (26, 4), (4, 36), (36, 4), (4, 39), (39, 4), (5, 10), (10, 5), (5, 11), (11, 5), (5, 16), (16, 5), (5, 29), (29, 5), (5, 31), (31, 5), (5, 34), (34, 5), (5, 35), (35, 5), (5, 36), (36, 5), (6, 15), (15, 6), (6, 20), (20, 6), (6, 31), (31, 6), (6, 36), (36, 6), (7, 9), (9, 7), (7, 11), (11, 7), (7, 16), (16, 7), (7, 20), (20, 7), (7, 36), (36, 7), (8, 9), (9, 8), (8, 12), (12, 8), (8, 20), (20, 8), (8, 27), (27, 8), (8, 29), (29, 8), (8, 32), (32, 8), (8, 34), (34, 8), (8, 39), (39, 8), (9, 18), (18, 9), (9, 19), (19, 9), (9, 31), (31, 9), (10, 20), (20, 10), (10, 26), (26, 10), (10, 28), (28, 10), (11, 17), (17, 11), (11, 25), (25, 11), (11, 27), (27, 11), (11, 30), (30, 11), (12, 14), (14, 12), (12, 21), (21, 12), (12, 33), (33, 12), (12, 35), (35, 12), (12, 40), (40, 12), (13, 19), (19, 13), (13, 23), (23, 13), (13, 24), (24, 13), (13, 25), (25, 13), (13, 34), (34, 13), (14, 36), (36, 14), (14, 40), (40, 14), (15, 19), (19, 15), (15, 22), (22, 15), (15, 29), (29, 15), (15, 32), (32, 15), (15, 35), (35, 15), (16, 17), (17, 16), (16, 22), (22, 16), (16, 26), (26, 16), (16, 27), (27, 16), (17, 25), (25, 17), (17, 33), (33, 17), (18, 23), (23, 18), (18, 24), (24, 18), (18, 25), (25, 18), (19, 23), (23, 19), (19, 27), (27, 19), (19, 31), (31, 19), (19, 40), (40, 19), (20, 31), (31, 20), (21, 23), (23, 21), (21, 28), (28, 21), (22, 29), (29, 22), (23, 31), (31, 23), (24, 25), (25, 24), (24, 31), (31, 24), (24, 37), (37, 24), (25, 27), (27, 25), (25, 33), (33, 25), (25, 34), (34, 25), (26, 31), (31, 26), (26, 38), (38, 26), (28, 36), (36, 28), (28, 39), (39, 28), (29, 37), (37, 29), (29, 39), (39, 29), (30, 37), (37, 30), (30, 39), (39, 30), (31, 37), (37, 31), (32, 36), (36, 32), (34, 39), (39, 34), (34, 40), (40, 34), (36, 38), (38, 36), (37, 40), (40, 37), (39, 40), (40, 39)]
Z_dad = [12, 25, 36]
Y_dad = [31]
X_dad = [17, 26, 40]
Z_da-ad = [5, 12, 15]
Y_da-ad = [25]
X_da-ad = [26, 36, 40]
