no              #fail
5.151           #totTm
0.315           #lastADTm
7               #itDAD
1.333           #avItADGoal
11              #itADOpt
11              #opt
9               #optDA-AD
0.587           #tmDA
18.2            #relGain

V = [1, 2, 3, 4, 5, 6, 7, 8, 9, 10, 11, 12, 13, 14, 15, 16, 17, 18, 19, 20, 21, 22, 23, 24, 25, 26, 27, 28, 29, 30, 31, 32, 33, 34, 35, 36, 37, 38, 39, 40]
A = [(1, 9), (9, 1), (1, 10), (10, 1), (1, 12), (12, 1), (1, 29), (29, 1), (1, 34), (34, 1), (2, 7), (7, 2), (2, 12), (12, 2), (2, 14), (14, 2), (2, 17), (17, 2), (2, 32), (32, 2), (3, 5), (5, 3), (3, 12), (12, 3), (3, 18), (18, 3), (3, 22), (22, 3), (3, 29), (29, 3), (3, 32), (32, 3), (3, 34), (34, 3), (4, 5), (5, 4), (4, 16), (16, 4), (4, 22), (22, 4), (4, 28), (28, 4), (5, 17), (17, 5), (5, 22), (22, 5), (5, 24), (24, 5), (5, 25), (25, 5), (5, 26), (26, 5), (5, 35), (35, 5), (5, 38), (38, 5), (6, 13), (13, 6), (6, 17), (17, 6), (7, 24), (24, 7), (7, 25), (25, 7), (7, 32), (32, 7), (7, 34), (34, 7), (7, 39), (39, 7), (8, 14), (14, 8), (8, 16), (16, 8), (8, 23), (23, 8), (8, 29), (29, 8), (8, 34), (34, 8), (9, 36), (36, 9), (9, 40), (40, 9), (10, 14), (14, 10), (10, 29), (29, 10), (10, 30), (30, 10), (10, 33), (33, 10), (11, 16), (16, 11), (11, 24), (24, 11), (11, 27), (27, 11), (11, 28), (28, 11), (11, 35), (35, 11), (11, 37), (37, 11), (11, 38), (38, 11), (12, 17), (17, 12), (12, 26), (26, 12), (12, 27), (27, 12), (12, 34), (34, 12), (12, 38), (38, 12), (13, 17), (17, 13), (13, 22), (22, 13), (13, 37), (37, 13), (14, 36), (36, 14), (14, 39), (39, 14), (15, 25), (25, 15), (15, 36), (36, 15), (15, 38), (38, 15), (15, 40), (40, 15), (16, 21), (21, 16), (16, 30), (30, 16), (16, 34), (34, 16), (17, 22), (22, 17), (17, 27), (27, 17), (17, 30), (30, 17), (17, 34), (34, 17), (17, 35), (35, 17), (18, 28), (28, 18), (18, 29), (29, 18), (18, 33), (33, 18), (18, 35), (35, 18), (19, 24), (24, 19), (19, 30), (30, 19), (19, 39), (39, 19), (20, 27), (27, 20), (20, 37), (37, 20), (20, 38), (38, 20), (21, 22), (22, 21), (21, 25), (25, 21), (21, 34), (34, 21), (22, 24), (24, 22), (22, 26), (26, 22), (22, 28), (28, 22), (22, 31), (31, 22), (22, 35), (35, 22), (22, 36), (36, 22), (22, 40), (40, 22), (23, 29), (29, 23), (24, 25), (25, 24), (24, 36), (36, 24), (25, 32), (32, 25), (25, 39), (39, 25), (26, 28), (28, 26), (26, 31), (31, 26), (26, 34), (34, 26), (27, 31), (31, 27), (30, 32), (32, 30), (30, 34), (34, 30), (32, 34), (34, 32), (33, 36), (36, 33), (33, 40), (40, 33)]
Z_dad = [11, 17, 22]
Y_dad = [12]
X_dad = [26, 27, 38]
Z_da-ad = [17, 22, 37]
Y_da-ad = [26]
X_da-ad = [27, 36, 38]
