no              #fail
221.714         #totTm
0.261           #lastADTm
11              #itDAD
1.700           #avItADGoal
8               #itADOpt
9               #opt
9               #optDA-AD
0.597           #tmDA
0.0             #relGain

V = [1, 2, 3, 4, 5, 6, 7, 8, 9, 10, 11, 12, 13, 14, 15, 16, 17, 18, 19, 20, 21, 22, 23, 24, 25, 26, 27, 28, 29, 30, 31, 32, 33, 34, 35, 36, 37, 38, 39, 40]
A = [(1, 2), (2, 1), (1, 6), (6, 1), (1, 13), (13, 1), (1, 18), (18, 1), (1, 19), (19, 1), (1, 32), (32, 1), (2, 4), (4, 2), (2, 11), (11, 2), (2, 15), (15, 2), (2, 16), (16, 2), (2, 24), (24, 2), (3, 6), (6, 3), (3, 10), (10, 3), (3, 18), (18, 3), (3, 20), (20, 3), (3, 21), (21, 3), (3, 34), (34, 3), (3, 37), (37, 3), (4, 6), (6, 4), (4, 9), (9, 4), (4, 15), (15, 4), (4, 17), (17, 4), (4, 31), (31, 4), (4, 34), (34, 4), (4, 35), (35, 4), (4, 36), (36, 4), (5, 30), (30, 5), (5, 32), (32, 5), (6, 9), (9, 6), (6, 18), (18, 6), (6, 23), (23, 6), (7, 11), (11, 7), (7, 13), (13, 7), (7, 21), (21, 7), (7, 37), (37, 7), (8, 16), (16, 8), (8, 20), (20, 8), (8, 27), (27, 8), (8, 36), (36, 8), (9, 12), (12, 9), (9, 21), (21, 9), (9, 29), (29, 9), (9, 33), (33, 9), (10, 23), (23, 10), (10, 40), (40, 10), (11, 21), (21, 11), (11, 27), (27, 11), (11, 31), (31, 11), (12, 16), (16, 12), (12, 23), (23, 12), (12, 24), (24, 12), (12, 27), (27, 12), (12, 29), (29, 12), (12, 32), (32, 12), (12, 39), (39, 12), (13, 14), (14, 13), (13, 25), (25, 13), (13, 35), (35, 13), (13, 37), (37, 13), (13, 38), (38, 13), (14, 22), (22, 14), (14, 26), (26, 14), (14, 31), (31, 14), (15, 17), (17, 15), (15, 18), (18, 15), (15, 28), (28, 15), (16, 18), (18, 16), (16, 22), (22, 16), (16, 29), (29, 16), (16, 39), (39, 16), (17, 19), (19, 17), (17, 20), (20, 17), (17, 27), (27, 17), (17, 32), (32, 17), (18, 32), (32, 18), (18, 36), (36, 18), (18, 38), (38, 18), (19, 21), (21, 19), (19, 25), (25, 19), (19, 31), (31, 19), (20, 29), (29, 20), (20, 39), (39, 20), (21, 23), (23, 21), (21, 24), (24, 21), (21, 28), (28, 21), (21, 32), (32, 21), (21, 34), (34, 21), (21, 40), (40, 21), (22, 25), (25, 22), (23, 27), (27, 23), (24, 25), (25, 24), (24, 29), (29, 24), (25, 33), (33, 25), (25, 40), (40, 25), (26, 27), (27, 26), (27, 35), (35, 27), (27, 37), (37, 27), (29, 34), (34, 29), (29, 35), (35, 29), (29, 37), (37, 29), (29, 38), (38, 29), (30, 37), (37, 30), (30, 40), (40, 30), (31, 33), (33, 31), (31, 38), (38, 31), (31, 39), (39, 31), (32, 39), (39, 32), (34, 36), (36, 34), (35, 38), (38, 35)]
Z_dad = [25, 27, 31]
Y_dad = [16]
X_dad = [9, 13, 22]
Z_da-ad = [32, 37, 40]
Y_da-ad = [23]
X_da-ad = [6, 15, 21]
