no              #fail
46.574          #totTm
0.154           #lastADTm
8               #itDAD
1.429           #avItADGoal
4               #itADOpt
9               #opt
8               #optDA-AD
0.626           #tmDA
11.1            #relGain

V = [1, 2, 3, 4, 5, 6, 7, 8, 9, 10, 11, 12, 13, 14, 15, 16, 17, 18, 19, 20, 21, 22, 23, 24, 25, 26, 27, 28, 29, 30, 31, 32, 33, 34, 35, 36, 37, 38, 39, 40]
A = [(1, 14), (14, 1), (1, 20), (20, 1), (1, 24), (24, 1), (1, 29), (29, 1), (1, 33), (33, 1), (1, 37), (37, 1), (1, 38), (38, 1), (2, 17), (17, 2), (2, 37), (37, 2), (2, 40), (40, 2), (3, 4), (4, 3), (3, 10), (10, 3), (3, 19), (19, 3), (3, 26), (26, 3), (3, 34), (34, 3), (3, 38), (38, 3), (4, 13), (13, 4), (4, 14), (14, 4), (4, 23), (23, 4), (4, 29), (29, 4), (4, 37), (37, 4), (4, 39), (39, 4), (4, 40), (40, 4), (5, 14), (14, 5), (5, 19), (19, 5), (5, 33), (33, 5), (5, 37), (37, 5), (6, 11), (11, 6), (6, 16), (16, 6), (6, 27), (27, 6), (6, 28), (28, 6), (6, 34), (34, 6), (6, 39), (39, 6), (7, 8), (8, 7), (7, 9), (9, 7), (7, 11), (11, 7), (7, 20), (20, 7), (7, 23), (23, 7), (8, 9), (9, 8), (8, 10), (10, 8), (8, 21), (21, 8), (8, 24), (24, 8), (8, 28), (28, 8), (8, 35), (35, 8), (9, 21), (21, 9), (9, 37), (37, 9), (10, 13), (13, 10), (10, 14), (14, 10), (10, 22), (22, 10), (10, 24), (24, 10), (10, 25), (25, 10), (10, 33), (33, 10), (10, 34), (34, 10), (11, 19), (19, 11), (11, 23), (23, 11), (11, 35), (35, 11), (11, 37), (37, 11), (12, 14), (14, 12), (12, 16), (16, 12), (12, 20), (20, 12), (12, 37), (37, 12), (12, 38), (38, 12), (13, 36), (36, 13), (13, 37), (37, 13), (14, 22), (22, 14), (14, 25), (25, 14), (14, 33), (33, 14), (14, 34), (34, 14), (15, 22), (22, 15), (15, 26), (26, 15), (15, 28), (28, 15), (15, 35), (35, 15), (16, 29), (29, 16), (17, 28), (28, 17), (17, 33), (33, 17), (18, 20), (20, 18), (18, 26), (26, 18), (18, 28), (28, 18), (18, 29), (29, 18), (18, 31), (31, 18), (18, 40), (40, 18), (19, 22), (22, 19), (19, 32), (32, 19), (19, 40), (40, 19), (20, 38), (38, 20), (21, 39), (39, 21), (22, 32), (32, 22), (22, 39), (39, 22), (23, 27), (27, 23), (23, 30), (30, 23), (24, 26), (26, 24), (24, 28), (28, 24), (24, 29), (29, 24), (24, 31), (31, 24), (24, 39), (39, 24), (25, 35), (35, 25), (25, 38), (38, 25), (26, 32), (32, 26), (26, 34), (34, 26), (26, 36), (36, 26), (27, 28), (28, 27), (27, 40), (40, 27), (30, 38), (38, 30), (30, 40), (40, 30), (31, 36), (36, 31), (31, 37), (37, 31), (32, 36), (36, 32), (32, 40), (40, 32), (36, 37), (37, 36)]
Z_dad = [8, 37, 39]
Y_dad = [14]
X_dad = [11, 20, 23]
Z_da-ad = [8, 9, 39]
Y_da-ad = [33]
X_da-ad = [11, 20, 23]
