no              #fail
54.291          #totTm
0.183           #lastADTm
8               #itDAD
1.857           #avItADGoal
6               #itADOpt
9               #opt
8               #optDA-AD
0.52            #tmDA
11.1            #relGain

V = [1, 2, 3, 4, 5, 6, 7, 8, 9, 10, 11, 12, 13, 14, 15, 16, 17, 18, 19, 20, 21, 22, 23, 24, 25, 26, 27, 28, 29, 30, 31, 32, 33, 34, 35, 36, 37, 38, 39, 40]
A = [(1, 6), (6, 1), (1, 12), (12, 1), (1, 16), (16, 1), (1, 19), (19, 1), (1, 24), (24, 1), (1, 27), (27, 1), (1, 38), (38, 1), (2, 8), (8, 2), (2, 17), (17, 2), (2, 24), (24, 2), (2, 28), (28, 2), (2, 37), (37, 2), (2, 38), (38, 2), (3, 21), (21, 3), (3, 23), (23, 3), (4, 5), (5, 4), (4, 8), (8, 4), (4, 25), (25, 4), (4, 26), (26, 4), (4, 34), (34, 4), (4, 35), (35, 4), (4, 39), (39, 4), (4, 40), (40, 4), (5, 25), (25, 5), (5, 29), (29, 5), (5, 33), (33, 5), (6, 12), (12, 6), (6, 15), (15, 6), (6, 18), (18, 6), (6, 23), (23, 6), (6, 32), (32, 6), (6, 35), (35, 6), (6, 39), (39, 6), (7, 10), (10, 7), (7, 13), (13, 7), (7, 20), (20, 7), (7, 28), (28, 7), (8, 9), (9, 8), (8, 10), (10, 8), (8, 11), (11, 8), (8, 28), (28, 8), (8, 32), (32, 8), (8, 34), (34, 8), (9, 17), (17, 9), (9, 19), (19, 9), (10, 23), (23, 10), (10, 29), (29, 10), (10, 36), (36, 10), (11, 31), (31, 11), (11, 40), (40, 11), (12, 20), (20, 12), (12, 21), (21, 12), (12, 27), (27, 12), (12, 32), (32, 12), (12, 39), (39, 12), (12, 40), (40, 12), (13, 14), (14, 13), (14, 15), (15, 14), (14, 22), (22, 14), (14, 24), (24, 14), (14, 34), (34, 14), (14, 36), (36, 14), (14, 40), (40, 14), (15, 19), (19, 15), (16, 18), (18, 16), (16, 19), (19, 16), (16, 22), (22, 16), (16, 25), (25, 16), (16, 28), (28, 16), (16, 33), (33, 16), (16, 39), (39, 16), (17, 24), (24, 17), (17, 31), (31, 17), (17, 35), (35, 17), (18, 24), (24, 18), (18, 28), (28, 18), (18, 29), (29, 18), (18, 34), (34, 18), (18, 35), (35, 18), (18, 38), (38, 18), (19, 23), (23, 19), (19, 39), (39, 19), (20, 22), (22, 20), (20, 26), (26, 20), (20, 30), (30, 20), (20, 32), (32, 20), (21, 34), (34, 21), (21, 36), (36, 21), (22, 23), (23, 22), (22, 31), (31, 22), (22, 32), (32, 22), (23, 32), (32, 23), (24, 40), (40, 24), (25, 26), (26, 25), (25, 37), (37, 25), (26, 40), (40, 26), (27, 29), (29, 27), (27, 30), (30, 27), (27, 32), (32, 27), (27, 34), (34, 27), (28, 31), (31, 28), (28, 32), (32, 28), (28, 34), (34, 28), (28, 37), (37, 28), (29, 38), (38, 29), (29, 40), (40, 29), (33, 36), (36, 33), (33, 39), (39, 33), (34, 39), (39, 34)]
Z_dad = [14, 20, 27]
Y_dad = [28]
X_dad = [6, 7, 19]
Z_da-ad = [4, 20, 27]
Y_da-ad = [14]
X_da-ad = [7, 25, 40]
