no              #fail
37.095          #totTm
0.195           #lastADTm
8               #itDAD
1.429           #avItADGoal
4               #itADOpt
9               #opt
8               #optDA-AD
0.555           #tmDA
11.1            #relGain

V = [1, 2, 3, 4, 5, 6, 7, 8, 9, 10, 11, 12, 13, 14, 15, 16, 17, 18, 19, 20, 21, 22, 23, 24, 25, 26, 27, 28, 29, 30, 31, 32, 33, 34, 35, 36, 37, 38, 39, 40]
A = [(1, 21), (21, 1), (1, 28), (28, 1), (1, 29), (29, 1), (2, 10), (10, 2), (2, 13), (13, 2), (2, 15), (15, 2), (2, 18), (18, 2), (2, 21), (21, 2), (2, 23), (23, 2), (2, 26), (26, 2), (2, 32), (32, 2), (2, 40), (40, 2), (3, 17), (17, 3), (3, 38), (38, 3), (4, 10), (10, 4), (4, 14), (14, 4), (4, 16), (16, 4), (4, 26), (26, 4), (4, 35), (35, 4), (5, 23), (23, 5), (5, 32), (32, 5), (6, 16), (16, 6), (6, 19), (19, 6), (6, 22), (22, 6), (6, 26), (26, 6), (6, 28), (28, 6), (6, 31), (31, 6), (6, 34), (34, 6), (6, 39), (39, 6), (7, 13), (13, 7), (7, 19), (19, 7), (7, 39), (39, 7), (8, 15), (15, 8), (8, 20), (20, 8), (8, 21), (21, 8), (8, 22), (22, 8), (8, 27), (27, 8), (8, 30), (30, 8), (9, 11), (11, 9), (9, 13), (13, 9), (9, 17), (17, 9), (9, 22), (22, 9), (9, 24), (24, 9), (9, 26), (26, 9), (9, 33), (33, 9), (9, 38), (38, 9), (10, 12), (12, 10), (10, 18), (18, 10), (10, 20), (20, 10), (10, 37), (37, 10), (11, 31), (31, 11), (12, 39), (39, 12), (13, 15), (15, 13), (13, 16), (16, 13), (13, 18), (18, 13), (13, 24), (24, 13), (13, 35), (35, 13), (13, 38), (38, 13), (13, 39), (39, 13), (14, 16), (16, 14), (14, 24), (24, 14), (15, 17), (17, 15), (15, 19), (19, 15), (15, 29), (29, 15), (15, 35), (35, 15), (16, 26), (26, 16), (17, 21), (21, 17), (17, 26), (26, 17), (17, 28), (28, 17), (17, 31), (31, 17), (17, 33), (33, 17), (17, 38), (38, 17), (18, 19), (19, 18), (18, 21), (21, 18), (18, 27), (27, 18), (18, 28), (28, 18), (18, 29), (29, 18), (20, 31), (31, 20), (20, 37), (37, 20), (21, 24), (24, 21), (21, 28), (28, 21), (22, 23), (23, 22), (22, 28), (28, 22), (22, 31), (31, 22), (22, 34), (34, 22), (22, 37), (37, 22), (22, 38), (38, 22), (23, 25), (25, 23), (23, 26), (26, 23), (23, 30), (30, 23), (23, 33), (33, 23), (25, 26), (26, 25), (25, 29), (29, 25), (25, 31), (31, 25), (25, 40), (40, 25), (27, 28), (28, 27), (27, 32), (32, 27), (27, 35), (35, 27), (27, 36), (36, 27), (28, 31), (31, 28), (28, 36), (36, 28), (29, 40), (40, 29), (30, 32), (32, 30), (30, 40), (40, 30), (32, 33), (33, 32), (33, 34), (34, 33), (33, 39), (39, 33), (34, 39), (39, 34), (37, 39), (39, 37)]
Z_dad = [9, 22, 39]
Y_dad = [31]
X_dad = [10, 13, 17]
Z_da-ad = [2, 17, 38]
Y_da-ad = [27]
X_da-ad = [9, 31, 36]
