no              #fail
42.284          #totTm
0.232           #lastADTm
9               #itDAD
1.500           #avItADGoal
7               #itADOpt
10              #opt
9               #optDA-AD
0.577           #tmDA
10.0            #relGain

V = [1, 2, 3, 4, 5, 6, 7, 8, 9, 10, 11, 12, 13, 14, 15, 16, 17, 18, 19, 20, 21, 22, 23, 24, 25, 26, 27, 28, 29, 30, 31, 32, 33, 34, 35, 36, 37, 38, 39, 40]
A = [(1, 9), (9, 1), (1, 20), (20, 1), (1, 29), (29, 1), (1, 36), (36, 1), (1, 40), (40, 1), (2, 11), (11, 2), (2, 25), (25, 2), (2, 27), (27, 2), (2, 30), (30, 2), (2, 31), (31, 2), (2, 32), (32, 2), (2, 33), (33, 2), (2, 40), (40, 2), (3, 8), (8, 3), (3, 15), (15, 3), (3, 23), (23, 3), (3, 24), (24, 3), (4, 16), (16, 4), (4, 22), (22, 4), (4, 23), (23, 4), (4, 32), (32, 4), (5, 11), (11, 5), (5, 13), (13, 5), (5, 19), (19, 5), (5, 22), (22, 5), (5, 30), (30, 5), (5, 33), (33, 5), (6, 7), (7, 6), (6, 25), (25, 6), (6, 30), (30, 6), (7, 9), (9, 7), (7, 10), (10, 7), (7, 19), (19, 7), (7, 26), (26, 7), (7, 31), (31, 7), (7, 40), (40, 7), (8, 25), (25, 8), (8, 39), (39, 8), (9, 11), (11, 9), (9, 12), (12, 9), (9, 16), (16, 9), (9, 20), (20, 9), (9, 21), (21, 9), (9, 23), (23, 9), (9, 29), (29, 9), (9, 31), (31, 9), (9, 39), (39, 9), (10, 20), (20, 10), (10, 22), (22, 10), (10, 25), (25, 10), (10, 31), (31, 10), (10, 32), (32, 10), (10, 38), (38, 10), (11, 17), (17, 11), (11, 32), (32, 11), (11, 37), (37, 11), (12, 14), (14, 12), (12, 30), (30, 12), (12, 31), (31, 12), (12, 32), (32, 12), (13, 19), (19, 13), (13, 23), (23, 13), (13, 30), (30, 13), (13, 39), (39, 13), (14, 19), (19, 14), (14, 22), (22, 14), (14, 30), (30, 14), (14, 40), (40, 14), (15, 32), (32, 15), (15, 36), (36, 15), (16, 18), (18, 16), (16, 26), (26, 16), (16, 31), (31, 16), (16, 33), (33, 16), (16, 39), (39, 16), (17, 19), (19, 17), (17, 34), (34, 17), (17, 40), (40, 17), (18, 27), (27, 18), (18, 37), (37, 18), (19, 27), (27, 19), (19, 32), (32, 19), (20, 21), (21, 20), (20, 22), (22, 20), (20, 27), (27, 20), (20, 29), (29, 20), (20, 36), (36, 20), (21, 25), (25, 21), (21, 28), (28, 21), (21, 30), (30, 21), (23, 26), (26, 23), (24, 39), (39, 24), (25, 31), (31, 25), (25, 35), (35, 25), (27, 32), (32, 27), (28, 38), (38, 28), (29, 39), (39, 29), (29, 40), (40, 29), (31, 36), (36, 31), (31, 39), (39, 31), (31, 40), (40, 31), (32, 38), (38, 32), (32, 39), (39, 32), (34, 37), (37, 34), (35, 38), (38, 35), (36, 39), (39, 36), (37, 38), (38, 37), (37, 40), (40, 37), (38, 39), (39, 38)]
Z_dad = [23, 25, 39]
Y_dad = [38]
X_dad = [32, 36, 37]
Z_da-ad = [3, 25, 39]
Y_da-ad = [38]
X_da-ad = [1, 7, 30]
