no              #fail
46.097          #totTm
0.248           #lastADTm
8               #itDAD
1.571           #avItADGoal
8               #itADOpt
9               #opt
8               #optDA-AD
0.624           #tmDA
11.1            #relGain

V = [1, 2, 3, 4, 5, 6, 7, 8, 9, 10, 11, 12, 13, 14, 15, 16, 17, 18, 19, 20, 21, 22, 23, 24, 25, 26, 27, 28, 29, 30, 31, 32, 33, 34, 35, 36, 37, 38, 39, 40]
A = [(1, 5), (5, 1), (1, 6), (6, 1), (1, 10), (10, 1), (1, 12), (12, 1), (1, 14), (14, 1), (1, 17), (17, 1), (1, 34), (34, 1), (2, 3), (3, 2), (2, 13), (13, 2), (2, 18), (18, 2), (2, 20), (20, 2), (2, 24), (24, 2), (2, 28), (28, 2), (2, 29), (29, 2), (2, 30), (30, 2), (2, 33), (33, 2), (3, 6), (6, 3), (3, 11), (11, 3), (3, 13), (13, 3), (3, 19), (19, 3), (4, 9), (9, 4), (4, 26), (26, 4), (4, 29), (29, 4), (5, 7), (7, 5), (5, 10), (10, 5), (5, 15), (15, 5), (5, 24), (24, 5), (5, 26), (26, 5), (5, 27), (27, 5), (6, 9), (9, 6), (6, 11), (11, 6), (6, 19), (19, 6), (6, 32), (32, 6), (7, 13), (13, 7), (7, 18), (18, 7), (7, 19), (19, 7), (7, 20), (20, 7), (7, 21), (21, 7), (7, 30), (30, 7), (7, 39), (39, 7), (8, 24), (24, 8), (8, 28), (28, 8), (8, 33), (33, 8), (8, 35), (35, 8), (8, 36), (36, 8), (9, 12), (12, 9), (9, 20), (20, 9), (9, 27), (27, 9), (9, 30), (30, 9), (10, 22), (22, 10), (10, 28), (28, 10), (10, 38), (38, 10), (11, 36), (36, 11), (12, 18), (18, 12), (12, 24), (24, 12), (12, 27), (27, 12), (12, 28), (28, 12), (12, 30), (30, 12), (12, 31), (31, 12), (13, 14), (14, 13), (13, 17), (17, 13), (13, 19), (19, 13), (13, 25), (25, 13), (13, 28), (28, 13), (13, 33), (33, 13), (13, 40), (40, 13), (14, 15), (15, 14), (14, 18), (18, 14), (14, 21), (21, 14), (14, 23), (23, 14), (14, 26), (26, 14), (14, 29), (29, 14), (15, 21), (21, 15), (15, 24), (24, 15), (15, 25), (25, 15), (15, 30), (30, 15), (15, 33), (33, 15), (16, 32), (32, 16), (16, 35), (35, 16), (16, 36), (36, 16), (16, 39), (39, 16), (17, 22), (22, 17), (17, 30), (30, 17), (17, 32), (32, 17), (17, 40), (40, 17), (18, 31), (31, 18), (18, 32), (32, 18), (18, 38), (38, 18), (20, 28), (28, 20), (22, 38), (38, 22), (22, 39), (39, 22), (23, 25), (25, 23), (23, 38), (38, 23), (24, 25), (25, 24), (24, 30), (30, 24), (24, 34), (34, 24), (25, 28), (28, 25), (25, 34), (34, 25), (26, 29), (29, 26), (26, 36), (36, 26), (28, 31), (31, 28), (28, 33), (33, 28), (28, 34), (34, 28), (28, 35), (35, 28), (29, 32), (32, 29), (30, 37), (37, 30), (34, 39), (39, 34), (34, 40), (40, 34), (35, 40), (40, 35)]
Z_dad = [6, 7, 13]
Y_dad = [2]
X_dad = [3, 30, 36]
Z_da-ad = [1, 2, 30]
Y_da-ad = [29]
X_da-ad = [5, 9, 12]
