no              #fail
22.847          #totTm
0.198           #lastADTm
7               #itDAD
1.333           #avItADGoal
7               #itADOpt
11              #opt
11              #optDA-AD
0.756           #tmDA
0.0             #relGain

V = [1, 2, 3, 4, 5, 6, 7, 8, 9, 10, 11, 12, 13, 14, 15, 16, 17, 18, 19, 20, 21, 22, 23, 24, 25, 26, 27, 28, 29, 30, 31, 32, 33, 34, 35, 36, 37, 38, 39, 40]
A = [(1, 15), (15, 1), (1, 25), (25, 1), (1, 34), (34, 1), (1, 39), (39, 1), (1, 40), (40, 1), (2, 3), (3, 2), (2, 4), (4, 2), (2, 5), (5, 2), (2, 6), (6, 2), (2, 11), (11, 2), (2, 12), (12, 2), (2, 14), (14, 2), (3, 5), (5, 3), (3, 12), (12, 3), (3, 13), (13, 3), (3, 16), (16, 3), (3, 32), (32, 3), (3, 36), (36, 3), (4, 12), (12, 4), (4, 35), (35, 4), (4, 36), (36, 4), (5, 6), (6, 5), (5, 8), (8, 5), (5, 9), (9, 5), (5, 12), (12, 5), (5, 19), (19, 5), (5, 21), (21, 5), (5, 22), (22, 5), (5, 31), (31, 5), (5, 33), (33, 5), (5, 39), (39, 5), (6, 10), (10, 6), (6, 12), (12, 6), (6, 35), (35, 6), (7, 8), (8, 7), (7, 14), (14, 7), (7, 15), (15, 7), (7, 21), (21, 7), (7, 27), (27, 7), (8, 9), (9, 8), (8, 14), (14, 8), (8, 21), (21, 8), (8, 24), (24, 8), (8, 34), (34, 8), (8, 36), (36, 8), (9, 15), (15, 9), (9, 34), (34, 9), (9, 36), (36, 9), (9, 38), (38, 9), (10, 25), (25, 10), (10, 30), (30, 10), (11, 19), (19, 11), (11, 22), (22, 11), (11, 25), (25, 11), (11, 28), (28, 11), (11, 37), (37, 11), (12, 13), (13, 12), (12, 15), (15, 12), (12, 19), (19, 12), (12, 34), (34, 12), (12, 38), (38, 12), (13, 16), (16, 13), (13, 19), (19, 13), (13, 22), (22, 13), (13, 24), (24, 13), (13, 27), (27, 13), (13, 32), (32, 13), (14, 16), (16, 14), (14, 24), (24, 14), (14, 40), (40, 14), (15, 21), (21, 15), (15, 23), (23, 15), (15, 35), (35, 15), (16, 19), (19, 16), (16, 35), (35, 16), (17, 27), (27, 17), (17, 32), (32, 17), (18, 28), (28, 18), (18, 30), (30, 18), (18, 39), (39, 18), (18, 40), (40, 18), (19, 21), (21, 19), (19, 28), (28, 19), (20, 40), (40, 20), (21, 27), (27, 21), (21, 30), (30, 21), (21, 33), (33, 21), (22, 25), (25, 22), (22, 28), (28, 22), (22, 37), (37, 22), (22, 40), (40, 22), (23, 31), (31, 23), (23, 37), (37, 23), (23, 39), (39, 23), (24, 33), (33, 24), (25, 31), (31, 25), (25, 36), (36, 25), (25, 37), (37, 25), (26, 40), (40, 26), (27, 35), (35, 27), (27, 37), (37, 27), (27, 40), (40, 27), (28, 37), (37, 28), (30, 36), (36, 30), (31, 40), (40, 31), (32, 33), (33, 32), (32, 38), (38, 32), (36, 39), (39, 36), (37, 40), (40, 37)]
Z_dad = [27, 32, 40]
Y_dad = [5]
X_dad = [28, 30, 39]
Z_da-ad = [27, 32, 40]
Y_da-ad = [6]
X_da-ad = [5, 23, 25]
