no              #fail
59.749          #totTm
0.210           #lastADTm
8               #itDAD
1.571           #avItADGoal
6               #itADOpt
9               #opt
9               #optDA-AD
0.548           #tmDA
0.0             #relGain

V = [1, 2, 3, 4, 5, 6, 7, 8, 9, 10, 11, 12, 13, 14, 15, 16, 17, 18, 19, 20, 21, 22, 23, 24, 25, 26, 27, 28, 29, 30, 31, 32, 33, 34, 35, 36, 37, 38, 39, 40]
A = [(1, 9), (9, 1), (1, 15), (15, 1), (1, 16), (16, 1), (1, 17), (17, 1), (1, 22), (22, 1), (1, 24), (24, 1), (1, 31), (31, 1), (2, 4), (4, 2), (2, 5), (5, 2), (3, 36), (36, 3), (4, 7), (7, 4), (4, 8), (8, 4), (4, 19), (19, 4), (4, 21), (21, 4), (4, 27), (27, 4), (4, 38), (38, 4), (5, 7), (7, 5), (5, 8), (8, 5), (5, 13), (13, 5), (5, 18), (18, 5), (5, 24), (24, 5), (5, 29), (29, 5), (5, 30), (30, 5), (5, 32), (32, 5), (5, 34), (34, 5), (6, 10), (10, 6), (6, 11), (11, 6), (6, 16), (16, 6), (7, 8), (8, 7), (7, 12), (12, 7), (7, 30), (30, 7), (7, 36), (36, 7), (7, 40), (40, 7), (8, 24), (24, 8), (8, 26), (26, 8), (8, 28), (28, 8), (8, 40), (40, 8), (9, 30), (30, 9), (9, 38), (38, 9), (9, 39), (39, 9), (10, 13), (13, 10), (10, 15), (15, 10), (10, 17), (17, 10), (10, 22), (22, 10), (10, 38), (38, 10), (11, 14), (14, 11), (11, 20), (20, 11), (11, 22), (22, 11), (11, 24), (24, 11), (11, 30), (30, 11), (12, 14), (14, 12), (12, 23), (23, 12), (12, 26), (26, 12), (12, 29), (29, 12), (12, 34), (34, 12), (12, 40), (40, 12), (13, 27), (27, 13), (13, 28), (28, 13), (13, 35), (35, 13), (14, 20), (20, 14), (14, 24), (24, 14), (14, 26), (26, 14), (14, 27), (27, 14), (14, 35), (35, 14), (15, 16), (16, 15), (15, 40), (40, 15), (16, 31), (31, 16), (16, 35), (35, 16), (17, 18), (18, 17), (17, 27), (27, 17), (17, 30), (30, 17), (17, 36), (36, 17), (17, 38), (38, 17), (18, 33), (33, 18), (18, 39), (39, 18), (19, 25), (25, 19), (19, 33), (33, 19), (19, 37), (37, 19), (19, 38), (38, 19), (19, 39), (39, 19), (20, 34), (34, 20), (20, 36), (36, 20), (21, 26), (26, 21), (22, 27), (27, 22), (23, 27), (27, 23), (23, 31), (31, 23), (24, 27), (27, 24), (24, 29), (29, 24), (24, 38), (38, 24), (25, 33), (33, 25), (26, 27), (27, 26), (26, 39), (39, 26), (27, 28), (28, 27), (27, 31), (31, 27), (27, 37), (37, 27), (29, 32), (32, 29), (29, 33), (33, 29), (29, 36), (36, 29), (29, 38), (38, 29), (30, 39), (39, 30), (31, 33), (33, 31), (31, 36), (36, 31), (32, 34), (34, 32), (32, 36), (36, 32), (33, 34), (34, 33), (33, 38), (38, 33), (33, 40), (40, 33), (37, 40), (40, 37), (39, 40), (40, 39)]
Z_dad = [4, 5, 36]
Y_dad = [26]
X_dad = [12, 27, 31]
Z_da-ad = [4, 5, 36]
Y_da-ad = [26]
X_da-ad = [25, 29, 34]
