no              #fail
13.860          #totTm
5.040           #lastADTm
9               #itDAD
3.250           #avItADGoal
51              #itADOpt
18              #opt
18              #optDA-AD
0.972           #tmDA
0.0             #relGain

V = [1, 2, 3, 4, 5, 6, 7, 8, 9, 10, 11, 12, 13, 14, 15, 16, 17, 18, 19, 20, 21, 22, 23, 24, 25, 26, 27, 28, 29, 30, 31, 32, 33, 34, 35, 36, 37, 38, 39, 40]
A = [(2, 18), (18, 2), (2, 40), (40, 2), (3, 5), (5, 3), (3, 10), (10, 3), (3, 30), (30, 3), (5, 19), (19, 5), (5, 32), (32, 5), (5, 39), (39, 5), (6, 16), (16, 6), (6, 39), (39, 6), (7, 10), (10, 7), (7, 11), (11, 7), (7, 12), (12, 7), (8, 24), (24, 8), (9, 21), (21, 9), (9, 33), (33, 9), (10, 36), (36, 10), (12, 34), (34, 12), (14, 21), (21, 14), (14, 33), (33, 14), (14, 37), (37, 14), (15, 19), (19, 15), (15, 25), (25, 15), (15, 26), (26, 15), (15, 34), (34, 15), (16, 23), (23, 16), (16, 26), (26, 16), (17, 22), (22, 17), (18, 35), (35, 18), (19, 29), (29, 19), (19, 31), (31, 19), (20, 26), (26, 20), (21, 28), (28, 21), (23, 35), (35, 23), (23, 36), (36, 23), (25, 39), (39, 25), (26, 31), (31, 26), (26, 32), (32, 26), (26, 37), (37, 26), (27, 35), (35, 27), (27, 38), (38, 27), (28, 35), (35, 28), (28, 37), (37, 28), (32, 38), (38, 32), (34, 40), (40, 34), (36, 38), (38, 36)]
Z_dad = [26, 34]
Y_dad = [5, 28]
X_dad = [10, 35]
Z_da-ad = [26, 35]
Y_da-ad = [9, 10]
X_da-ad = [7, 15]
