no              #fail
19.582          #totTm
3.106           #lastADTm
12              #itDAD
4.000           #avItADGoal
33              #itADOpt
17              #opt
15              #optDA-AD
1.412           #tmDA
11.8            #relGain

V = [1, 2, 3, 4, 5, 6, 7, 8, 9, 10, 11, 12, 13, 14, 15, 16, 17, 18, 19, 20, 21, 22, 23, 24, 25, 26, 27, 28, 29, 30, 31, 32, 33, 34, 35, 36, 37, 38, 39, 40]
A = [(1, 4), (4, 1), (1, 7), (7, 1), (1, 39), (39, 1), (2, 21), (21, 2), (2, 25), (25, 2), (3, 13), (13, 3), (4, 37), (37, 4), (5, 16), (16, 5), (5, 19), (19, 5), (5, 33), (33, 5), (6, 25), (25, 6), (6, 26), (26, 6), (6, 37), (37, 6), (7, 10), (10, 7), (7, 25), (25, 7), (8, 16), (16, 8), (8, 28), (28, 8), (9, 23), (23, 9), (9, 36), (36, 9), (10, 33), (33, 10), (11, 19), (19, 11), (11, 39), (39, 11), (12, 20), (20, 12), (12, 34), (34, 12), (12, 37), (37, 12), (14, 21), (21, 14), (14, 23), (23, 14), (14, 28), (28, 14), (15, 27), (27, 15), (15, 36), (36, 15), (16, 25), (25, 16), (17, 21), (21, 17), (18, 29), (29, 18), (19, 37), (37, 19), (19, 38), (38, 19), (20, 26), (26, 20), (20, 32), (32, 20), (22, 37), (37, 22), (24, 36), (36, 24), (26, 28), (28, 26), (26, 35), (35, 26), (29, 35), (35, 29), (31, 38), (38, 31), (31, 40), (40, 31), (32, 40), (40, 32), (34, 39), (39, 34)]
Z_dad = [25, 26]
Y_dad = [19, 23]
X_dad = [9, 14]
Z_da-ad = [26, 36]
Y_da-ad = [14, 31]
X_da-ad = [25, 37]
