no              #fail
12.735          #totTm
12.142          #lastADTm
4               #itDAD
1.000           #avItADGoal
94              #itADOpt
24              #opt
18              #optDA-AD
0.635           #tmDA
25.0            #relGain

V = [1, 2, 3, 4, 5, 6, 7, 8, 9, 10, 11, 12, 13, 14, 15, 16, 17, 18, 19, 20, 21, 22, 23, 24, 25, 26, 27, 28, 29, 30, 31, 32, 33, 34, 35, 36, 37, 38, 39, 40]
A = [(1, 30), (30, 1), (1, 37), (37, 1), (2, 7), (7, 2), (2, 24), (24, 2), (3, 5), (5, 3), (3, 15), (15, 3), (3, 30), (30, 3), (3, 39), (39, 3), (4, 10), (10, 4), (4, 18), (18, 4), (4, 36), (36, 4), (6, 8), (8, 6), (6, 22), (22, 6), (7, 27), (27, 7), (7, 35), (35, 7), (9, 33), (33, 9), (9, 34), (34, 9), (11, 17), (17, 11), (11, 25), (25, 11), (12, 13), (13, 12), (13, 24), (24, 13), (13, 36), (36, 13), (13, 38), (38, 13), (14, 20), (20, 14), (14, 30), (30, 14), (15, 18), (18, 15), (15, 40), (40, 15), (16, 21), (21, 16), (18, 35), (35, 18), (19, 38), (38, 19), (20, 31), (31, 20), (20, 38), (38, 20), (21, 24), (24, 21), (21, 34), (34, 21), (22, 24), (24, 22), (22, 27), (27, 22), (22, 30), (30, 22), (23, 29), (29, 23), (23, 35), (35, 23), (24, 33), (33, 24), (24, 37), (37, 24), (30, 34), (34, 30), (30, 38), (38, 30), (31, 37), (37, 31), (31, 38), (38, 31), (32, 35), (35, 32)]
Z_dad = [24, 30]
Y_dad = [35, 38]
X_dad = [7, 18]
Z_da-ad = [3, 35]
Y_da-ad = [18, 24]
X_da-ad = [2, 22]
