no              #fail
5.154           #totTm
4.049           #lastADTm
5               #itDAD
1.000           #avItADGoal
51              #itADOpt
21              #opt
17              #optDA-AD
1.563           #tmDA
19.0            #relGain

V = [1, 2, 3, 4, 5, 6, 7, 8, 9, 10, 11, 12, 13, 14, 15, 16, 17, 18, 19, 20, 21, 22, 23, 24, 25, 26, 27, 28, 29, 30, 31, 32, 33, 34, 35, 36, 37, 38, 39, 40]
A = [(1, 7), (7, 1), (1, 27), (27, 1), (2, 22), (22, 2), (2, 35), (35, 2), (3, 6), (6, 3), (3, 18), (18, 3), (3, 26), (26, 3), (4, 36), (36, 4), (5, 15), (15, 5), (5, 32), (32, 5), (6, 11), (11, 6), (6, 15), (15, 6), (6, 21), (21, 6), (7, 10), (10, 7), (8, 20), (20, 8), (9, 14), (14, 9), (9, 21), (21, 9), (9, 30), (30, 9), (10, 20), (20, 10), (10, 21), (21, 10), (10, 30), (30, 10), (12, 26), (26, 12), (12, 33), (33, 12), (12, 39), (39, 12), (13, 26), (26, 13), (14, 18), (18, 14), (14, 32), (32, 14), (16, 24), (24, 16), (16, 26), (26, 16), (16, 34), (34, 16), (17, 21), (21, 17), (19, 20), (20, 19), (19, 24), (24, 19), (19, 31), (31, 19), (21, 24), (24, 21), (21, 39), (39, 21), (21, 40), (40, 21), (22, 28), (28, 22), (22, 31), (31, 22), (22, 38), (38, 22), (23, 33), (33, 23), (25, 35), (35, 25), (26, 37), (37, 26), (30, 33), (33, 30), (30, 34), (34, 30), (33, 36), (36, 33)]
Z_dad = [21, 26]
Y_dad = [14, 19]
X_dad = [30, 31]
Z_da-ad = [10, 22]
Y_da-ad = [6, 35]
X_da-ad = [24, 33]
