no              #fail
8.212           #totTm
7.516           #lastADTm
4               #itDAD
1.000           #avItADGoal
72              #itADOpt
21              #opt
19              #optDA-AD
0.968           #tmDA
9.5             #relGain

V = [1, 2, 3, 4, 5, 6, 7, 8, 9, 10, 11, 12, 13, 14, 15, 16, 17, 18, 19, 20, 21, 22, 23, 24, 25, 26, 27, 28, 29, 30, 31, 32, 33, 34, 35, 36, 37, 38, 39, 40]
A = [(1, 36), (36, 1), (2, 4), (4, 2), (2, 15), (15, 2), (2, 30), (30, 2), (3, 12), (12, 3), (3, 36), (36, 3), (4, 8), (8, 4), (4, 15), (15, 4), (4, 21), (21, 4), (4, 25), (25, 4), (4, 29), (29, 4), (4, 35), (35, 4), (5, 21), (21, 5), (6, 8), (8, 6), (6, 14), (14, 6), (6, 18), (18, 6), (7, 10), (10, 7), (7, 30), (30, 7), (8, 33), (33, 8), (8, 37), (37, 8), (9, 40), (40, 9), (10, 12), (12, 10), (10, 35), (35, 10), (11, 16), (16, 11), (11, 24), (24, 11), (11, 26), (26, 11), (11, 32), (32, 11), (11, 35), (35, 11), (12, 32), (32, 12), (12, 40), (40, 12), (13, 27), (27, 13), (14, 19), (19, 14), (14, 40), (40, 14), (15, 23), (23, 15), (15, 26), (26, 15), (16, 36), (36, 16), (18, 23), (23, 18), (18, 40), (40, 18), (19, 33), (33, 19), (23, 27), (27, 23), (23, 39), (39, 23), (26, 38), (38, 26), (29, 37), (37, 29), (31, 33), (33, 31), (32, 39), (39, 32), (33, 37), (37, 33)]
Z_dad = [4, 11]
Y_dad = [15, 40]
X_dad = [2, 12]
Z_da-ad = [4, 23]
Y_da-ad = [6, 11]
X_da-ad = [8, 14]
