no              #fail
16.209          #totTm
8.273           #lastADTm
12              #itDAD
1.818           #avItADGoal
89              #itADOpt
21              #opt
20              #optDA-AD
0.676           #tmDA
4.8             #relGain

V = [1, 2, 3, 4, 5, 6, 7, 8, 9, 10, 11, 12, 13, 14, 15, 16, 17, 18, 19, 20, 21, 22, 23, 24, 25, 26, 27, 28, 29, 30, 31, 32, 33, 34, 35, 36, 37, 38, 39, 40]
A = [(1, 11), (11, 1), (1, 18), (18, 1), (1, 29), (29, 1), (1, 34), (34, 1), (2, 22), (22, 2), (3, 13), (13, 3), (3, 32), (32, 3), (5, 7), (7, 5), (5, 14), (14, 5), (5, 35), (35, 5), (6, 18), (18, 6), (6, 34), (34, 6), (7, 8), (8, 7), (7, 15), (15, 7), (7, 29), (29, 7), (7, 40), (40, 7), (8, 15), (15, 8), (8, 25), (25, 8), (8, 26), (26, 8), (8, 28), (28, 8), (10, 16), (16, 10), (11, 24), (24, 11), (11, 35), (35, 11), (13, 19), (19, 13), (13, 27), (27, 13), (13, 37), (37, 13), (14, 17), (17, 14), (14, 20), (20, 14), (14, 29), (29, 14), (15, 25), (25, 15), (15, 27), (27, 15), (15, 28), (28, 15), (16, 17), (17, 16), (16, 29), (29, 16), (16, 35), (35, 16), (16, 37), (37, 16), (19, 26), (26, 19), (19, 28), (28, 19), (21, 23), (23, 21), (21, 39), (39, 21), (25, 39), (39, 25), (28, 38), (38, 28), (30, 36), (36, 30), (31, 34), (34, 31), (38, 39), (39, 38), (39, 40), (40, 39)]
Z_dad = [11, 13]
Y_dad = [8, 29]
X_dad = [1, 16]
Z_da-ad = [7, 13]
Y_da-ad = [35, 39]
X_da-ad = [25, 38]
