no              #fail
4.652           #totTm
1.712           #lastADTm
7               #itDAD
1.333           #avItADGoal
24              #itADOpt
18              #opt
16              #optDA-AD
1.049           #tmDA
11.1            #relGain

V = [1, 2, 3, 4, 5, 6, 7, 8, 9, 10, 11, 12, 13, 14, 15, 16, 17, 18, 19, 20, 21, 22, 23, 24, 25, 26, 27, 28, 29, 30, 31, 32, 33, 34, 35, 36, 37, 38, 39, 40]
A = [(1, 28), (28, 1), (1, 31), (31, 1), (1, 34), (34, 1), (1, 37), (37, 1), (2, 23), (23, 2), (2, 24), (24, 2), (4, 11), (11, 4), (5, 18), (18, 5), (7, 11), (11, 7), (7, 18), (18, 7), (7, 28), (28, 7), (7, 35), (35, 7), (8, 14), (14, 8), (8, 36), (36, 8), (9, 40), (40, 9), (10, 15), (15, 10), (10, 21), (21, 10), (10, 29), (29, 10), (12, 13), (13, 12), (12, 33), (33, 12), (13, 28), (28, 13), (14, 18), (18, 14), (14, 28), (28, 14), (14, 32), (32, 14), (15, 19), (19, 15), (16, 19), (19, 16), (16, 31), (31, 16), (16, 35), (35, 16), (17, 22), (22, 17), (17, 30), (30, 17), (17, 39), (39, 17), (19, 22), (22, 19), (20, 36), (36, 20), (21, 23), (23, 21), (21, 27), (27, 21), (23, 27), (27, 23), (23, 38), (38, 23), (24, 31), (31, 24), (26, 30), (30, 26), (26, 32), (32, 26), (26, 37), (37, 26), (27, 40), (40, 27), (28, 33), (33, 28), (34, 35), (35, 34), (34, 40), (40, 34), (35, 37), (37, 35)]
Z_dad = [14, 19]
Y_dad = [1, 36]
X_dad = [31, 34]
Z_da-ad = [7, 14]
Y_da-ad = [8, 37]
X_da-ad = [19, 26]
