no              #fail
8.886           #totTm
7.544           #lastADTm
6               #itDAD
1.000           #avItADGoal
64              #itADOpt
23              #opt
22              #optDA-AD
1.157           #tmDA
4.3             #relGain

V = [1, 2, 3, 4, 5, 6, 7, 8, 9, 10, 11, 12, 13, 14, 15, 16, 17, 18, 19, 20, 21, 22, 23, 24, 25, 26, 27, 28, 29, 30, 31, 32, 33, 34, 35, 36, 37, 38, 39, 40]
A = [(1, 8), (8, 1), (1, 12), (12, 1), (1, 28), (28, 1), (1, 32), (32, 1), (2, 12), (12, 2), (3, 10), (10, 3), (3, 19), (19, 3), (3, 36), (36, 3), (4, 31), (31, 4), (4, 34), (34, 4), (4, 35), (35, 4), (4, 37), (37, 4), (4, 38), (38, 4), (5, 7), (7, 5), (5, 9), (9, 5), (5, 11), (11, 5), (5, 15), (15, 5), (6, 24), (24, 6), (6, 37), (37, 6), (7, 11), (11, 7), (7, 21), (21, 7), (8, 17), (17, 8), (8, 25), (25, 8), (9, 21), (21, 9), (9, 24), (24, 9), (11, 18), (18, 11), (11, 32), (32, 11), (12, 27), (27, 12), (13, 24), (24, 13), (14, 28), (28, 14), (15, 20), (20, 15), (15, 21), (21, 15), (15, 30), (30, 15), (17, 23), (23, 17), (18, 20), (20, 18), (19, 22), (22, 19), (20, 35), (35, 20), (20, 39), (39, 20), (21, 22), (22, 21), (22, 23), (23, 22), (24, 33), (33, 24), (26, 31), (31, 26), (26, 39), (39, 26), (26, 40), (40, 26), (31, 40), (40, 31), (35, 40), (40, 35)]
Z_dad = [20, 24]
Y_dad = [11, 35]
X_dad = [21, 32]
Z_da-ad = [1, 22]
Y_da-ad = [8, 20]
X_da-ad = [4, 9]
