no              #fail
17.887          #totTm
14.784          #lastADTm
9               #itDAD
1.500           #avItADGoal
134             #itADOpt
20              #opt
16              #optDA-AD
1.598           #tmDA
20.0            #relGain

V = [1, 2, 3, 4, 5, 6, 7, 8, 9, 10, 11, 12, 13, 14, 15, 16, 17, 18, 19, 20, 21, 22, 23, 24, 25, 26, 27, 28, 29, 30, 31, 32, 33, 34, 35, 36, 37, 38, 39, 40]
A = [(1, 11), (11, 1), (1, 37), (37, 1), (2, 34), (34, 2), (2, 36), (36, 2), (3, 8), (8, 3), (3, 23), (23, 3), (3, 36), (36, 3), (5, 25), (25, 5), (5, 35), (35, 5), (6, 19), (19, 6), (6, 26), (26, 6), (6, 36), (36, 6), (6, 38), (38, 6), (7, 36), (36, 7), (8, 35), (35, 8), (9, 25), (25, 9), (10, 25), (25, 10), (11, 27), (27, 11), (11, 32), (32, 11), (11, 34), (34, 11), (11, 39), (39, 11), (12, 24), (24, 12), (15, 40), (40, 15), (16, 17), (17, 16), (16, 40), (40, 16), (17, 34), (34, 17), (17, 39), (39, 17), (18, 30), (30, 18), (18, 36), (36, 18), (18, 40), (40, 18), (19, 20), (20, 19), (19, 37), (37, 19), (20, 36), (36, 20), (21, 33), (33, 21), (22, 30), (30, 22), (23, 27), (27, 23), (24, 27), (27, 24), (26, 39), (39, 26), (27, 29), (29, 27), (27, 36), (36, 27), (31, 40), (40, 31), (32, 39), (39, 32), (33, 38), (38, 33), (34, 38), (38, 34), (34, 39), (39, 34), (39, 40), (40, 39)]
Z_dad = [36, 40]
Y_dad = [5, 11]
X_dad = [27, 35]
Z_da-ad = [3, 27]
Y_da-ad = [5, 36]
X_da-ad = [25, 38]
