no              #fail
12.191          #totTm
6.794           #lastADTm
11              #itDAD
2.500           #avItADGoal
74              #itADOpt
19              #opt
18              #optDA-AD
0.791           #tmDA
5.3             #relGain

V = [1, 2, 3, 4, 5, 6, 7, 8, 9, 10, 11, 12, 13, 14, 15, 16, 17, 18, 19, 20, 21, 22, 23, 24, 25, 26, 27, 28, 29, 30, 31, 32, 33, 34, 35, 36, 37, 38, 39, 40]
A = [(1, 26), (26, 1), (2, 27), (27, 2), (2, 36), (36, 2), (3, 14), (14, 3), (3, 37), (37, 3), (4, 10), (10, 4), (4, 16), (16, 4), (4, 21), (21, 4), (4, 35), (35, 4), (6, 12), (12, 6), (6, 19), (19, 6), (6, 22), (22, 6), (9, 39), (39, 9), (10, 20), (20, 10), (11, 26), (26, 11), (11, 35), (35, 11), (12, 26), (26, 12), (12, 29), (29, 12), (13, 38), (38, 13), (15, 24), (24, 15), (15, 33), (33, 15), (16, 17), (17, 16), (16, 24), (24, 16), (17, 24), (24, 17), (17, 33), (33, 17), (18, 21), (21, 18), (18, 23), (23, 18), (19, 20), (20, 19), (20, 22), (22, 20), (20, 28), (28, 20), (20, 35), (35, 20), (22, 27), (27, 22), (22, 29), (29, 22), (23, 24), (24, 23), (23, 28), (28, 23), (24, 37), (37, 24), (25, 33), (33, 25), (27, 35), (35, 27), (28, 36), (36, 28), (31, 33), (33, 31), (32, 33), (33, 32), (32, 38), (38, 32), (32, 40), (40, 32), (33, 37), (37, 33), (35, 36), (36, 35), (37, 40), (40, 37)]
Z_dad = [28, 33]
Y_dad = [35, 37]
X_dad = [4, 24]
Z_da-ad = [33, 37]
Y_da-ad = [4, 13]
X_da-ad = [12, 35]
