no              #fail
1.652           #totTm
1.149           #lastADTm
3               #itDAD
1.000           #avItADGoal
17              #itADOpt
43              #opt
43              #optDA-AD
0.364           #tmDA
0.0             #relGain

V = [1, 2, 3, 4, 5, 6, 7, 8, 9, 10, 11, 12, 13, 14, 15, 16, 17, 18, 19, 20, 21, 22, 23, 24, 25, 26, 27, 28, 29, 30, 31, 32, 33, 34, 35, 36, 37, 38, 39, 40, 41, 42, 43, 44, 45, 46, 47, 48, 49, 50, 51, 52, 53, 54, 55, 56, 57, 58, 59, 60]
A = [(2, 1), (1, 2), (3, 2), (2, 3), (4, 2), (2, 4), (5, 4), (4, 5), (6, 1), (1, 6), (7, 2), (2, 7), (8, 2), (2, 8), (9, 1), (1, 9), (10, 4), (4, 10), (11, 2), (2, 11), (12, 3), (3, 12), (13, 6), (6, 13), (14, 12), (12, 14), (15, 1), (1, 15), (16, 13), (13, 16), (17, 5), (5, 17), (18, 17), (17, 18), (19, 17), (17, 19), (20, 8), (8, 20), (21, 17), (17, 21), (22, 17), (17, 22), (23, 11), (11, 23), (24, 15), (15, 24), (25, 17), (17, 25), (26, 5), (5, 26), (27, 18), (18, 27), (28, 16), (16, 28), (29, 16), (16, 29), (30, 7), (7, 30), (31, 16), (16, 31), (32, 2), (2, 32), (33, 19), (19, 33), (34, 7), (7, 34), (35, 24), (24, 35), (36, 2), (2, 36), (37, 32), (32, 37), (38, 5), (5, 38), (39, 37), (37, 39), (40, 3), (3, 40), (41, 40), (40, 41), (42, 10), (10, 42), (43, 40), (40, 43), (44, 40), (40, 44), (45, 25), (25, 45), (46, 2), (2, 46), (47, 19), (19, 47), (48, 25), (25, 48), (49, 29), (29, 49), (50, 38), (38, 50), (51, 30), (30, 51), (52, 37), (37, 52), (53, 33), (33, 53), (54, 48), (48, 54), (55, 4), (4, 55), (56, 45), (45, 56), (57, 48), (48, 57), (58, 33), (33, 58), (59, 47), (47, 59), (60, 35), (35, 60)]
Z_dad = [2]
Y_dad = [17]
X_dad = [5]
Z_da-ad = [2]
Y_da-ad = [17]
X_da-ad = [5]
