no              #fail
1.390           #totTm
0.850           #lastADTm
3               #itDAD
1.000           #avItADGoal
11              #itADOpt
47              #opt
47              #optDA-AD
0.255           #tmDA
0.0             #relGain

V = [1, 2, 3, 4, 5, 6, 7, 8, 9, 10, 11, 12, 13, 14, 15, 16, 17, 18, 19, 20, 21, 22, 23, 24, 25, 26, 27, 28, 29, 30, 31, 32, 33, 34, 35, 36, 37, 38, 39, 40, 41, 42, 43, 44, 45, 46, 47, 48, 49, 50, 51, 52, 53, 54, 55, 56, 57, 58, 59, 60]
A = [(2, 1), (1, 2), (3, 1), (1, 3), (4, 2), (2, 4), (5, 2), (2, 5), (6, 4), (4, 6), (7, 2), (2, 7), (8, 7), (7, 8), (9, 2), (2, 9), (10, 6), (6, 10), (11, 3), (3, 11), (12, 7), (7, 12), (13, 10), (10, 13), (14, 6), (6, 14), (15, 9), (9, 15), (16, 3), (3, 16), (17, 16), (16, 17), (18, 11), (11, 18), (19, 13), (13, 19), (20, 7), (7, 20), (21, 13), (13, 21), (22, 4), (4, 22), (23, 18), (18, 23), (24, 16), (16, 24), (25, 7), (7, 25), (26, 15), (15, 26), (27, 17), (17, 27), (28, 11), (11, 28), (29, 28), (28, 29), (30, 7), (7, 30), (31, 21), (21, 31), (32, 8), (8, 32), (33, 2), (2, 33), (34, 27), (27, 34), (35, 18), (18, 35), (36, 23), (23, 36), (37, 17), (17, 37), (38, 31), (31, 38), (39, 27), (27, 39), (40, 10), (10, 40), (41, 40), (40, 41), (42, 7), (7, 42), (43, 39), (39, 43), (44, 19), (19, 44), (45, 29), (29, 45), (46, 6), (6, 46), (47, 36), (36, 47), (48, 7), (7, 48), (49, 18), (18, 49), (50, 20), (20, 50), (51, 31), (31, 51), (52, 23), (23, 52), (53, 49), (49, 53), (54, 13), (13, 54), (55, 34), (34, 55), (56, 24), (24, 56), (57, 8), (8, 57), (58, 19), (19, 58), (59, 18), (18, 59), (60, 7), (7, 60)]
Z_dad = [2]
Y_dad = [11]
X_dad = [3]
Z_da-ad = [2]
Y_da-ad = [11]
X_da-ad = [3]
