no              #fail
1.312           #totTm
0.856           #lastADTm
3               #itDAD
1.000           #avItADGoal
13              #itADOpt
47              #opt
47              #optDA-AD
0.33            #tmDA
0.0             #relGain

V = [1, 2, 3, 4, 5, 6, 7, 8, 9, 10, 11, 12, 13, 14, 15, 16, 17, 18, 19, 20, 21, 22, 23, 24, 25, 26, 27, 28, 29, 30, 31, 32, 33, 34, 35, 36, 37, 38, 39, 40, 41, 42, 43, 44, 45, 46, 47, 48, 49, 50, 51, 52, 53, 54, 55, 56, 57, 58, 59, 60]
A = [(2, 1), (1, 2), (3, 1), (1, 3), (4, 2), (2, 4), (5, 2), (2, 5), (6, 1), (1, 6), (7, 2), (2, 7), (8, 6), (6, 8), (9, 2), (2, 9), (10, 3), (3, 10), (11, 5), (5, 11), (12, 2), (2, 12), (13, 5), (5, 13), (14, 1), (1, 14), (15, 11), (11, 15), (16, 10), (10, 16), (17, 10), (10, 17), (18, 2), (2, 18), (19, 13), (13, 19), (20, 17), (17, 20), (21, 5), (5, 21), (22, 9), (9, 22), (23, 8), (8, 23), (24, 11), (11, 24), (25, 14), (14, 25), (26, 5), (5, 26), (27, 3), (3, 27), (28, 17), (17, 28), (29, 27), (27, 29), (30, 25), (25, 30), (31, 21), (21, 31), (32, 13), (13, 32), (33, 22), (22, 33), (34, 31), (31, 34), (35, 32), (32, 35), (36, 22), (22, 36), (37, 11), (11, 37), (38, 9), (9, 38), (39, 4), (4, 39), (40, 14), (14, 40), (41, 22), (22, 41), (42, 28), (28, 42), (43, 4), (4, 43), (44, 23), (23, 44), (45, 4), (4, 45), (46, 23), (23, 46), (47, 1), (1, 47), (48, 9), (9, 48), (49, 14), (14, 49), (50, 13), (13, 50), (51, 5), (5, 51), (52, 6), (6, 52), (53, 22), (22, 53), (54, 18), (18, 54), (55, 18), (18, 55), (56, 15), (15, 56), (57, 11), (11, 57), (58, 13), (13, 58), (59, 11), (11, 59), (60, 17), (17, 60)]
Z_dad = [2]
Y_dad = [1]
X_dad = [3]
Z_da-ad = [2]
Y_da-ad = [1]
X_da-ad = [3]
