no              #fail
1.307           #totTm
0.813           #lastADTm
3               #itDAD
1.000           #avItADGoal
12              #itADOpt
45              #opt
45              #optDA-AD
0.263           #tmDA
0.0             #relGain

V = [1, 2, 3, 4, 5, 6, 7, 8, 9, 10, 11, 12, 13, 14, 15, 16, 17, 18, 19, 20, 21, 22, 23, 24, 25, 26, 27, 28, 29, 30, 31, 32, 33, 34, 35, 36, 37, 38, 39, 40, 41, 42, 43, 44, 45, 46, 47, 48, 49, 50, 51, 52, 53, 54, 55, 56, 57, 58, 59, 60]
A = [(2, 1), (1, 2), (3, 1), (1, 3), (4, 2), (2, 4), (5, 2), (2, 5), (6, 3), (3, 6), (7, 3), (3, 7), (8, 2), (2, 8), (9, 7), (7, 9), (10, 6), (6, 10), (11, 10), (10, 11), (12, 11), (11, 12), (13, 5), (5, 13), (14, 10), (10, 14), (15, 5), (5, 15), (16, 3), (3, 16), (17, 6), (6, 17), (18, 3), (3, 18), (19, 12), (12, 19), (20, 3), (3, 20), (21, 2), (2, 21), (22, 2), (2, 22), (23, 6), (6, 23), (24, 2), (2, 24), (25, 15), (15, 25), (26, 10), (10, 26), (27, 7), (7, 27), (28, 10), (10, 28), (29, 13), (13, 29), (30, 5), (5, 30), (31, 19), (19, 31), (32, 5), (5, 32), (33, 10), (10, 33), (34, 16), (16, 34), (35, 15), (15, 35), (36, 7), (7, 36), (37, 7), (7, 37), (38, 24), (24, 38), (39, 26), (26, 39), (40, 31), (31, 40), (41, 29), (29, 41), (42, 41), (41, 42), (43, 13), (13, 43), (44, 36), (36, 44), (45, 4), (4, 45), (46, 10), (10, 46), (47, 20), (20, 47), (48, 22), (22, 48), (49, 46), (46, 49), (50, 37), (37, 50), (51, 9), (9, 51), (52, 17), (17, 52), (53, 46), (46, 53), (54, 32), (32, 54), (55, 26), (26, 55), (56, 8), (8, 56), (57, 9), (9, 57), (58, 53), (53, 58), (59, 34), (34, 59), (60, 29), (29, 60)]
Z_dad = [3]
Y_dad = [10]
X_dad = [11]
Z_da-ad = [3]
Y_da-ad = [10]
X_da-ad = [11]
