no              #fail
2.115           #totTm
0.670           #lastADTm
5               #itDAD
1.000           #avItADGoal
9               #itADOpt
41              #opt
41              #optDA-AD
0.355           #tmDA
0.0             #relGain

V = [1, 2, 3, 4, 5, 6, 7, 8, 9, 10, 11, 12, 13, 14, 15, 16, 17, 18, 19, 20, 21, 22, 23, 24, 25, 26, 27, 28, 29, 30, 31, 32, 33, 34, 35, 36, 37, 38, 39, 40, 41, 42, 43, 44, 45, 46, 47, 48, 49, 50, 51, 52, 53, 54, 55, 56, 57, 58, 59, 60]
A = [(2, 1), (1, 2), (3, 1), (1, 3), (4, 1), (1, 4), (5, 4), (4, 5), (6, 3), (3, 6), (7, 5), (5, 7), (8, 6), (6, 8), (9, 5), (5, 9), (10, 7), (7, 10), (11, 6), (6, 11), (12, 4), (4, 12), (13, 1), (1, 13), (14, 6), (6, 14), (15, 2), (2, 15), (16, 12), (12, 16), (17, 11), (11, 17), (18, 12), (12, 18), (19, 17), (17, 19), (20, 3), (3, 20), (21, 8), (8, 21), (22, 11), (11, 22), (23, 18), (18, 23), (24, 5), (5, 24), (25, 11), (11, 25), (26, 21), (21, 26), (27, 25), (25, 27), (28, 24), (24, 28), (29, 6), (6, 29), (30, 23), (23, 30), (31, 4), (4, 31), (32, 7), (7, 32), (33, 3), (3, 33), (34, 31), (31, 34), (35, 24), (24, 35), (36, 34), (34, 36), (37, 20), (20, 37), (38, 5), (5, 38), (39, 29), (29, 39), (40, 22), (22, 40), (41, 16), (16, 41), (42, 9), (9, 42), (43, 22), (22, 43), (44, 38), (38, 44), (45, 3), (3, 45), (46, 32), (32, 46), (47, 39), (39, 47), (48, 24), (24, 48), (49, 21), (21, 49), (50, 26), (26, 50), (51, 10), (10, 51), (52, 37), (37, 52), (53, 28), (28, 53), (54, 46), (46, 54), (55, 26), (26, 55), (56, 9), (9, 56), (57, 48), (48, 57), (58, 53), (53, 58), (59, 9), (9, 59), (60, 9), (9, 60)]
Z_dad = [4]
Y_dad = [6]
X_dad = [3]
Z_da-ad = [4]
Y_da-ad = [6]
X_da-ad = [3]
