no              #fail
1.436           #totTm
0.935           #lastADTm
3               #itDAD
1.000           #avItADGoal
12              #itADOpt
45              #opt
45              #optDA-AD
0.325           #tmDA
0.0             #relGain

V = [1, 2, 3, 4, 5, 6, 7, 8, 9, 10, 11, 12, 13, 14, 15, 16, 17, 18, 19, 20, 21, 22, 23, 24, 25, 26, 27, 28, 29, 30, 31, 32, 33, 34, 35, 36, 37, 38, 39, 40, 41, 42, 43, 44, 45, 46, 47, 48, 49, 50, 51, 52, 53, 54, 55, 56, 57, 58, 59, 60]
A = [(2, 1), (1, 2), (3, 2), (2, 3), (4, 2), (2, 4), (5, 2), (2, 5), (6, 1), (1, 6), (7, 1), (1, 7), (8, 1), (1, 8), (9, 8), (8, 9), (10, 3), (3, 10), (11, 10), (10, 11), (12, 4), (4, 12), (13, 5), (5, 13), (14, 5), (5, 14), (15, 12), (12, 15), (16, 6), (6, 16), (17, 3), (3, 17), (18, 3), (3, 18), (19, 8), (8, 19), (20, 19), (19, 20), (21, 5), (5, 21), (22, 2), (2, 22), (23, 11), (11, 23), (24, 22), (22, 24), (25, 12), (12, 25), (26, 12), (12, 26), (27, 21), (21, 27), (28, 23), (23, 28), (29, 18), (18, 29), (30, 14), (14, 30), (31, 20), (20, 31), (32, 28), (28, 32), (33, 2), (2, 33), (34, 15), (15, 34), (35, 6), (6, 35), (36, 29), (29, 36), (37, 30), (30, 37), (38, 31), (31, 38), (39, 35), (35, 39), (40, 8), (8, 40), (41, 8), (8, 41), (42, 3), (3, 42), (43, 8), (8, 43), (44, 24), (24, 44), (45, 43), (43, 45), (46, 39), (39, 46), (47, 45), (45, 47), (48, 19), (19, 48), (49, 37), (37, 49), (50, 30), (30, 50), (51, 18), (18, 51), (52, 17), (17, 52), (53, 50), (50, 53), (54, 52), (52, 54), (55, 54), (54, 55), (56, 6), (6, 56), (57, 28), (28, 57), (58, 38), (38, 58), (59, 45), (45, 59), (60, 41), (41, 60)]
Z_dad = [2]
Y_dad = [8]
X_dad = [1]
Z_da-ad = [2]
Y_da-ad = [8]
X_da-ad = [1]
