no              #fail
1.284           #totTm
0.846           #lastADTm
3               #itDAD
1.000           #avItADGoal
13              #itADOpt
44              #opt
44              #optDA-AD
0.252           #tmDA
0.0             #relGain

V = [1, 2, 3, 4, 5, 6, 7, 8, 9, 10, 11, 12, 13, 14, 15, 16, 17, 18, 19, 20, 21, 22, 23, 24, 25, 26, 27, 28, 29, 30, 31, 32, 33, 34, 35, 36, 37, 38, 39, 40, 41, 42, 43, 44, 45, 46, 47, 48, 49, 50, 51, 52, 53, 54, 55, 56, 57, 58, 59, 60]
A = [(2, 1), (1, 2), (3, 2), (2, 3), (4, 2), (2, 4), (5, 2), (2, 5), (6, 3), (3, 6), (7, 1), (1, 7), (8, 1), (1, 8), (9, 1), (1, 9), (10, 8), (8, 10), (11, 7), (7, 11), (12, 1), (1, 12), (13, 3), (3, 13), (14, 5), (5, 14), (15, 5), (5, 15), (16, 6), (6, 16), (17, 14), (14, 17), (18, 4), (4, 18), (19, 9), (9, 19), (20, 5), (5, 20), (21, 12), (12, 21), (22, 9), (9, 22), (23, 5), (5, 23), (24, 21), (21, 24), (25, 16), (16, 25), (26, 10), (10, 26), (27, 13), (13, 27), (28, 11), (11, 28), (29, 20), (20, 29), (30, 20), (20, 30), (31, 13), (13, 31), (32, 28), (28, 32), (33, 15), (15, 33), (34, 3), (3, 34), (35, 7), (7, 35), (36, 19), (19, 36), (37, 14), (14, 37), (38, 36), (36, 38), (39, 25), (25, 39), (40, 25), (25, 40), (41, 19), (19, 41), (42, 28), (28, 42), (43, 9), (9, 43), (44, 27), (27, 44), (45, 13), (13, 45), (46, 41), (41, 46), (47, 1), (1, 47), (48, 38), (38, 48), (49, 22), (22, 49), (50, 47), (47, 50), (51, 21), (21, 51), (52, 3), (3, 52), (53, 11), (11, 53), (54, 41), (41, 54), (55, 22), (22, 55), (56, 31), (31, 56), (57, 8), (8, 57), (58, 22), (22, 58), (59, 3), (3, 59), (60, 52), (52, 60)]
Z_dad = [1]
Y_dad = [3]
X_dad = [2]
Z_da-ad = [1]
Y_da-ad = [3]
X_da-ad = [2]
