no              #fail
1.295           #totTm
0.653           #lastADTm
3               #itDAD
1.000           #avItADGoal
7               #itADOpt
46              #opt
46              #optDA-AD
0.203           #tmDA
0.0             #relGain

V = [1, 2, 3, 4, 5, 6, 7, 8, 9, 10, 11, 12, 13, 14, 15, 16, 17, 18, 19, 20, 21, 22, 23, 24, 25, 26, 27, 28, 29, 30, 31, 32, 33, 34, 35, 36, 37, 38, 39, 40, 41, 42, 43, 44, 45, 46, 47, 48, 49, 50, 51, 52, 53, 54, 55, 56, 57, 58, 59, 60]
A = [(2, 1), (1, 2), (3, 2), (2, 3), (4, 3), (3, 4), (5, 1), (1, 5), (6, 4), (4, 6), (7, 6), (6, 7), (8, 6), (6, 8), (9, 4), (4, 9), (10, 5), (5, 10), (11, 6), (6, 11), (12, 1), (1, 12), (13, 9), (9, 13), (14, 8), (8, 14), (15, 2), (2, 15), (16, 8), (8, 16), (17, 3), (3, 17), (18, 9), (9, 18), (19, 17), (17, 19), (20, 8), (8, 20), (21, 1), (1, 21), (22, 15), (15, 22), (23, 18), (18, 23), (24, 20), (20, 24), (25, 17), (17, 25), (26, 23), (23, 26), (27, 2), (2, 27), (28, 20), (20, 28), (29, 14), (14, 29), (30, 3), (3, 30), (31, 12), (12, 31), (32, 8), (8, 32), (33, 13), (13, 33), (34, 31), (31, 34), (35, 5), (5, 35), (36, 23), (23, 36), (37, 21), (21, 37), (38, 17), (17, 38), (39, 20), (20, 39), (40, 35), (35, 40), (41, 33), (33, 41), (42, 21), (21, 42), (43, 14), (14, 43), (44, 16), (16, 44), (45, 40), (40, 45), (46, 9), (9, 46), (47, 7), (7, 47), (48, 27), (27, 48), (49, 26), (26, 49), (50, 29), (29, 50), (51, 50), (50, 51), (52, 23), (23, 52), (53, 10), (10, 53), (54, 26), (26, 54), (55, 15), (15, 55), (56, 10), (10, 56), (57, 54), (54, 57), (58, 43), (43, 58), (59, 18), (18, 59), (60, 9), (9, 60)]
Z_dad = [4]
Y_dad = [1]
X_dad = [2]
Z_da-ad = [4]
Y_da-ad = [1]
X_da-ad = [2]
