no              #fail
1.360           #totTm
0.935           #lastADTm
3               #itDAD
1.000           #avItADGoal
16              #itADOpt
43              #opt
43              #optDA-AD
0.293           #tmDA
0.0             #relGain

V = [1, 2, 3, 4, 5, 6, 7, 8, 9, 10, 11, 12, 13, 14, 15, 16, 17, 18, 19, 20, 21, 22, 23, 24, 25, 26, 27, 28, 29, 30, 31, 32, 33, 34, 35, 36, 37, 38, 39, 40, 41, 42, 43, 44, 45, 46, 47, 48, 49, 50, 51, 52, 53, 54, 55, 56, 57, 58, 59, 60]
A = [(2, 1), (1, 2), (3, 1), (1, 3), (4, 3), (3, 4), (5, 4), (4, 5), (6, 2), (2, 6), (7, 3), (3, 7), (8, 2), (2, 8), (9, 5), (5, 9), (10, 3), (3, 10), (11, 7), (7, 11), (12, 9), (9, 12), (13, 11), (11, 13), (14, 9), (9, 14), (15, 14), (14, 15), (16, 1), (1, 16), (17, 14), (14, 17), (18, 16), (16, 18), (19, 15), (15, 19), (20, 18), (18, 20), (21, 14), (14, 21), (22, 9), (9, 22), (23, 9), (9, 23), (24, 10), (10, 24), (25, 23), (23, 25), (26, 7), (7, 26), (27, 9), (9, 27), (28, 1), (1, 28), (29, 3), (3, 29), (30, 22), (22, 30), (31, 18), (18, 31), (32, 6), (6, 32), (33, 18), (18, 33), (34, 4), (4, 34), (35, 25), (25, 35), (36, 3), (3, 36), (37, 29), (29, 37), (38, 18), (18, 38), (39, 10), (10, 39), (40, 29), (29, 40), (41, 27), (27, 41), (42, 30), (30, 42), (43, 30), (30, 43), (44, 13), (13, 44), (45, 3), (3, 45), (46, 5), (5, 46), (47, 32), (32, 47), (48, 32), (32, 48), (49, 39), (39, 49), (50, 37), (37, 50), (51, 17), (17, 51), (52, 3), (3, 52), (53, 45), (45, 53), (54, 49), (49, 54), (55, 26), (26, 55), (56, 36), (36, 56), (57, 49), (49, 57), (58, 32), (32, 58), (59, 30), (30, 59), (60, 35), (35, 60)]
Z_dad = [3]
Y_dad = [9]
X_dad = [14]
Z_da-ad = [3]
Y_da-ad = [9]
X_da-ad = [14]
