no              #fail
1.264           #totTm
0.718           #lastADTm
3               #itDAD
1.000           #avItADGoal
10              #itADOpt
43              #opt
42              #optDA-AD
0.228           #tmDA
2.3             #relGain

V = [1, 2, 3, 4, 5, 6, 7, 8, 9, 10, 11, 12, 13, 14, 15, 16, 17, 18, 19, 20, 21, 22, 23, 24, 25, 26, 27, 28, 29, 30, 31, 32, 33, 34, 35, 36, 37, 38, 39, 40, 41, 42, 43, 44, 45, 46, 47, 48, 49, 50, 51, 52, 53, 54, 55, 56, 57, 58, 59, 60]
A = [(2, 1), (1, 2), (3, 1), (1, 3), (4, 2), (2, 4), (5, 2), (2, 5), (6, 4), (4, 6), (7, 4), (4, 7), (8, 7), (7, 8), (9, 8), (8, 9), (10, 7), (7, 10), (11, 10), (10, 11), (12, 2), (2, 12), (13, 5), (5, 13), (14, 13), (13, 14), (15, 10), (10, 15), (16, 10), (10, 16), (17, 7), (7, 17), (18, 9), (9, 18), (19, 5), (5, 19), (20, 10), (10, 20), (21, 7), (7, 21), (22, 1), (1, 22), (23, 11), (11, 23), (24, 14), (14, 24), (25, 3), (3, 25), (26, 3), (3, 26), (27, 20), (20, 27), (28, 26), (26, 28), (29, 5), (5, 29), (30, 16), (16, 30), (31, 11), (11, 31), (32, 18), (18, 32), (33, 15), (15, 33), (34, 5), (5, 34), (35, 22), (22, 35), (36, 5), (5, 36), (37, 13), (13, 37), (38, 35), (35, 38), (39, 16), (16, 39), (40, 27), (27, 40), (41, 29), (29, 41), (42, 12), (12, 42), (43, 34), (34, 43), (44, 16), (16, 44), (45, 30), (30, 45), (46, 24), (24, 46), (47, 41), (41, 47), (48, 9), (9, 48), (49, 45), (45, 49), (50, 28), (28, 50), (51, 50), (50, 51), (52, 34), (34, 52), (53, 37), (37, 53), (54, 28), (28, 54), (55, 36), (36, 55), (56, 20), (20, 56), (57, 7), (7, 57), (58, 56), (56, 58), (59, 16), (16, 59), (60, 25), (25, 60)]
Z_dad = [7]
Y_dad = [2]
X_dad = [5]
Z_da-ad = [2]
Y_da-ad = [10]
X_da-ad = [7]
