no              #fail
1.343           #totTm
0.867           #lastADTm
3               #itDAD
1.000           #avItADGoal
14              #itADOpt
44              #opt
44              #optDA-AD
0.267           #tmDA
0.0             #relGain

V = [1, 2, 3, 4, 5, 6, 7, 8, 9, 10, 11, 12, 13, 14, 15, 16, 17, 18, 19, 20, 21, 22, 23, 24, 25, 26, 27, 28, 29, 30, 31, 32, 33, 34, 35, 36, 37, 38, 39, 40, 41, 42, 43, 44, 45, 46, 47, 48, 49, 50, 51, 52, 53, 54, 55, 56, 57, 58, 59, 60]
A = [(2, 1), (1, 2), (3, 2), (2, 3), (4, 3), (3, 4), (5, 2), (2, 5), (6, 2), (2, 6), (7, 4), (4, 7), (8, 3), (3, 8), (9, 2), (2, 9), (10, 5), (5, 10), (11, 4), (4, 11), (12, 7), (7, 12), (13, 1), (1, 13), (14, 3), (3, 14), (15, 1), (1, 15), (16, 2), (2, 16), (17, 4), (4, 17), (18, 2), (2, 18), (19, 11), (11, 19), (20, 16), (16, 20), (21, 8), (8, 21), (22, 20), (20, 22), (23, 14), (14, 23), (24, 10), (10, 24), (25, 16), (16, 25), (26, 17), (17, 26), (27, 22), (22, 27), (28, 13), (13, 28), (29, 26), (26, 29), (30, 8), (8, 30), (31, 23), (23, 31), (32, 30), (30, 32), (33, 28), (28, 33), (34, 1), (1, 34), (35, 32), (32, 35), (36, 24), (24, 36), (37, 12), (12, 37), (38, 9), (9, 38), (39, 1), (1, 39), (40, 39), (39, 40), (41, 5), (5, 41), (42, 19), (19, 42), (43, 14), (14, 43), (44, 21), (21, 44), (45, 1), (1, 45), (46, 25), (25, 46), (47, 20), (20, 47), (48, 19), (19, 48), (49, 42), (42, 49), (50, 7), (7, 50), (51, 10), (10, 51), (52, 21), (21, 52), (53, 6), (6, 53), (54, 33), (33, 54), (55, 44), (44, 55), (56, 8), (8, 56), (57, 29), (29, 57), (58, 56), (56, 58), (59, 44), (44, 59), (60, 36), (36, 60)]
Z_dad = [2]
Y_dad = [3]
X_dad = [4]
Z_da-ad = [2]
Y_da-ad = [3]
X_da-ad = [4]
