no              #fail
1.482           #totTm
0.888           #lastADTm
3               #itDAD
1.000           #avItADGoal
12              #itADOpt
47              #opt
47              #optDA-AD
0.323           #tmDA
0.0             #relGain

V = [1, 2, 3, 4, 5, 6, 7, 8, 9, 10, 11, 12, 13, 14, 15, 16, 17, 18, 19, 20, 21, 22, 23, 24, 25, 26, 27, 28, 29, 30, 31, 32, 33, 34, 35, 36, 37, 38, 39, 40, 41, 42, 43, 44, 45, 46, 47, 48, 49, 50, 51, 52, 53, 54, 55, 56, 57, 58, 59, 60]
A = [(2, 1), (1, 2), (3, 1), (1, 3), (4, 3), (3, 4), (5, 1), (1, 5), (6, 1), (1, 6), (7, 5), (5, 7), (8, 5), (5, 8), (9, 7), (7, 9), (10, 2), (2, 10), (11, 8), (8, 11), (12, 10), (10, 12), (13, 12), (12, 13), (14, 10), (10, 14), (15, 10), (10, 15), (16, 1), (1, 16), (17, 10), (10, 17), (18, 1), (1, 18), (19, 16), (16, 19), (20, 2), (2, 20), (21, 11), (11, 21), (22, 6), (6, 22), (23, 8), (8, 23), (24, 12), (12, 24), (25, 15), (15, 25), (26, 21), (21, 26), (27, 13), (13, 27), (28, 6), (6, 28), (29, 26), (26, 29), (30, 16), (16, 30), (31, 25), (25, 31), (32, 14), (14, 32), (33, 29), (29, 33), (34, 12), (12, 34), (35, 32), (32, 35), (36, 17), (17, 36), (37, 9), (9, 37), (38, 21), (21, 38), (39, 11), (11, 39), (40, 2), (2, 40), (41, 3), (3, 41), (42, 5), (5, 42), (43, 6), (6, 43), (44, 42), (42, 44), (45, 5), (5, 45), (46, 5), (5, 46), (47, 34), (34, 47), (48, 30), (30, 48), (49, 29), (29, 49), (50, 27), (27, 50), (51, 3), (3, 51), (52, 6), (6, 52), (53, 11), (11, 53), (54, 5), (5, 54), (55, 50), (50, 55), (56, 55), (55, 56), (57, 51), (51, 57), (58, 13), (13, 58), (59, 17), (17, 59), (60, 43), (43, 60)]
Z_dad = [1]
Y_dad = [10]
X_dad = [12]
Z_da-ad = [1]
Y_da-ad = [10]
X_da-ad = [12]
