no              #fail
1.089           #totTm
0.630           #lastADTm
3               #itDAD
1.000           #avItADGoal
10              #itADOpt
44              #opt
42              #optDA-AD
0.242           #tmDA
4.5             #relGain

V = [1, 2, 3, 4, 5, 6, 7, 8, 9, 10, 11, 12, 13, 14, 15, 16, 17, 18, 19, 20, 21, 22, 23, 24, 25, 26, 27, 28, 29, 30, 31, 32, 33, 34, 35, 36, 37, 38, 39, 40, 41, 42, 43, 44, 45, 46, 47, 48, 49, 50, 51, 52, 53, 54, 55, 56, 57, 58, 59, 60]
A = [(2, 1), (1, 2), (3, 2), (2, 3), (4, 2), (2, 4), (5, 2), (2, 5), (6, 1), (1, 6), (7, 4), (4, 7), (8, 7), (7, 8), (9, 8), (8, 9), (10, 4), (4, 10), (11, 10), (10, 11), (12, 2), (2, 12), (13, 6), (6, 13), (14, 12), (12, 14), (15, 7), (7, 15), (16, 5), (5, 16), (17, 12), (12, 17), (18, 11), (11, 18), (19, 13), (13, 19), (20, 19), (19, 20), (21, 9), (9, 21), (22, 20), (20, 22), (23, 13), (13, 23), (24, 16), (16, 24), (25, 4), (4, 25), (26, 4), (4, 26), (27, 14), (14, 27), (28, 25), (25, 28), (29, 18), (18, 29), (30, 17), (17, 30), (31, 3), (3, 31), (32, 12), (12, 32), (33, 21), (21, 33), (34, 19), (19, 34), (35, 25), (25, 35), (36, 21), (21, 36), (37, 31), (31, 37), (38, 1), (1, 38), (39, 10), (10, 39), (40, 34), (34, 40), (41, 35), (35, 41), (42, 15), (15, 42), (43, 36), (36, 43), (44, 18), (18, 44), (45, 28), (28, 45), (46, 23), (23, 46), (47, 32), (32, 47), (48, 35), (35, 48), (49, 9), (9, 49), (50, 45), (45, 50), (51, 34), (34, 51), (52, 51), (51, 52), (53, 28), (28, 53), (54, 41), (41, 54), (55, 33), (33, 55), (56, 53), (53, 56), (57, 38), (38, 57), (58, 5), (5, 58), (59, 17), (17, 59), (60, 7), (7, 60)]
Z_dad = [4]
Y_dad = [2]
X_dad = [1]
Z_da-ad = [2]
Y_da-ad = [4]
X_da-ad = [7]
