no              #fail
5.309           #totTm
3.035           #lastADTm
2               #itDAD
1.000           #avItADGoal
5               #itADOpt
5               #opt
5               #optDA-AD
0.211           #tmDA
0.0             #relGain

V = [1, 2, 3, 4, 5, 6, 7, 8, 9, 10, 11, 12, 13, 14, 15, 16, 17, 18, 19, 20, 21, 22, 23, 24, 25, 26, 27, 28, 29, 30, 31, 32, 33, 34, 35, 36, 37, 38, 39, 40]
A = [(1, 4), (4, 1), (1, 8), (8, 1), (1, 23), (23, 1), (1, 38), (38, 1), (1, 39), (39, 1), (2, 10), (10, 2), (2, 33), (33, 2), (2, 35), (35, 2), (2, 39), (39, 2), (3, 13), (13, 3), (3, 31), (31, 3), (3, 33), (33, 3), (3, 37), (37, 3), (4, 8), (8, 4), (4, 13), (13, 4), (4, 19), (19, 4), (5, 11), (11, 5), (5, 14), (14, 5), (5, 18), (18, 5), (5, 29), (29, 5), (5, 36), (36, 5), (6, 14), (14, 6), (6, 26), (26, 6), (6, 28), (28, 6), (6, 37), (37, 6), (7, 16), (16, 7), (7, 17), (17, 7), (7, 21), (21, 7), (7, 25), (25, 7), (7, 30), (30, 7), (7, 35), (35, 7), (8, 10), (10, 8), (8, 20), (20, 8), (8, 27), (27, 8), (8, 29), (29, 8), (8, 35), (35, 8), (8, 37), (37, 8), (9, 12), (12, 9), (9, 21), (21, 9), (9, 34), (34, 9), (9, 36), (36, 9), (10, 25), (25, 10), (10, 36), (36, 10), (11, 13), (13, 11), (11, 18), (18, 11), (11, 20), (20, 11), (11, 22), (22, 11), (11, 23), (23, 11), (11, 27), (27, 11), (11, 37), (37, 11), (11, 40), (40, 11), (12, 24), (24, 12), (12, 25), (25, 12), (13, 16), (16, 13), (13, 26), (26, 13), (13, 35), (35, 13), (13, 37), (37, 13), (14, 18), (18, 14), (14, 30), (30, 14), (14, 36), (36, 14), (14, 39), (39, 14), (15, 16), (16, 15), (15, 21), (21, 15), (15, 22), (22, 15), (15, 27), (27, 15), (15, 31), (31, 15), (15, 35), (35, 15), (15, 40), (40, 15), (16, 25), (25, 16), (16, 30), (30, 16), (16, 38), (38, 16), (16, 40), (40, 16), (17, 18), (18, 17), (17, 26), (26, 17), (18, 24), (24, 18), (18, 27), (27, 18), (18, 31), (31, 18), (19, 26), (26, 19), (19, 30), (30, 19), (20, 24), (24, 20), (20, 25), (25, 20), (20, 33), (33, 20), (20, 39), (39, 20), (20, 40), (40, 20), (21, 22), (22, 21), (21, 34), (34, 21), (21, 35), (35, 21), (22, 28), (28, 22), (22, 32), (32, 22), (22, 38), (38, 22), (23, 37), (37, 23), (24, 30), (30, 24), (24, 35), (35, 24), (24, 39), (39, 24), (25, 34), (34, 25), (25, 40), (40, 25), (26, 32), (32, 26), (26, 40), (40, 26), (27, 36), (36, 27), (28, 29), (29, 28), (29, 34), (34, 29), (29, 40), (40, 29), (31, 32), (32, 31), (32, 35), (35, 32), (32, 38), (38, 32), (33, 34), (34, 33), (34, 35), (35, 34), (35, 40), (40, 35), (39, 40), (40, 39)]
Z_dad = [7]
Y_dad = [8, 14, 35]
X_dad = [4, 26, 30]
Z_da-ad = [1]
Y_da-ad = [23, 37]
X_da-ad = [7, 18, 26]
