no              #fail
16.748          #totTm
3.169           #lastADTm
6               #itDAD
2.000           #avItADGoal
9               #itADOpt
5               #opt
5               #optDA-AD
0.263           #tmDA
0.0             #relGain

V = [1, 2, 3, 4, 5, 6, 7, 8, 9, 10, 11, 12, 13, 14, 15, 16, 17, 18, 19, 20, 21, 22, 23, 24, 25, 26, 27, 28, 29, 30, 31, 32, 33, 34, 35, 36, 37, 38, 39, 40]
A = [(1, 15), (15, 1), (1, 32), (32, 1), (1, 36), (36, 1), (1, 40), (40, 1), (2, 5), (5, 2), (2, 7), (7, 2), (2, 8), (8, 2), (2, 13), (13, 2), (2, 18), (18, 2), (2, 21), (21, 2), (2, 24), (24, 2), (2, 25), (25, 2), (2, 32), (32, 2), (2, 36), (36, 2), (2, 37), (37, 2), (3, 4), (4, 3), (3, 13), (13, 3), (3, 27), (27, 3), (3, 29), (29, 3), (3, 34), (34, 3), (3, 36), (36, 3), (4, 7), (7, 4), (4, 10), (10, 4), (4, 26), (26, 4), (4, 28), (28, 4), (4, 30), (30, 4), (4, 38), (38, 4), (4, 39), (39, 4), (5, 9), (9, 5), (5, 19), (19, 5), (5, 23), (23, 5), (5, 37), (37, 5), (6, 28), (28, 6), (6, 38), (38, 6), (7, 11), (11, 7), (7, 21), (21, 7), (7, 23), (23, 7), (7, 31), (31, 7), (7, 32), (32, 7), (7, 40), (40, 7), (8, 11), (11, 8), (8, 14), (14, 8), (8, 19), (19, 8), (8, 24), (24, 8), (8, 34), (34, 8), (9, 20), (20, 9), (9, 24), (24, 9), (9, 27), (27, 9), (9, 28), (28, 9), (9, 34), (34, 9), (9, 36), (36, 9), (10, 11), (11, 10), (10, 21), (21, 10), (10, 30), (30, 10), (10, 36), (36, 10), (11, 30), (30, 11), (12, 15), (15, 12), (12, 17), (17, 12), (12, 31), (31, 12), (12, 40), (40, 12), (13, 23), (23, 13), (13, 25), (25, 13), (13, 38), (38, 13), (13, 40), (40, 13), (14, 22), (22, 14), (14, 24), (24, 14), (14, 37), (37, 14), (15, 29), (29, 15), (15, 35), (35, 15), (16, 23), (23, 16), (16, 24), (24, 16), (16, 37), (37, 16), (17, 20), (20, 17), (17, 23), (23, 17), (17, 30), (30, 17), (18, 21), (21, 18), (18, 25), (25, 18), (18, 28), (28, 18), (18, 40), (40, 18), (19, 37), (37, 19), (21, 26), (26, 21), (21, 27), (27, 21), (21, 30), (30, 21), (21, 32), (32, 21), (22, 27), (27, 22), (22, 37), (37, 22), (23, 26), (26, 23), (23, 29), (29, 23), (23, 31), (31, 23), (24, 31), (31, 24), (25, 37), (37, 25), (26, 30), (30, 26), (26, 38), (38, 26), (27, 36), (36, 27), (28, 31), (31, 28), (28, 36), (36, 28), (30, 33), (33, 30), (31, 33), (33, 31), (31, 34), (34, 31), (31, 35), (35, 31), (31, 36), (36, 31), (33, 36), (36, 33), (34, 35), (35, 34), (34, 37), (37, 34), (34, 40), (40, 34), (35, 37), (37, 35), (35, 38), (38, 35), (37, 38), (38, 37), (37, 40), (40, 37)]
Z_dad = [37]
Y_dad = [2, 4, 24]
X_dad = [9, 17, 40]
Z_da-ad = [4]
Y_da-ad = [6, 20, 39]
X_da-ad = [5, 8, 37]
