no              #fail
18.381          #totTm
6.995           #lastADTm
5               #itDAD
3.750           #avItADGoal
17              #itADOpt
5               #opt
5               #optDA-AD
0.268           #tmDA
0.0             #relGain

V = [1, 2, 3, 4, 5, 6, 7, 8, 9, 10, 11, 12, 13, 14, 15, 16, 17, 18, 19, 20, 21, 22, 23, 24, 25, 26, 27, 28, 29, 30, 31, 32, 33, 34, 35, 36, 37, 38, 39, 40]
A = [(1, 8), (8, 1), (1, 11), (11, 1), (1, 12), (12, 1), (1, 18), (18, 1), (1, 19), (19, 1), (1, 25), (25, 1), (1, 36), (36, 1), (1, 37), (37, 1), (2, 9), (9, 2), (2, 18), (18, 2), (2, 19), (19, 2), (2, 20), (20, 2), (2, 21), (21, 2), (2, 23), (23, 2), (2, 26), (26, 2), (2, 28), (28, 2), (2, 31), (31, 2), (2, 36), (36, 2), (2, 37), (37, 2), (3, 8), (8, 3), (3, 13), (13, 3), (3, 14), (14, 3), (3, 20), (20, 3), (3, 23), (23, 3), (3, 24), (24, 3), (4, 9), (9, 4), (4, 14), (14, 4), (4, 18), (18, 4), (4, 24), (24, 4), (4, 31), (31, 4), (4, 36), (36, 4), (4, 40), (40, 4), (5, 26), (26, 5), (5, 34), (34, 5), (6, 19), (19, 6), (6, 21), (21, 6), (6, 33), (33, 6), (6, 38), (38, 6), (7, 8), (8, 7), (7, 10), (10, 7), (7, 11), (11, 7), (7, 19), (19, 7), (7, 24), (24, 7), (7, 28), (28, 7), (7, 32), (32, 7), (7, 40), (40, 7), (8, 32), (32, 8), (8, 40), (40, 8), (9, 11), (11, 9), (9, 16), (16, 9), (9, 19), (19, 9), (9, 25), (25, 9), (9, 31), (31, 9), (10, 17), (17, 10), (10, 24), (24, 10), (10, 31), (31, 10), (11, 15), (15, 11), (11, 26), (26, 11), (12, 20), (20, 12), (12, 24), (24, 12), (12, 30), (30, 12), (12, 31), (31, 12), (12, 37), (37, 12), (13, 23), (23, 13), (13, 28), (28, 13), (13, 37), (37, 13), (13, 38), (38, 13), (14, 25), (25, 14), (14, 34), (34, 14), (15, 17), (17, 15), (15, 28), (28, 15), (15, 37), (37, 15), (15, 38), (38, 15), (16, 17), (17, 16), (16, 18), (18, 16), (16, 28), (28, 16), (16, 34), (34, 16), (16, 38), (38, 16), (17, 26), (26, 17), (18, 35), (35, 18), (18, 40), (40, 18), (19, 36), (36, 19), (20, 26), (26, 20), (20, 30), (30, 20), (20, 40), (40, 20), (21, 36), (36, 21), (22, 34), (34, 22), (23, 30), (30, 23), (23, 32), (32, 23), (24, 28), (28, 24), (24, 32), (32, 24), (24, 39), (39, 24), (25, 32), (32, 25), (25, 33), (33, 25), (27, 29), (29, 27), (27, 31), (31, 27), (27, 32), (32, 27), (27, 35), (35, 27), (28, 37), (37, 28), (29, 40), (40, 29), (31, 36), (36, 31), (32, 40), (40, 32), (33, 36), (36, 33), (33, 38), (38, 33), (34, 36), (36, 34), (34, 38), (38, 34), (36, 37), (37, 36), (36, 39), (39, 36), (39, 40), (40, 39)]
Z_dad = [34]
Y_dad = [2, 22, 27]
X_dad = [23, 26, 32]
Z_da-ad = [34]
Y_da-ad = [6, 22, 27]
X_da-ad = [2, 15, 26]
