no              #fail
32.310          #totTm
2.802           #lastADTm
8               #itDAD
3.000           #avItADGoal
7               #itADOpt
5               #opt
5               #optDA-AD
0.192           #tmDA
0.0             #relGain

V = [1, 2, 3, 4, 5, 6, 7, 8, 9, 10, 11, 12, 13, 14, 15, 16, 17, 18, 19, 20, 21, 22, 23, 24, 25, 26, 27, 28, 29, 30, 31, 32, 33, 34, 35, 36, 37, 38, 39, 40]
A = [(1, 12), (12, 1), (1, 17), (17, 1), (1, 18), (18, 1), (1, 21), (21, 1), (1, 25), (25, 1), (1, 26), (26, 1), (1, 27), (27, 1), (1, 28), (28, 1), (1, 33), (33, 1), (1, 37), (37, 1), (1, 38), (38, 1), (2, 16), (16, 2), (2, 20), (20, 2), (3, 21), (21, 3), (3, 25), (25, 3), (3, 37), (37, 3), (4, 10), (10, 4), (4, 15), (15, 4), (4, 18), (18, 4), (4, 32), (32, 4), (4, 37), (37, 4), (5, 7), (7, 5), (5, 12), (12, 5), (5, 14), (14, 5), (5, 29), (29, 5), (5, 32), (32, 5), (6, 33), (33, 6), (6, 35), (35, 6), (7, 17), (17, 7), (7, 22), (22, 7), (7, 31), (31, 7), (7, 32), (32, 7), (7, 35), (35, 7), (7, 36), (36, 7), (7, 39), (39, 7), (8, 11), (11, 8), (8, 13), (13, 8), (8, 19), (19, 8), (8, 27), (27, 8), (9, 16), (16, 9), (9, 17), (17, 9), (9, 21), (21, 9), (9, 22), (22, 9), (9, 24), (24, 9), (10, 15), (15, 10), (10, 19), (19, 10), (10, 21), (21, 10), (10, 22), (22, 10), (10, 29), (29, 10), (10, 35), (35, 10), (10, 38), (38, 10), (11, 23), (23, 11), (11, 38), (38, 11), (12, 20), (20, 12), (12, 22), (22, 12), (12, 28), (28, 12), (13, 30), (30, 13), (13, 31), (31, 13), (13, 34), (34, 13), (13, 35), (35, 13), (13, 38), (38, 13), (14, 18), (18, 14), (14, 28), (28, 14), (14, 36), (36, 14), (14, 37), (37, 14), (15, 19), (19, 15), (15, 20), (20, 15), (15, 21), (21, 15), (15, 24), (24, 15), (15, 27), (27, 15), (16, 20), (20, 16), (16, 38), (38, 16), (16, 40), (40, 16), (17, 28), (28, 17), (17, 40), (40, 17), (18, 32), (32, 18), (19, 36), (36, 19), (20, 23), (23, 20), (20, 24), (24, 20), (20, 26), (26, 20), (21, 23), (23, 21), (21, 33), (33, 21), (21, 35), (35, 21), (21, 38), (38, 21), (22, 34), (34, 22), (24, 25), (25, 24), (24, 26), (26, 24), (24, 35), (35, 24), (25, 29), (29, 25), (25, 40), (40, 25), (26, 38), (38, 26), (27, 30), (30, 27), (27, 31), (31, 27), (28, 36), (36, 28), (29, 40), (40, 29), (31, 37), (37, 31), (32, 35), (35, 32), (32, 37), (37, 32), (32, 39), (39, 32), (32, 40), (40, 32), (33, 34), (34, 33), (33, 35), (35, 33), (33, 38), (38, 33), (33, 40), (40, 33), (34, 36), (36, 34), (34, 38), (38, 34), (35, 38), (38, 35), (35, 39), (39, 35), (36, 37), (37, 36)]
Z_dad = [11]
Y_dad = [13, 20, 32]
X_dad = [7, 33, 35]
Z_da-ad = [1]
Y_da-ad = [2, 6]
X_da-ad = [13, 27, 33]
