no              #fail
24.311          #totTm
3.607           #lastADTm
7               #itDAD
2.833           #avItADGoal
10              #itADOpt
5               #opt
5               #optDA-AD
0.271           #tmDA
0.0             #relGain

V = [1, 2, 3, 4, 5, 6, 7, 8, 9, 10, 11, 12, 13, 14, 15, 16, 17, 18, 19, 20, 21, 22, 23, 24, 25, 26, 27, 28, 29, 30, 31, 32, 33, 34, 35, 36, 37, 38, 39, 40]
A = [(1, 2), (2, 1), (1, 9), (9, 1), (1, 13), (13, 1), (1, 29), (29, 1), (1, 35), (35, 1), (1, 39), (39, 1), (1, 40), (40, 1), (2, 7), (7, 2), (2, 15), (15, 2), (2, 25), (25, 2), (2, 32), (32, 2), (2, 37), (37, 2), (3, 6), (6, 3), (3, 8), (8, 3), (3, 21), (21, 3), (3, 25), (25, 3), (3, 29), (29, 3), (3, 38), (38, 3), (3, 40), (40, 3), (4, 15), (15, 4), (4, 25), (25, 4), (4, 27), (27, 4), (4, 36), (36, 4), (4, 37), (37, 4), (5, 10), (10, 5), (5, 12), (12, 5), (5, 13), (13, 5), (5, 15), (15, 5), (5, 18), (18, 5), (5, 31), (31, 5), (5, 38), (38, 5), (6, 25), (25, 6), (6, 36), (36, 6), (7, 13), (13, 7), (7, 15), (15, 7), (7, 19), (19, 7), (7, 22), (22, 7), (7, 26), (26, 7), (7, 30), (30, 7), (7, 32), (32, 7), (7, 35), (35, 7), (8, 11), (11, 8), (8, 23), (23, 8), (8, 32), (32, 8), (8, 33), (33, 8), (8, 34), (34, 8), (8, 35), (35, 8), (9, 10), (10, 9), (9, 22), (22, 9), (9, 24), (24, 9), (9, 40), (40, 9), (10, 18), (18, 10), (10, 20), (20, 10), (10, 21), (21, 10), (10, 33), (33, 10), (10, 36), (36, 10), (11, 16), (16, 11), (11, 32), (32, 11), (12, 25), (25, 12), (12, 32), (32, 12), (12, 36), (36, 12), (12, 39), (39, 12), (12, 40), (40, 12), (13, 34), (34, 13), (13, 35), (35, 13), (13, 40), (40, 13), (14, 16), (16, 14), (14, 23), (23, 14), (14, 29), (29, 14), (14, 30), (30, 14), (14, 36), (36, 14), (15, 19), (19, 15), (15, 22), (22, 15), (15, 24), (24, 15), (15, 28), (28, 15), (16, 19), (19, 16), (16, 21), (21, 16), (16, 22), (22, 16), (17, 37), (37, 17), (18, 20), (20, 18), (18, 23), (23, 18), (18, 37), (37, 18), (19, 23), (23, 19), (20, 24), (24, 20), (21, 22), (22, 21), (21, 34), (34, 21), (22, 28), (28, 22), (22, 37), (37, 22), (23, 35), (35, 23), (23, 36), (36, 23), (24, 34), (34, 24), (24, 37), (37, 24), (25, 27), (27, 25), (25, 29), (29, 25), (25, 34), (34, 25), (27, 31), (31, 27), (27, 33), (33, 27), (27, 40), (40, 27), (28, 34), (34, 28), (28, 40), (40, 28), (29, 33), (33, 29), (29, 39), (39, 29), (30, 35), (35, 30), (31, 34), (34, 31), (31, 37), (37, 31), (31, 39), (39, 31), (32, 34), (34, 32), (32, 35), (35, 32), (35, 38), (38, 35)]
Z_dad = [37]
Y_dad = [17, 25, 35]
X_dad = [2, 3, 7]
Z_da-ad = [37]
Y_da-ad = [2, 17, 26]
X_da-ad = [7, 14, 35]
