no              #fail
22.359          #totTm
4.111           #lastADTm
6               #itDAD
4.600           #avItADGoal
12              #itADOpt
5               #opt
5               #optDA-AD
0.264           #tmDA
0.0             #relGain

V = [1, 2, 3, 4, 5, 6, 7, 8, 9, 10, 11, 12, 13, 14, 15, 16, 17, 18, 19, 20, 21, 22, 23, 24, 25, 26, 27, 28, 29, 30, 31, 32, 33, 34, 35, 36, 37, 38, 39, 40]
A = [(1, 2), (2, 1), (1, 4), (4, 1), (1, 12), (12, 1), (1, 13), (13, 1), (1, 20), (20, 1), (1, 30), (30, 1), (1, 34), (34, 1), (1, 36), (36, 1), (2, 3), (3, 2), (2, 10), (10, 2), (2, 23), (23, 2), (2, 40), (40, 2), (3, 23), (23, 3), (3, 24), (24, 3), (3, 29), (29, 3), (3, 37), (37, 3), (4, 5), (5, 4), (4, 9), (9, 4), (4, 13), (13, 4), (4, 24), (24, 4), (4, 30), (30, 4), (4, 39), (39, 4), (4, 40), (40, 4), (5, 11), (11, 5), (5, 23), (23, 5), (5, 24), (24, 5), (6, 10), (10, 6), (6, 12), (12, 6), (6, 20), (20, 6), (6, 29), (29, 6), (7, 9), (9, 7), (7, 32), (32, 7), (7, 33), (33, 7), (8, 9), (9, 8), (8, 10), (10, 8), (8, 14), (14, 8), (8, 15), (15, 8), (8, 17), (17, 8), (8, 24), (24, 8), (8, 25), (25, 8), (8, 30), (30, 8), (9, 12), (12, 9), (9, 27), (27, 9), (9, 33), (33, 9), (9, 40), (40, 9), (10, 17), (17, 10), (10, 21), (21, 10), (10, 37), (37, 10), (10, 38), (38, 10), (10, 39), (39, 10), (10, 40), (40, 10), (11, 19), (19, 11), (11, 23), (23, 11), (11, 28), (28, 11), (11, 34), (34, 11), (11, 37), (37, 11), (12, 17), (17, 12), (12, 35), (35, 12), (12, 36), (36, 12), (12, 39), (39, 12), (13, 16), (16, 13), (13, 17), (17, 13), (13, 40), (40, 13), (14, 23), (23, 14), (16, 27), (27, 16), (16, 31), (31, 16), (16, 38), (38, 16), (17, 24), (24, 17), (17, 34), (34, 17), (18, 28), (28, 18), (18, 31), (31, 18), (18, 33), (33, 18), (19, 22), (22, 19), (19, 24), (24, 19), (19, 30), (30, 19), (19, 31), (31, 19), (19, 33), (33, 19), (19, 34), (34, 19), (20, 21), (21, 20), (20, 22), (22, 20), (20, 23), (23, 20), (20, 24), (24, 20), (20, 27), (27, 20), (20, 28), (28, 20), (20, 38), (38, 20), (21, 27), (27, 21), (21, 31), (31, 21), (22, 24), (24, 22), (22, 27), (27, 22), (22, 39), (39, 22), (24, 29), (29, 24), (24, 40), (40, 24), (25, 38), (38, 25), (26, 27), (27, 26), (26, 30), (30, 26), (27, 32), (32, 27), (27, 35), (35, 27), (27, 39), (39, 27), (28, 32), (32, 28), (28, 38), (38, 28), (29, 34), (34, 29), (29, 38), (38, 29), (31, 35), (35, 31), (31, 39), (39, 31), (32, 34), (34, 32), (32, 39), (39, 32), (33, 37), (37, 33), (34, 39), (39, 34), (39, 40), (40, 39)]
Z_dad = [27]
Y_dad = [1, 8, 31]
X_dad = [15, 21, 30]
Z_da-ad = [8]
Y_da-ad = [15, 23, 25]
X_da-ad = [1, 12, 38]
