no              #fail
12.538          #totTm
3.521           #lastADTm
4               #itDAD
2.000           #avItADGoal
8               #itADOpt
5               #opt
5               #optDA-AD
0.207           #tmDA
0.0             #relGain

V = [1, 2, 3, 4, 5, 6, 7, 8, 9, 10, 11, 12, 13, 14, 15, 16, 17, 18, 19, 20, 21, 22, 23, 24, 25, 26, 27, 28, 29, 30, 31, 32, 33, 34, 35, 36, 37, 38, 39, 40]
A = [(1, 5), (5, 1), (1, 6), (6, 1), (1, 14), (14, 1), (1, 29), (29, 1), (1, 37), (37, 1), (2, 29), (29, 2), (2, 37), (37, 2), (3, 4), (4, 3), (3, 7), (7, 3), (3, 8), (8, 3), (3, 18), (18, 3), (3, 21), (21, 3), (3, 22), (22, 3), (3, 28), (28, 3), (3, 38), (38, 3), (4, 6), (6, 4), (4, 7), (7, 4), (4, 16), (16, 4), (4, 27), (27, 4), (4, 28), (28, 4), (4, 32), (32, 4), (4, 33), (33, 4), (5, 14), (14, 5), (5, 20), (20, 5), (5, 30), (30, 5), (6, 19), (19, 6), (6, 23), (23, 6), (6, 26), (26, 6), (7, 28), (28, 7), (7, 30), (30, 7), (7, 31), (31, 7), (7, 36), (36, 7), (7, 37), (37, 7), (7, 40), (40, 7), (8, 12), (12, 8), (8, 21), (21, 8), (8, 27), (27, 8), (9, 22), (22, 9), (9, 25), (25, 9), (10, 13), (13, 10), (10, 15), (15, 10), (10, 18), (18, 10), (10, 20), (20, 10), (10, 28), (28, 10), (10, 32), (32, 10), (11, 17), (17, 11), (11, 19), (19, 11), (11, 21), (21, 11), (11, 30), (30, 11), (11, 32), (32, 11), (11, 36), (36, 11), (11, 39), (39, 11), (12, 20), (20, 12), (12, 32), (32, 12), (13, 15), (15, 13), (13, 23), (23, 13), (13, 24), (24, 13), (14, 19), (19, 14), (14, 21), (21, 14), (14, 22), (22, 14), (14, 24), (24, 14), (14, 29), (29, 14), (14, 30), (30, 14), (14, 35), (35, 14), (15, 19), (19, 15), (15, 26), (26, 15), (15, 29), (29, 15), (15, 39), (39, 15), (16, 31), (31, 16), (16, 40), (40, 16), (17, 31), (31, 17), (17, 35), (35, 17), (18, 19), (19, 18), (18, 23), (23, 18), (18, 31), (31, 18), (18, 40), (40, 18), (19, 30), (30, 19), (19, 33), (33, 19), (19, 39), (39, 19), (20, 23), (23, 20), (20, 25), (25, 20), (20, 34), (34, 20), (20, 39), (39, 20), (21, 22), (22, 21), (21, 32), (32, 21), (21, 33), (33, 21), (21, 38), (38, 21), (22, 23), (23, 22), (22, 25), (25, 22), (22, 30), (30, 22), (22, 32), (32, 22), (22, 35), (35, 22), (22, 38), (38, 22), (23, 24), (24, 23), (23, 25), (25, 23), (23, 28), (28, 23), (23, 36), (36, 23), (24, 37), (37, 24), (25, 30), (30, 25), (26, 27), (27, 26), (26, 31), (31, 26), (26, 34), (34, 26), (26, 35), (35, 26), (26, 39), (39, 26), (31, 34), (34, 31), (31, 37), (37, 31), (33, 37), (37, 33), (34, 36), (36, 34), (34, 37), (37, 34)]
Z_dad = [22]
Y_dad = [21, 23, 37]
X_dad = [24, 25, 36]
Z_da-ad = [1]
Y_da-ad = [2, 9, 29]
X_da-ad = [3, 21, 22]
