no              #fail
38.279          #totTm
2.823           #lastADTm
7               #itDAD
6.667           #avItADGoal
11              #itADOpt
5               #opt
5               #optDA-AD
0.333           #tmDA
0.0             #relGain

V = [1, 2, 3, 4, 5, 6, 7, 8, 9, 10, 11, 12, 13, 14, 15, 16, 17, 18, 19, 20, 21, 22, 23, 24, 25, 26, 27, 28, 29, 30, 31, 32, 33, 34, 35, 36, 37, 38, 39, 40]
A = [(1, 25), (25, 1), (1, 26), (26, 1), (1, 27), (27, 1), (1, 36), (36, 1), (1, 37), (37, 1), (2, 4), (4, 2), (2, 9), (9, 2), (2, 14), (14, 2), (2, 15), (15, 2), (2, 25), (25, 2), (2, 26), (26, 2), (3, 7), (7, 3), (3, 25), (25, 3), (3, 36), (36, 3), (4, 18), (18, 4), (4, 21), (21, 4), (4, 26), (26, 4), (4, 27), (27, 4), (4, 35), (35, 4), (5, 24), (24, 5), (5, 25), (25, 5), (5, 27), (27, 5), (5, 34), (34, 5), (5, 36), (36, 5), (6, 10), (10, 6), (6, 23), (23, 6), (6, 27), (27, 6), (6, 29), (29, 6), (6, 34), (34, 6), (6, 39), (39, 6), (6, 40), (40, 6), (7, 13), (13, 7), (7, 16), (16, 7), (7, 18), (18, 7), (7, 20), (20, 7), (8, 12), (12, 8), (8, 17), (17, 8), (8, 30), (30, 8), (8, 38), (38, 8), (9, 13), (13, 9), (9, 17), (17, 9), (9, 24), (24, 9), (9, 29), (29, 9), (9, 34), (34, 9), (9, 39), (39, 9), (9, 40), (40, 9), (10, 12), (12, 10), (10, 28), (28, 10), (10, 34), (34, 10), (10, 36), (36, 10), (11, 34), (34, 11), (11, 35), (35, 11), (11, 36), (36, 11), (12, 27), (27, 12), (12, 36), (36, 12), (12, 37), (37, 12), (12, 39), (39, 12), (13, 22), (22, 13), (13, 29), (29, 13), (13, 34), (34, 13), (13, 36), (36, 13), (14, 25), (25, 14), (14, 28), (28, 14), (15, 17), (17, 15), (15, 19), (19, 15), (15, 32), (32, 15), (15, 37), (37, 15), (15, 38), (38, 15), (15, 39), (39, 15), (17, 20), (20, 17), (17, 24), (24, 17), (17, 31), (31, 17), (17, 39), (39, 17), (17, 40), (40, 17), (18, 34), (34, 18), (18, 35), (35, 18), (18, 40), (40, 18), (19, 26), (26, 19), (19, 28), (28, 19), (19, 35), (35, 19), (21, 26), (26, 21), (21, 31), (31, 21), (21, 33), (33, 21), (21, 39), (39, 21), (22, 29), (29, 22), (22, 37), (37, 22), (23, 25), (25, 23), (23, 40), (40, 23), (24, 25), (25, 24), (24, 40), (40, 24), (25, 36), (36, 25), (25, 40), (40, 25), (26, 37), (37, 26), (26, 38), (38, 26), (27, 30), (30, 27), (27, 38), (38, 27), (28, 29), (29, 28), (28, 31), (31, 28), (28, 34), (34, 28), (28, 37), (37, 28), (28, 38), (38, 28), (29, 36), (36, 29), (30, 35), (35, 30), (32, 37), (37, 32), (34, 36), (36, 34), (35, 37), (37, 35), (35, 39), (39, 35), (37, 40), (40, 37), (38, 39), (39, 38)]
Z_dad = [37]
Y_dad = [7, 21, 29]
X_dad = [15, 25, 36]
Z_da-ad = [21]
Y_da-ad = [7, 33, 35]
X_da-ad = [5, 15, 37]
