no              #fail
67.795          #totTm
2.527           #lastADTm
9               #itDAD
5.000           #avItADGoal
10              #itADOpt
5               #opt
5               #optDA-AD
0.359           #tmDA
0.0             #relGain

V = [1, 2, 3, 4, 5, 6, 7, 8, 9, 10, 11, 12, 13, 14, 15, 16, 17, 18, 19, 20, 21, 22, 23, 24, 25, 26, 27, 28, 29, 30, 31, 32, 33, 34, 35, 36, 37, 38, 39, 40]
A = [(1, 7), (7, 1), (1, 13), (13, 1), (1, 15), (15, 1), (1, 16), (16, 1), (1, 26), (26, 1), (1, 29), (29, 1), (1, 35), (35, 1), (2, 6), (6, 2), (2, 7), (7, 2), (2, 10), (10, 2), (2, 13), (13, 2), (2, 15), (15, 2), (2, 18), (18, 2), (2, 28), (28, 2), (2, 30), (30, 2), (2, 31), (31, 2), (2, 38), (38, 2), (3, 5), (5, 3), (3, 9), (9, 3), (3, 10), (10, 3), (3, 30), (30, 3), (3, 35), (35, 3), (4, 7), (7, 4), (4, 15), (15, 4), (4, 21), (21, 4), (4, 22), (22, 4), (5, 14), (14, 5), (5, 15), (15, 5), (5, 16), (16, 5), (5, 21), (21, 5), (6, 8), (8, 6), (6, 9), (9, 6), (7, 22), (22, 7), (7, 35), (35, 7), (7, 38), (38, 7), (8, 9), (9, 8), (8, 12), (12, 8), (8, 13), (13, 8), (8, 29), (29, 8), (9, 13), (13, 9), (9, 14), (14, 9), (9, 22), (22, 9), (9, 34), (34, 9), (10, 11), (11, 10), (10, 30), (30, 10), (10, 37), (37, 10), (11, 12), (12, 11), (11, 14), (14, 11), (11, 26), (26, 11), (11, 29), (29, 11), (11, 33), (33, 11), (11, 39), (39, 11), (12, 32), (32, 12), (12, 33), (33, 12), (13, 25), (25, 13), (13, 28), (28, 13), (13, 29), (29, 13), (13, 34), (34, 13), (14, 15), (15, 14), (14, 25), (25, 14), (14, 31), (31, 14), (15, 19), (19, 15), (15, 34), (34, 15), (15, 38), (38, 15), (15, 39), (39, 15), (16, 24), (24, 16), (16, 27), (27, 16), (16, 34), (34, 16), (16, 38), (38, 16), (17, 21), (21, 17), (17, 25), (25, 17), (17, 28), (28, 17), (17, 30), (30, 17), (17, 32), (32, 17), (17, 33), (33, 17), (18, 22), (22, 18), (18, 29), (29, 18), (18, 34), (34, 18), (19, 31), (31, 19), (19, 35), (35, 19), (20, 27), (27, 20), (20, 30), (30, 20), (20, 31), (31, 20), (21, 35), (35, 21), (21, 38), (38, 21), (21, 39), (39, 21), (22, 24), (24, 22), (22, 27), (27, 22), (23, 28), (28, 23), (24, 36), (36, 24), (24, 39), (39, 24), (25, 34), (34, 25), (25, 37), (37, 25), (25, 38), (38, 25), (25, 40), (40, 25), (26, 29), (29, 26), (26, 31), (31, 26), (26, 35), (35, 26), (26, 37), (37, 26), (28, 32), (32, 28), (29, 35), (35, 29), (31, 35), (35, 31), (31, 37), (37, 31), (31, 39), (39, 31), (32, 33), (33, 32), (32, 38), (38, 32), (33, 34), (34, 33), (33, 36), (36, 33), (35, 39), (39, 35)]
Z_dad = [22]
Y_dad = [16, 25, 33]
X_dad = [4, 28, 35]
Z_da-ad = [25]
Y_da-ad = [26, 36, 40]
X_da-ad = [24, 28, 33]
