no              #fail
13.183          #totTm
5.058           #lastADTm
6               #itDAD
3.400           #avItADGoal
19              #itADOpt
6               #opt
5               #optDA-AD
0.337           #tmDA
16.7            #relGain

V = [1, 2, 3, 4, 5, 6, 7, 8, 9, 10, 11, 12, 13, 14, 15, 16, 17, 18, 19, 20, 21, 22, 23, 24, 25, 26, 27, 28, 29, 30, 31, 32, 33, 34, 35, 36, 37, 38, 39, 40]
A = [(1, 7), (7, 1), (1, 14), (14, 1), (1, 15), (15, 1), (1, 26), (26, 1), (1, 39), (39, 1), (2, 4), (4, 2), (2, 9), (9, 2), (2, 16), (16, 2), (2, 24), (24, 2), (2, 33), (33, 2), (3, 8), (8, 3), (3, 19), (19, 3), (3, 21), (21, 3), (3, 23), (23, 3), (3, 27), (27, 3), (3, 32), (32, 3), (3, 39), (39, 3), (4, 5), (5, 4), (4, 8), (8, 4), (4, 9), (9, 4), (4, 16), (16, 4), (4, 20), (20, 4), (4, 28), (28, 4), (5, 30), (30, 5), (5, 39), (39, 5), (6, 11), (11, 6), (6, 32), (32, 6), (6, 36), (36, 6), (6, 37), (37, 6), (6, 40), (40, 6), (7, 10), (10, 7), (7, 23), (23, 7), (7, 27), (27, 7), (7, 32), (32, 7), (7, 35), (35, 7), (8, 16), (16, 8), (9, 14), (14, 9), (9, 18), (18, 9), (9, 37), (37, 9), (9, 39), (39, 9), (10, 14), (14, 10), (10, 17), (17, 10), (10, 22), (22, 10), (10, 24), (24, 10), (10, 25), (25, 10), (10, 30), (30, 10), (10, 36), (36, 10), (11, 12), (12, 11), (11, 26), (26, 11), (11, 30), (30, 11), (11, 34), (34, 11), (11, 38), (38, 11), (12, 19), (19, 12), (12, 34), (34, 12), (12, 39), (39, 12), (13, 36), (36, 13), (15, 21), (21, 15), (15, 24), (24, 15), (15, 26), (26, 15), (15, 30), (30, 15), (15, 31), (31, 15), (15, 39), (39, 15), (15, 40), (40, 15), (16, 18), (18, 16), (16, 24), (24, 16), (16, 28), (28, 16), (16, 37), (37, 16), (17, 19), (19, 17), (17, 26), (26, 17), (17, 30), (30, 17), (17, 36), (36, 17), (17, 38), (38, 17), (18, 28), (28, 18), (18, 34), (34, 18), (18, 35), (35, 18), (19, 26), (26, 19), (19, 36), (36, 19), (19, 37), (37, 19), (19, 38), (38, 19), (20, 26), (26, 20), (20, 30), (30, 20), (20, 31), (31, 20), (20, 34), (34, 20), (21, 26), (26, 21), (21, 27), (27, 21), (21, 39), (39, 21), (21, 40), (40, 21), (22, 29), (29, 22), (22, 37), (37, 22), (23, 32), (32, 23), (23, 37), (37, 23), (24, 26), (26, 24), (26, 27), (27, 26), (26, 36), (36, 26), (26, 37), (37, 26), (26, 38), (38, 26), (27, 30), (30, 27), (27, 37), (37, 27), (28, 35), (35, 28), (28, 36), (36, 28), (28, 38), (38, 28), (30, 34), (34, 30), (30, 36), (36, 30), (31, 33), (33, 31), (32, 35), (35, 32), (34, 37), (37, 34), (36, 38), (38, 36), (37, 38), (38, 37), (38, 40), (40, 38)]
Z_dad = [10]
Y_dad = [25, 26, 37]
X_dad = [1, 22, 36]
Z_da-ad = [36]
Y_da-ad = [2, 10, 13]
X_da-ad = [22, 30, 33]
