no              #fail
42.998          #totTm
4.003           #lastADTm
9               #itDAD
4.750           #avItADGoal
11              #itADOpt
5               #opt
5               #optDA-AD
0.264           #tmDA
0.0             #relGain

V = [1, 2, 3, 4, 5, 6, 7, 8, 9, 10, 11, 12, 13, 14, 15, 16, 17, 18, 19, 20, 21, 22, 23, 24, 25, 26, 27, 28, 29, 30, 31, 32, 33, 34, 35, 36, 37, 38, 39, 40]
A = [(1, 3), (3, 1), (1, 4), (4, 1), (1, 18), (18, 1), (1, 20), (20, 1), (1, 25), (25, 1), (1, 29), (29, 1), (1, 31), (31, 1), (2, 13), (13, 2), (2, 17), (17, 2), (2, 21), (21, 2), (2, 27), (27, 2), (3, 5), (5, 3), (3, 7), (7, 3), (3, 17), (17, 3), (3, 29), (29, 3), (3, 35), (35, 3), (4, 8), (8, 4), (4, 15), (15, 4), (4, 27), (27, 4), (4, 32), (32, 4), (4, 33), (33, 4), (4, 39), (39, 4), (5, 17), (17, 5), (5, 18), (18, 5), (5, 19), (19, 5), (5, 22), (22, 5), (5, 24), (24, 5), (5, 28), (28, 5), (5, 30), (30, 5), (5, 38), (38, 5), (6, 16), (16, 6), (6, 30), (30, 6), (7, 13), (13, 7), (7, 22), (22, 7), (7, 25), (25, 7), (7, 29), (29, 7), (8, 15), (15, 8), (8, 28), (28, 8), (8, 36), (36, 8), (9, 11), (11, 9), (10, 14), (14, 10), (10, 20), (20, 10), (10, 23), (23, 10), (10, 39), (39, 10), (11, 19), (19, 11), (11, 28), (28, 11), (11, 32), (32, 11), (11, 35), (35, 11), (11, 36), (36, 11), (11, 40), (40, 11), (12, 24), (24, 12), (12, 25), (25, 12), (12, 26), (26, 12), (12, 28), (28, 12), (12, 37), (37, 12), (13, 15), (15, 13), (13, 29), (29, 13), (13, 31), (31, 13), (13, 35), (35, 13), (14, 15), (15, 14), (14, 18), (18, 14), (14, 22), (22, 14), (14, 31), (31, 14), (15, 25), (25, 15), (15, 30), (30, 15), (16, 26), (26, 16), (16, 27), (27, 16), (16, 28), (28, 16), (17, 22), (22, 17), (17, 29), (29, 17), (17, 30), (30, 17), (18, 33), (33, 18), (18, 39), (39, 18), (19, 26), (26, 19), (19, 34), (34, 19), (20, 34), (34, 20), (20, 35), (35, 20), (21, 24), (24, 21), (21, 26), (26, 21), (21, 31), (31, 21), (21, 36), (36, 21), (21, 40), (40, 21), (22, 28), (28, 22), (22, 38), (38, 22), (23, 34), (34, 23), (24, 27), (27, 24), (24, 39), (39, 24), (25, 33), (33, 25), (25, 36), (36, 25), (25, 38), (38, 25), (25, 39), (39, 25), (25, 40), (40, 25), (26, 30), (30, 26), (27, 36), (36, 27), (27, 40), (40, 27), (29, 31), (31, 29), (29, 33), (33, 29), (29, 40), (40, 29), (30, 32), (32, 30), (30, 33), (33, 30), (30, 39), (39, 30), (31, 39), (39, 31), (32, 35), (35, 32), (32, 36), (36, 32), (33, 36), (36, 33), (33, 38), (38, 33), (34, 38), (38, 34), (36, 37), (37, 36), (36, 39), (39, 36)]
Z_dad = [36]
Y_dad = [11, 12, 29]
X_dad = [16, 30, 39]
Z_da-ad = [11]
Y_da-ad = [6, 9, 16]
X_da-ad = [10, 34, 38]
