no              #fail
11.595          #totTm
4.540           #lastADTm
4               #itDAD
1.333           #avItADGoal
12              #itADOpt
5               #opt
5               #optDA-AD
0.195           #tmDA
0.0             #relGain

V = [1, 2, 3, 4, 5, 6, 7, 8, 9, 10, 11, 12, 13, 14, 15, 16, 17, 18, 19, 20, 21, 22, 23, 24, 25, 26, 27, 28, 29, 30, 31, 32, 33, 34, 35, 36, 37, 38, 39, 40]
A = [(1, 19), (19, 1), (1, 20), (20, 1), (1, 35), (35, 1), (2, 11), (11, 2), (2, 14), (14, 2), (2, 17), (17, 2), (2, 25), (25, 2), (2, 32), (32, 2), (2, 34), (34, 2), (2, 37), (37, 2), (3, 7), (7, 3), (3, 8), (8, 3), (3, 9), (9, 3), (3, 12), (12, 3), (3, 20), (20, 3), (3, 22), (22, 3), (4, 9), (9, 4), (4, 16), (16, 4), (4, 19), (19, 4), (4, 24), (24, 4), (4, 25), (25, 4), (4, 29), (29, 4), (4, 31), (31, 4), (5, 6), (6, 5), (5, 30), (30, 5), (5, 37), (37, 5), (5, 38), (38, 5), (5, 39), (39, 5), (6, 18), (18, 6), (6, 20), (20, 6), (6, 21), (21, 6), (6, 27), (27, 6), (6, 28), (28, 6), (6, 33), (33, 6), (6, 38), (38, 6), (7, 9), (9, 7), (7, 16), (16, 7), (7, 37), (37, 7), (8, 29), (29, 8), (8, 36), (36, 8), (9, 21), (21, 9), (9, 25), (25, 9), (9, 31), (31, 9), (9, 34), (34, 9), (9, 39), (39, 9), (10, 11), (11, 10), (10, 20), (20, 10), (10, 30), (30, 10), (10, 33), (33, 10), (10, 35), (35, 10), (10, 39), (39, 10), (10, 40), (40, 10), (11, 25), (25, 11), (11, 32), (32, 11), (11, 35), (35, 11), (11, 39), (39, 11), (11, 40), (40, 11), (12, 17), (17, 12), (12, 33), (33, 12), (13, 14), (14, 13), (13, 18), (18, 13), (13, 21), (21, 13), (13, 25), (25, 13), (14, 24), (24, 14), (14, 33), (33, 14), (15, 23), (23, 15), (15, 25), (25, 15), (16, 17), (17, 16), (16, 18), (18, 16), (16, 19), (19, 16), (16, 31), (31, 16), (16, 33), (33, 16), (16, 34), (34, 16), (17, 20), (20, 17), (17, 24), (24, 17), (17, 28), (28, 17), (17, 34), (34, 17), (18, 21), (21, 18), (18, 27), (27, 18), (18, 29), (29, 18), (18, 36), (36, 18), (19, 21), (21, 19), (19, 26), (26, 19), (19, 30), (30, 19), (20, 29), (29, 20), (21, 31), (31, 21), (22, 25), (25, 22), (23, 31), (31, 23), (24, 25), (25, 24), (24, 28), (28, 24), (24, 29), (29, 24), (24, 32), (32, 24), (24, 36), (36, 24), (24, 40), (40, 24), (26, 36), (36, 26), (26, 37), (37, 26), (27, 30), (30, 27), (27, 32), (32, 27), (27, 33), (33, 27), (27, 34), (34, 27), (28, 35), (35, 28), (29, 36), (36, 29), (32, 36), (36, 32), (32, 38), (38, 32), (32, 39), (39, 32), (33, 36), (36, 33), (33, 38), (38, 33), (35, 36), (36, 35), (36, 38), (38, 36)]
Z_dad = [25]
Y_dad = [17, 23, 36]
X_dad = [2, 3, 15]
Z_da-ad = [1]
Y_da-ad = [13, 14, 23]
X_da-ad = [3, 29, 36]
