no              #fail
29.610          #totTm
2.746           #lastADTm
9               #itDAD
3.125           #avItADGoal
9               #itADOpt
5               #opt
5               #optDA-AD
0.189           #tmDA
0.0             #relGain

V = [1, 2, 3, 4, 5, 6, 7, 8, 9, 10, 11, 12, 13, 14, 15, 16, 17, 18, 19, 20, 21, 22, 23, 24, 25, 26, 27, 28, 29, 30, 31, 32, 33, 34, 35, 36, 37, 38, 39, 40]
A = [(1, 5), (5, 1), (1, 27), (27, 1), (1, 29), (29, 1), (2, 7), (7, 2), (2, 15), (15, 2), (2, 24), (24, 2), (3, 16), (16, 3), (3, 18), (18, 3), (3, 24), (24, 3), (3, 40), (40, 3), (4, 8), (8, 4), (4, 11), (11, 4), (4, 13), (13, 4), (4, 19), (19, 4), (4, 24), (24, 4), (4, 31), (31, 4), (4, 40), (40, 4), (5, 6), (6, 5), (5, 8), (8, 5), (5, 9), (9, 5), (5, 11), (11, 5), (5, 15), (15, 5), (5, 26), (26, 5), (5, 29), (29, 5), (5, 33), (33, 5), (6, 10), (10, 6), (6, 11), (11, 6), (6, 19), (19, 6), (6, 23), (23, 6), (6, 24), (24, 6), (7, 8), (8, 7), (7, 24), (24, 7), (7, 26), (26, 7), (7, 28), (28, 7), (7, 29), (29, 7), (7, 32), (32, 7), (7, 33), (33, 7), (8, 9), (9, 8), (8, 15), (15, 8), (8, 21), (21, 8), (8, 26), (26, 8), (8, 37), (37, 8), (8, 39), (39, 8), (9, 11), (11, 9), (9, 20), (20, 9), (9, 25), (25, 9), (9, 39), (39, 9), (10, 11), (11, 10), (10, 17), (17, 10), (10, 22), (22, 10), (10, 28), (28, 10), (10, 37), (37, 10), (11, 13), (13, 11), (11, 20), (20, 11), (11, 26), (26, 11), (12, 13), (13, 12), (12, 20), (20, 12), (12, 25), (25, 12), (12, 31), (31, 12), (13, 20), (20, 13), (13, 21), (21, 13), (14, 16), (16, 14), (14, 22), (22, 14), (14, 30), (30, 14), (14, 33), (33, 14), (14, 40), (40, 14), (15, 19), (19, 15), (15, 35), (35, 15), (16, 21), (21, 16), (16, 31), (31, 16), (16, 35), (35, 16), (17, 26), (26, 17), (17, 28), (28, 17), (17, 29), (29, 17), (17, 36), (36, 17), (17, 37), (37, 17), (17, 38), (38, 17), (18, 21), (21, 18), (18, 29), (29, 18), (19, 24), (24, 19), (20, 30), (30, 20), (20, 32), (32, 20), (21, 23), (23, 21), (21, 24), (24, 21), (21, 29), (29, 21), (21, 37), (37, 21), (23, 29), (29, 23), (23, 31), (31, 23), (23, 37), (37, 23), (23, 39), (39, 23), (25, 32), (32, 25), (25, 34), (34, 25), (26, 35), (35, 26), (27, 29), (29, 27), (28, 35), (35, 28), (28, 36), (36, 28), (28, 37), (37, 28), (29, 31), (31, 29), (29, 33), (33, 29), (29, 35), (35, 29), (29, 36), (36, 29), (30, 39), (39, 30), (30, 40), (40, 30), (31, 33), (33, 31), (31, 37), (37, 31), (31, 38), (38, 31), (31, 40), (40, 31), (32, 34), (34, 32), (32, 40), (40, 32)]
Z_dad = [10]
Y_dad = [9, 14, 29]
X_dad = [17, 21, 31]
Z_da-ad = [1]
Y_da-ad = [22, 27, 34]
X_da-ad = [7, 15, 24]
