no              #fail
2502.137        #totTm
28.130          #lastADTm
18              #itDAD
6.706           #avItADGoal
71              #itADOpt
9               #opt
9               #optDA-AD
162.4           #tmDA
0.0             #relGain

V = [1, 2, 3, 4, 5, 6, 7, 8, 9, 10, 11, 12, 13, 14, 15, 16, 17, 18, 19, 20, 21, 22, 23, 24, 25, 26, 27, 28, 29, 30, 31, 32, 33, 34, 35, 36, 37, 38, 39, 40, 41, 42, 43, 44, 45, 46, 47, 48, 49, 50, 51, 52, 53, 54, 55, 56, 57, 58, 59, 60, 61, 62, 63, 64, 65, 66, 67, 68, 69, 70, 71, 72, 73, 74, 75, 76, 77, 78, 79, 80]
A = [(1, 14), (14, 1), (1, 22), (22, 1), (1, 49), (49, 1), (2, 29), (29, 2), (2, 42), (42, 2), (2, 53), (53, 2), (3, 16), (16, 3), (3, 55), (55, 3), (3, 76), (76, 3), (3, 77), (77, 3), (4, 5), (5, 4), (4, 28), (28, 4), (4, 34), (34, 4), (4, 37), (37, 4), (4, 74), (74, 4), (5, 11), (11, 5), (5, 35), (35, 5), (5, 40), (40, 5), (5, 41), (41, 5), (5, 42), (42, 5), (5, 45), (45, 5), (5, 46), (46, 5), (5, 55), (55, 5), (5, 61), (61, 5), (6, 17), (17, 6), (6, 30), (30, 6), (6, 62), (62, 6), (7, 10), (10, 7), (7, 15), (15, 7), (7, 37), (37, 7), (7, 44), (44, 7), (7, 50), (50, 7), (7, 52), (52, 7), (7, 53), (53, 7), (8, 19), (19, 8), (8, 67), (67, 8), (8, 71), (71, 8), (8, 74), (74, 8), (9, 46), (46, 9), (9, 47), (47, 9), (9, 56), (56, 9), (9, 65), (65, 9), (10, 28), (28, 10), (10, 60), (60, 10), (10, 74), (74, 10), (11, 12), (12, 11), (11, 15), (15, 11), (11, 22), (22, 11), (11, 35), (35, 11), (11, 50), (50, 11), (12, 15), (15, 12), (12, 45), (45, 12), (12, 48), (48, 12), (12, 62), (62, 12), (13, 21), (21, 13), (13, 26), (26, 13), (14, 31), (31, 14), (14, 72), (72, 14), (15, 23), (23, 15), (15, 41), (41, 15), (15, 42), (42, 15), (15, 62), (62, 15), (15, 63), (63, 15), (16, 41), (41, 16), (16, 42), (42, 16), (16, 43), (43, 16), (16, 44), (44, 16), (16, 55), (55, 16), (16, 78), (78, 16), (17, 47), (47, 17), (17, 51), (51, 17), (18, 22), (22, 18), (18, 49), (49, 18), (18, 69), (69, 18), (20, 23), (23, 20), (20, 24), (24, 20), (20, 25), (25, 20), (20, 50), (50, 20), (20, 54), (54, 20), (20, 62), (62, 20), (20, 78), (78, 20), (21, 62), (62, 21), (22, 27), (27, 22), (22, 56), (56, 22), (23, 41), (41, 23), (23, 66), (66, 23), (23, 70), (70, 23), (23, 80), (80, 23), (24, 51), (51, 24), (24, 63), (63, 24), (25, 42), (42, 25), (25, 53), (53, 25), (25, 64), (64, 25), (25, 71), (71, 25), (27, 38), (38, 27), (27, 70), (70, 27), (27, 74), (74, 27), (28, 31), (31, 28), (28, 33), (33, 28), (28, 60), (60, 28), (28, 61), (61, 28), (28, 79), (79, 28), (29, 71), (71, 29), (29, 74), (74, 29), (31, 49), (49, 31), (32, 56), (56, 32), (33, 48), (48, 33), (33, 64), (64, 33), (33, 79), (79, 33), (34, 43), (43, 34), (34, 74), (74, 34), (35, 48), (48, 35), (35, 54), (54, 35), (35, 66), (66, 35), (36, 39), (39, 36), (36, 58), (58, 36), (37, 76), (76, 37), (37, 78), (78, 37), (38, 59), (59, 38), (38, 60), (60, 38), (39, 42), (42, 39), (39, 74), (74, 39), (40, 73), (73, 40), (40, 79), (79, 40), (41, 45), (45, 41), (41, 60), (60, 41), (42, 69), (69, 42), (42, 76), (76, 42), (43, 46), (46, 43), (43, 52), (52, 43), (43, 64), (64, 43), (44, 48), (48, 44), (44, 74), (74, 44), (45, 58), (58, 45), (46, 62), (62, 46), (48, 56), (56, 48), (48, 68), (68, 48), (50, 62), (62, 50), (52, 59), (59, 52), (52, 62), (62, 52), (52, 66), (66, 52), (53, 69), (69, 53), (53, 78), (78, 53), (54, 72), (72, 54), (55, 65), (65, 55), (55, 76), (76, 55), (56, 67), (67, 56), (58, 80), (80, 58), (60, 67), (67, 60), (60, 79), (79, 60), (64, 65), (65, 64), (64, 66), (66, 64), (67, 80), (80, 67), (71, 72), (72, 71), (71, 79), (79, 71), (72, 76), (76, 72), (72, 79), (79, 72), (74, 80), (80, 74)]
Z_dad = [3, 6, 48]
Y_dad = [5, 21, 75]
X_dad = [40]
Z_da-ad = [6, 40, 56]
Y_da-ad = [19, 26, 75]
X_da-ad = [3]
