no              #fail
1433.390        #totTm
27.518          #lastADTm
16              #itDAD
6.733           #avItADGoal
44              #itADOpt
8               #opt
8               #optDA-AD
12.71           #tmDA
0.0             #relGain

V = [1, 2, 3, 4, 5, 6, 7, 8, 9, 10, 11, 12, 13, 14, 15, 16, 17, 18, 19, 20, 21, 22, 23, 24, 25, 26, 27, 28, 29, 30, 31, 32, 33, 34, 35, 36, 37, 38, 39, 40, 41, 42, 43, 44, 45, 46, 47, 48, 49, 50, 51, 52, 53, 54, 55, 56, 57, 58, 59, 60, 61, 62, 63, 64, 65, 66, 67, 68, 69, 70, 71, 72, 73, 74, 75, 76, 77, 78, 79, 80]
A = [(1, 9), (9, 1), (1, 15), (15, 1), (1, 28), (28, 1), (1, 53), (53, 1), (1, 72), (72, 1), (2, 26), (26, 2), (2, 29), (29, 2), (2, 31), (31, 2), (2, 42), (42, 2), (2, 79), (79, 2), (3, 6), (6, 3), (3, 26), (26, 3), (3, 80), (80, 3), (4, 9), (9, 4), (4, 23), (23, 4), (4, 26), (26, 4), (4, 36), (36, 4), (4, 42), (42, 4), (4, 52), (52, 4), (5, 7), (7, 5), (5, 21), (21, 5), (5, 32), (32, 5), (5, 40), (40, 5), (5, 53), (53, 5), (6, 19), (19, 6), (6, 40), (40, 6), (6, 42), (42, 6), (6, 57), (57, 6), (7, 24), (24, 7), (7, 32), (32, 7), (7, 65), (65, 7), (7, 68), (68, 7), (7, 72), (72, 7), (8, 24), (24, 8), (8, 57), (57, 8), (9, 60), (60, 9), (10, 18), (18, 10), (10, 76), (76, 10), (11, 28), (28, 11), (11, 33), (33, 11), (11, 58), (58, 11), (11, 71), (71, 11), (11, 72), (72, 11), (12, 20), (20, 12), (12, 27), (27, 12), (12, 47), (47, 12), (12, 64), (64, 12), (13, 60), (60, 13), (14, 17), (17, 14), (14, 18), (18, 14), (14, 34), (34, 14), (14, 35), (35, 14), (14, 40), (40, 14), (14, 47), (47, 14), (14, 51), (51, 14), (14, 80), (80, 14), (15, 73), (73, 15), (16, 19), (19, 16), (16, 20), (20, 16), (16, 21), (21, 16), (16, 22), (22, 16), (16, 25), (25, 16), (16, 27), (27, 16), (16, 33), (33, 16), (16, 43), (43, 16), (16, 70), (70, 16), (17, 23), (23, 17), (17, 48), (48, 17), (17, 67), (67, 17), (18, 34), (34, 18), (18, 46), (46, 18), (18, 61), (61, 18), (18, 76), (76, 18), (19, 27), (27, 19), (19, 44), (44, 19), (20, 21), (21, 20), (20, 29), (29, 20), (20, 58), (58, 20), (20, 67), (67, 20), (21, 23), (23, 21), (21, 42), (42, 21), (21, 45), (45, 21), (21, 63), (63, 21), (23, 46), (46, 23), (23, 54), (54, 23), (23, 55), (55, 23), (23, 76), (76, 23), (24, 37), (37, 24), (25, 39), (39, 25), (25, 45), (45, 25), (26, 39), (39, 26), (26, 48), (48, 26), (26, 71), (71, 26), (27, 43), (43, 27), (27, 69), (69, 27), (28, 73), (73, 28), (29, 43), (43, 29), (29, 51), (51, 29), (30, 41), (41, 30), (30, 48), (48, 30), (30, 59), (59, 30), (30, 61), (61, 30), (30, 70), (70, 30), (32, 54), (54, 32), (32, 68), (68, 32), (33, 36), (36, 33), (33, 44), (44, 33), (33, 48), (48, 33), (33, 55), (55, 33), (34, 42), (42, 34), (34, 55), (55, 34), (35, 57), (57, 35), (36, 58), (58, 36), (37, 61), (61, 37), (37, 73), (73, 37), (37, 76), (76, 37), (37, 80), (80, 37), (38, 57), (57, 38), (39, 53), (53, 39), (39, 61), (61, 39), (39, 76), (76, 39), (40, 75), (75, 40), (40, 77), (77, 40), (41, 80), (80, 41), (42, 46), (46, 42), (42, 75), (75, 42), (43, 60), (60, 43), (43, 65), (65, 43), (45, 52), (52, 45), (45, 58), (58, 45), (45, 76), (76, 45), (46, 64), (64, 46), (46, 65), (65, 46), (46, 67), (67, 46), (47, 49), (49, 47), (48, 50), (50, 48), (49, 58), (58, 49), (49, 70), (70, 49), (49, 79), (79, 49), (50, 54), (54, 50), (50, 75), (75, 50), (54, 65), (65, 54), (55, 64), (64, 55), (55, 67), (67, 55), (56, 76), (76, 56), (56, 77), (77, 56), (57, 59), (59, 57), (58, 61), (61, 58), (59, 61), (61, 59), (61, 67), (67, 61), (63, 69), (69, 63), (66, 75), (75, 66), (67, 77), (77, 67), (67, 79), (79, 67), (68, 72), (72, 68), (70, 79), (79, 70), (72, 74), (74, 72), (76, 77), (77, 76)]
Z_dad = [14, 16, 57]
Y_dad = [23, 62, 78]
X_dad = [60]
Z_da-ad = [16, 24, 57]
Y_da-ad = [2, 22, 38]
X_da-ad = [60]
