no              #fail
315.960         #totTm
38.129          #lastADTm
11              #itDAD
5.200           #avItADGoal
72              #itADOpt
9               #opt
9               #optDA-AD
7.909           #tmDA
0.0             #relGain

V = [1, 2, 3, 4, 5, 6, 7, 8, 9, 10, 11, 12, 13, 14, 15, 16, 17, 18, 19, 20, 21, 22, 23, 24, 25, 26, 27, 28, 29, 30, 31, 32, 33, 34, 35, 36, 37, 38, 39, 40, 41, 42, 43, 44, 45, 46, 47, 48, 49, 50, 51, 52, 53, 54, 55, 56, 57, 58, 59, 60, 61, 62, 63, 64, 65, 66, 67, 68, 69, 70, 71, 72, 73, 74, 75, 76, 77, 78, 79, 80]
A = [(1, 7), (7, 1), (1, 70), (70, 1), (1, 72), (72, 1), (2, 7), (7, 2), (2, 64), (64, 2), (2, 67), (67, 2), (2, 75), (75, 2), (3, 16), (16, 3), (3, 32), (32, 3), (4, 73), (73, 4), (5, 26), (26, 5), (5, 40), (40, 5), (5, 51), (51, 5), (5, 54), (54, 5), (5, 65), (65, 5), (5, 67), (67, 5), (5, 76), (76, 5), (6, 18), (18, 6), (6, 37), (37, 6), (6, 52), (52, 6), (7, 52), (52, 7), (7, 57), (57, 7), (7, 62), (62, 7), (8, 33), (33, 8), (8, 49), (49, 8), (8, 66), (66, 8), (8, 70), (70, 8), (8, 76), (76, 8), (8, 77), (77, 8), (9, 40), (40, 9), (9, 60), (60, 9), (9, 61), (61, 9), (9, 62), (62, 9), (9, 74), (74, 9), (9, 78), (78, 9), (10, 24), (24, 10), (10, 33), (33, 10), (10, 75), (75, 10), (11, 34), (34, 11), (11, 69), (69, 11), (11, 80), (80, 11), (12, 36), (36, 12), (12, 59), (59, 12), (12, 67), (67, 12), (13, 50), (50, 13), (13, 79), (79, 13), (14, 30), (30, 14), (14, 58), (58, 14), (14, 63), (63, 14), (15, 37), (37, 15), (15, 47), (47, 15), (15, 49), (49, 15), (15, 50), (50, 15), (15, 66), (66, 15), (15, 73), (73, 15), (16, 21), (21, 16), (16, 50), (50, 16), (16, 78), (78, 16), (17, 28), (28, 17), (17, 51), (51, 17), (17, 64), (64, 17), (17, 65), (65, 17), (18, 53), (53, 18), (19, 35), (35, 19), (19, 49), (49, 19), (19, 60), (60, 19), (20, 32), (32, 20), (20, 38), (38, 20), (20, 39), (39, 20), (20, 40), (40, 20), (20, 48), (48, 20), (20, 52), (52, 20), (20, 64), (64, 20), (24, 73), (73, 24), (24, 79), (79, 24), (25, 48), (48, 25), (25, 71), (71, 25), (26, 45), (45, 26), (26, 47), (47, 26), (26, 48), (48, 26), (26, 63), (63, 26), (26, 66), (66, 26), (26, 69), (69, 26), (26, 71), (71, 26), (27, 32), (32, 27), (27, 52), (52, 27), (28, 33), (33, 28), (28, 43), (43, 28), (28, 62), (62, 28), (28, 66), (66, 28), (28, 80), (80, 28), (29, 59), (59, 29), (29, 64), (64, 29), (29, 68), (68, 29), (30, 51), (51, 30), (30, 63), (63, 30), (31, 57), (57, 31), (32, 56), (56, 32), (32, 62), (62, 32), (32, 66), (66, 32), (33, 50), (50, 33), (34, 43), (43, 34), (34, 59), (59, 34), (34, 70), (70, 34), (35, 61), (61, 35), (35, 64), (64, 35), (35, 73), (73, 35), (35, 78), (78, 35), (36, 47), (47, 36), (37, 38), (38, 37), (38, 44), (44, 38), (38, 72), (72, 38), (38, 80), (80, 38), (39, 61), (61, 39), (40, 65), (65, 40), (42, 44), (44, 42), (42, 77), (77, 42), (44, 58), (58, 44), (44, 59), (59, 44), (44, 67), (67, 44), (45, 64), (64, 45), (46, 47), (47, 46), (46, 57), (57, 46), (46, 62), (62, 46), (46, 80), (80, 46), (47, 48), (48, 47), (47, 76), (76, 47), (48, 54), (54, 48), (49, 57), (57, 49), (49, 75), (75, 49), (50, 52), (52, 50), (50, 75), (75, 50), (51, 54), (54, 51), (51, 64), (64, 51), (51, 78), (78, 51), (52, 65), (65, 52), (52, 71), (71, 52), (53, 65), (65, 53), (53, 67), (67, 53), (54, 55), (55, 54), (54, 62), (62, 54), (54, 67), (67, 54), (54, 77), (77, 54), (56, 59), (59, 56), (56, 74), (74, 56), (56, 77), (77, 56), (57, 63), (63, 57), (58, 63), (63, 58), (60, 78), (78, 60), (61, 64), (64, 61), (63, 76), (76, 63), (63, 77), (77, 63), (64, 72), (72, 64), (67, 77), (77, 67), (67, 78), (78, 67), (67, 80), (80, 67), (72, 74), (74, 72), (76, 79), (79, 76)]
Z_dad = [16, 32, 73]
Y_dad = [23, 41, 64]
X_dad = [29]
Z_da-ad = [16, 54, 73]
Y_da-ad = [4, 41, 57]
X_da-ad = [32]
