no              #fail
2785.099        #totTm
15.971          #lastADTm
15              #itDAD
7.643           #avItADGoal
33              #itADOpt
8               #opt
8               #optDA-AD
6.528           #tmDA
0.0             #relGain

V = [1, 2, 3, 4, 5, 6, 7, 8, 9, 10, 11, 12, 13, 14, 15, 16, 17, 18, 19, 20, 21, 22, 23, 24, 25, 26, 27, 28, 29, 30, 31, 32, 33, 34, 35, 36, 37, 38, 39, 40, 41, 42, 43, 44, 45, 46, 47, 48, 49, 50, 51, 52, 53, 54, 55, 56, 57, 58, 59, 60, 61, 62, 63, 64, 65, 66, 67, 68, 69, 70, 71, 72, 73, 74, 75, 76, 77, 78, 79, 80]
A = [(1, 10), (10, 1), (2, 22), (22, 2), (2, 55), (55, 2), (2, 73), (73, 2), (3, 14), (14, 3), (3, 36), (36, 3), (3, 53), (53, 3), (3, 60), (60, 3), (3, 76), (76, 3), (4, 13), (13, 4), (4, 42), (42, 4), (4, 67), (67, 4), (4, 79), (79, 4), (5, 35), (35, 5), (5, 55), (55, 5), (5, 64), (64, 5), (5, 66), (66, 5), (6, 7), (7, 6), (6, 55), (55, 6), (6, 60), (60, 6), (7, 10), (10, 7), (9, 51), (51, 9), (9, 80), (80, 9), (10, 22), (22, 10), (10, 30), (30, 10), (10, 62), (62, 10), (10, 71), (71, 10), (11, 50), (50, 11), (11, 79), (79, 11), (12, 46), (46, 12), (12, 48), (48, 12), (12, 56), (56, 12), (12, 63), (63, 12), (12, 73), (73, 12), (12, 79), (79, 12), (13, 33), (33, 13), (13, 38), (38, 13), (13, 55), (55, 13), (13, 61), (61, 13), (13, 65), (65, 13), (14, 22), (22, 14), (14, 30), (30, 14), (14, 45), (45, 14), (14, 59), (59, 14), (14, 63), (63, 14), (15, 22), (22, 15), (15, 23), (23, 15), (15, 30), (30, 15), (15, 64), (64, 15), (15, 72), (72, 15), (16, 27), (27, 16), (16, 50), (50, 16), (16, 73), (73, 16), (16, 74), (74, 16), (16, 77), (77, 16), (16, 79), (79, 16), (17, 56), (56, 17), (17, 73), (73, 17), (17, 80), (80, 17), (18, 21), (21, 18), (18, 29), (29, 18), (19, 51), (51, 19), (19, 63), (63, 19), (19, 69), (69, 19), (19, 77), (77, 19), (20, 32), (32, 20), (20, 36), (36, 20), (20, 49), (49, 20), (21, 27), (27, 21), (21, 47), (47, 21), (21, 59), (59, 21), (22, 64), (64, 22), (22, 66), (66, 22), (22, 73), (73, 22), (23, 57), (57, 23), (24, 58), (58, 24), (24, 68), (68, 24), (25, 75), (75, 25), (25, 76), (76, 25), (26, 33), (33, 26), (26, 47), (47, 26), (26, 73), (73, 26), (26, 78), (78, 26), (26, 79), (79, 26), (27, 32), (32, 27), (27, 80), (80, 27), (28, 35), (35, 28), (28, 40), (40, 28), (28, 72), (72, 28), (28, 78), (78, 28), (29, 32), (32, 29), (29, 46), (46, 29), (29, 55), (55, 29), (29, 67), (67, 29), (30, 33), (33, 30), (30, 34), (34, 30), (30, 53), (53, 30), (30, 70), (70, 30), (31, 39), (39, 31), (31, 55), (55, 31), (31, 56), (56, 31), (32, 76), (76, 32), (33, 45), (45, 33), (33, 60), (60, 33), (34, 46), (46, 34), (34, 50), (50, 34), (34, 51), (51, 34), (34, 55), (55, 34), (34, 80), (80, 34), (35, 36), (36, 35), (35, 43), (43, 35), (35, 67), (67, 35), (36, 59), (59, 36), (37, 59), (59, 37), (37, 74), (74, 37), (38, 50), (50, 38), (39, 65), (65, 39), (40, 43), (43, 40), (40, 51), (51, 40), (40, 70), (70, 40), (41, 51), (51, 41), (42, 46), (46, 42), (43, 67), (67, 43), (45, 53), (53, 45), (45, 63), (63, 45), (46, 52), (52, 46), (46, 71), (71, 46), (47, 75), (75, 47), (49, 57), (57, 49), (49, 64), (64, 49), (50, 69), (69, 50), (50, 72), (72, 50), (51, 53), (53, 51), (51, 56), (56, 51), (51, 58), (58, 51), (53, 54), (54, 53), (53, 80), (80, 53), (55, 58), (58, 55), (55, 80), (80, 55), (56, 74), (74, 56), (56, 79), (79, 56), (57, 62), (62, 57), (59, 69), (69, 59), (59, 77), (77, 59), (60, 67), (67, 60), (60, 80), (80, 60), (61, 77), (77, 61), (62, 74), (74, 62), (64, 72), (72, 64), (65, 67), (67, 65), (67, 78), (78, 67), (68, 72), (72, 68), (68, 77), (77, 68), (69, 70), (70, 69), (71, 75), (75, 71), (73, 80), (80, 73), (76, 78), (78, 76), (77, 79), (79, 77)]
Z_dad = [10, 51, 55]
Y_dad = [1, 44, 79]
X_dad = [60]
Z_da-ad = [10, 12, 51]
Y_da-ad = [8, 41, 46]
X_da-ad = [6]
