no              #fail
2277.273        #totTm
21.610          #lastADTm
16              #itDAD
8.733           #avItADGoal
52              #itADOpt
10              #opt
10              #optDA-AD
7.306           #tmDA
0.0             #relGain

V = [1, 2, 3, 4, 5, 6, 7, 8, 9, 10, 11, 12, 13, 14, 15, 16, 17, 18, 19, 20, 21, 22, 23, 24, 25, 26, 27, 28, 29, 30, 31, 32, 33, 34, 35, 36, 37, 38, 39, 40]
A = [(1, 2), (2, 1), (1, 10), (10, 1), (1, 12), (12, 1), (1, 13), (13, 1), (1, 15), (15, 1), (1, 16), (16, 1), (1, 40), (40, 1), (2, 3), (3, 2), (2, 27), (27, 2), (2, 38), (38, 2), (3, 5), (5, 3), (4, 15), (15, 4), (4, 20), (20, 4), (4, 24), (24, 4), (4, 29), (29, 4), (4, 30), (30, 4), (4, 31), (31, 4), (4, 39), (39, 4), (5, 11), (11, 5), (5, 18), (18, 5), (5, 24), (24, 5), (5, 30), (30, 5), (5, 38), (38, 5), (6, 10), (10, 6), (6, 20), (20, 6), (6, 21), (21, 6), (6, 23), (23, 6), (6, 31), (31, 6), (6, 33), (33, 6), (6, 39), (39, 6), (7, 24), (24, 7), (7, 33), (33, 7), (8, 17), (17, 8), (8, 19), (19, 8), (8, 23), (23, 8), (8, 29), (29, 8), (8, 32), (32, 8), (8, 38), (38, 8), (10, 18), (18, 10), (10, 27), (27, 10), (10, 28), (28, 10), (10, 36), (36, 10), (11, 24), (24, 11), (11, 27), (27, 11), (11, 36), (36, 11), (11, 39), (39, 11), (11, 40), (40, 11), (12, 16), (16, 12), (12, 27), (27, 12), (12, 37), (37, 12), (13, 17), (17, 13), (13, 32), (32, 13), (13, 37), (37, 13), (13, 40), (40, 13), (14, 19), (19, 14), (14, 20), (20, 14), (14, 23), (23, 14), (14, 28), (28, 14), (15, 29), (29, 15), (16, 21), (21, 16), (16, 36), (36, 16), (17, 21), (21, 17), (17, 23), (23, 17), (17, 27), (27, 17), (17, 29), (29, 17), (17, 31), (31, 17), (17, 38), (38, 17), (19, 30), (30, 19), (19, 40), (40, 19), (20, 34), (34, 20), (20, 35), (35, 20), (20, 36), (36, 20), (20, 37), (37, 20), (21, 34), (34, 21), (21, 37), (37, 21), (21, 38), (38, 21), (22, 26), (26, 22), (22, 29), (29, 22), (23, 35), (35, 23), (24, 35), (35, 24), (25, 40), (40, 25), (28, 35), (35, 28), (31, 34), (34, 31), (32, 35), (35, 32), (39, 40), (40, 39)]
Z_dad = [5, 6, 40]
Y_dad = [7, 17, 22]
X_dad = [2, 10, 13]
Z_da-ad = [2, 5, 10]
Y_da-ad = [24, 26, 40]
X_da-ad = [4, 6, 19]
