no              #fail
1402.341        #totTm
16.333          #lastADTm
20              #itDAD
9.105           #avItADGoal
37              #itADOpt
11              #opt
10              #optDA-AD
1.993           #tmDA
9.1             #relGain

V = [1, 2, 3, 4, 5, 6, 7, 8, 9, 10, 11, 12, 13, 14, 15, 16, 17, 18, 19, 20, 21, 22, 23, 24, 25, 26, 27, 28, 29, 30, 31, 32, 33, 34, 35, 36, 37, 38, 39, 40]
A = [(1, 4), (4, 1), (1, 20), (20, 1), (2, 8), (8, 2), (2, 14), (14, 2), (2, 26), (26, 2), (2, 27), (27, 2), (2, 28), (28, 2), (2, 34), (34, 2), (3, 4), (4, 3), (3, 5), (5, 3), (3, 11), (11, 3), (3, 16), (16, 3), (3, 21), (21, 3), (3, 28), (28, 3), (4, 10), (10, 4), (4, 13), (13, 4), (4, 18), (18, 4), (4, 21), (21, 4), (4, 29), (29, 4), (4, 32), (32, 4), (4, 34), (34, 4), (5, 6), (6, 5), (5, 7), (7, 5), (5, 11), (11, 5), (5, 18), (18, 5), (5, 24), (24, 5), (5, 25), (25, 5), (5, 37), (37, 5), (5, 40), (40, 5), (6, 18), (18, 6), (6, 31), (31, 6), (7, 14), (14, 7), (7, 16), (16, 7), (7, 24), (24, 7), (7, 28), (28, 7), (7, 37), (37, 7), (7, 40), (40, 7), (8, 10), (10, 8), (8, 22), (22, 8), (8, 29), (29, 8), (8, 37), (37, 8), (9, 10), (10, 9), (9, 37), (37, 9), (10, 16), (16, 10), (10, 22), (22, 10), (10, 23), (23, 10), (10, 35), (35, 10), (11, 28), (28, 11), (11, 30), (30, 11), (12, 16), (16, 12), (12, 34), (34, 12), (12, 35), (35, 12), (12, 37), (37, 12), (13, 16), (16, 13), (13, 19), (19, 13), (13, 33), (33, 13), (13, 40), (40, 13), (14, 32), (32, 14), (15, 27), (27, 15), (15, 40), (40, 15), (16, 23), (23, 16), (16, 25), (25, 16), (16, 34), (34, 16), (16, 39), (39, 16), (18, 23), (23, 18), (18, 29), (29, 18), (19, 31), (31, 19), (20, 22), (22, 20), (20, 32), (32, 20), (21, 23), (23, 21), (23, 32), (32, 23), (23, 35), (35, 23), (25, 31), (31, 25), (25, 32), (32, 25), (26, 27), (27, 26), (27, 31), (31, 27), (27, 34), (34, 27), (27, 37), (37, 27), (28, 29), (29, 28), (29, 38), (38, 29), (29, 39), (39, 29), (30, 31), (31, 30), (30, 32), (32, 30), (34, 36), (36, 34), (34, 40), (40, 34)]
Z_dad = [16, 29, 34]
Y_dad = [4, 37, 38]
X_dad = [5, 7, 13]
Z_da-ad = [13, 16, 29]
Y_da-ad = [8, 38, 39]
X_da-ad = [7, 31, 34]
