no              #fail
339.189         #totTm
12.664          #lastADTm
12              #itDAD
3.636           #avItADGoal
58              #itADOpt
11              #opt
11              #optDA-AD
0.956           #tmDA
0.0             #relGain

V = [1, 2, 3, 4, 5, 6, 7, 8, 9, 10, 11, 12, 13, 14, 15, 16, 17, 18, 19, 20, 21, 22, 23, 24, 25, 26, 27, 28, 29, 30, 31, 32, 33, 34, 35, 36, 37, 38, 39, 40]
A = [(1, 12), (12, 1), (1, 17), (17, 1), (1, 34), (34, 1), (1, 37), (37, 1), (2, 3), (3, 2), (2, 5), (5, 2), (2, 9), (9, 2), (2, 23), (23, 2), (2, 29), (29, 2), (2, 31), (31, 2), (2, 33), (33, 2), (3, 4), (4, 3), (3, 19), (19, 3), (3, 21), (21, 3), (3, 23), (23, 3), (3, 25), (25, 3), (3, 36), (36, 3), (3, 40), (40, 3), (4, 10), (10, 4), (4, 27), (27, 4), (4, 29), (29, 4), (4, 30), (30, 4), (6, 14), (14, 6), (6, 18), (18, 6), (6, 36), (36, 6), (6, 40), (40, 6), (8, 23), (23, 8), (8, 26), (26, 8), (9, 15), (15, 9), (9, 24), (24, 9), (9, 26), (26, 9), (9, 28), (28, 9), (10, 14), (14, 10), (10, 21), (21, 10), (10, 28), (28, 10), (10, 35), (35, 10), (11, 12), (12, 11), (11, 15), (15, 11), (11, 28), (28, 11), (11, 31), (31, 11), (11, 32), (32, 11), (11, 33), (33, 11), (12, 13), (13, 12), (12, 31), (31, 12), (13, 14), (14, 13), (13, 21), (21, 13), (13, 31), (31, 13), (13, 32), (32, 13), (13, 34), (34, 13), (14, 20), (20, 14), (14, 22), (22, 14), (15, 22), (22, 15), (15, 36), (36, 15), (17, 18), (18, 17), (18, 19), (19, 18), (18, 30), (30, 18), (18, 33), (33, 18), (19, 34), (34, 19), (20, 23), (23, 20), (20, 26), (26, 20), (20, 38), (38, 20), (20, 39), (39, 20), (21, 23), (23, 21), (21, 24), (24, 21), (21, 34), (34, 21), (21, 35), (35, 21), (21, 37), (37, 21), (22, 26), (26, 22), (22, 31), (31, 22), (23, 25), (25, 23), (23, 29), (29, 23), (23, 30), (30, 23), (23, 31), (31, 23), (23, 32), (32, 23), (24, 30), (30, 24), (24, 33), (33, 24), (24, 38), (38, 24), (25, 26), (26, 25), (25, 28), (28, 25), (28, 39), (39, 28), (30, 32), (32, 30), (31, 33), (33, 31), (31, 35), (35, 31), (32, 40), (40, 32), (34, 39), (39, 34)]
Z_dad = [2, 4, 21]
Y_dad = [1, 23, 31]
X_dad = [3, 20, 24]
Z_da-ad = [2, 4, 23]
Y_da-ad = [7, 26, 27]
X_da-ad = [1, 18, 21]
