no              #fail
2244.783        #totTm
12.119          #lastADTm
27              #itDAD
3.808           #avItADGoal
45              #itADOpt
10              #opt
10              #optDA-AD
5.558           #tmDA
0.0             #relGain

V = [1, 2, 3, 4, 5, 6, 7, 8, 9, 10, 11, 12, 13, 14, 15, 16, 17, 18, 19, 20, 21, 22, 23, 24, 25, 26, 27, 28, 29, 30, 31, 32, 33, 34, 35, 36, 37, 38, 39, 40]
A = [(1, 8), (8, 1), (1, 24), (24, 1), (1, 31), (31, 1), (1, 35), (35, 1), (1, 39), (39, 1), (1, 40), (40, 1), (2, 22), (22, 2), (2, 36), (36, 2), (3, 10), (10, 3), (3, 20), (20, 3), (3, 22), (22, 3), (3, 27), (27, 3), (3, 29), (29, 3), (3, 31), (31, 3), (3, 34), (34, 3), (4, 6), (6, 4), (4, 12), (12, 4), (5, 7), (7, 5), (5, 13), (13, 5), (5, 19), (19, 5), (5, 23), (23, 5), (5, 29), (29, 5), (5, 35), (35, 5), (6, 18), (18, 6), (6, 23), (23, 6), (6, 29), (29, 6), (6, 30), (30, 6), (7, 20), (20, 7), (7, 37), (37, 7), (8, 23), (23, 8), (8, 25), (25, 8), (8, 27), (27, 8), (8, 28), (28, 8), (8, 29), (29, 8), (8, 30), (30, 8), (8, 39), (39, 8), (8, 40), (40, 8), (9, 18), (18, 9), (9, 35), (35, 9), (10, 14), (14, 10), (10, 33), (33, 10), (10, 36), (36, 10), (10, 38), (38, 10), (11, 26), (26, 11), (11, 32), (32, 11), (12, 36), (36, 12), (12, 39), (39, 12), (13, 31), (31, 13), (13, 36), (36, 13), (13, 39), (39, 13), (14, 16), (16, 14), (14, 31), (31, 14), (15, 40), (40, 15), (16, 18), (18, 16), (16, 32), (32, 16), (16, 33), (33, 16), (16, 35), (35, 16), (17, 34), (34, 17), (18, 21), (21, 18), (18, 27), (27, 18), (19, 24), (24, 19), (19, 26), (26, 19), (19, 37), (37, 19), (21, 25), (25, 21), (22, 23), (23, 22), (22, 31), (31, 22), (23, 32), (32, 23), (23, 34), (34, 23), (23, 37), (37, 23), (24, 26), (26, 24), (24, 31), (31, 24), (24, 36), (36, 24), (24, 40), (40, 24), (26, 33), (33, 26), (26, 36), (36, 26), (26, 37), (37, 26), (27, 31), (31, 27), (27, 40), (40, 27), (29, 39), (39, 29), (30, 32), (32, 30), (30, 39), (39, 30), (31, 32), (32, 31), (31, 36), (36, 31), (31, 37), (37, 31), (39, 40), (40, 39)]
Z_dad = [6, 8, 34]
Y_dad = [18, 28, 31]
X_dad = [10, 36, 39]
Z_da-ad = [8, 18, 35]
Y_da-ad = [10, 17, 25]
X_da-ad = [3, 5, 37]
