no              #fail
39.172          #totTm
10.893          #lastADTm
10              #itDAD
9.333           #avItADGoal
50              #itADOpt
10              #opt
9               #optDA-AD
0.274           #tmDA
10.0            #relGain

V = [1, 2, 3, 4, 5, 6, 7, 8, 9, 10, 11, 12, 13, 14, 15, 16, 17, 18, 19, 20, 21, 22, 23, 24, 25, 26, 27, 28, 29, 30, 31, 32, 33, 34, 35, 36, 37, 38, 39, 40]
A = [(1, 4), (4, 1), (1, 8), (8, 1), (2, 4), (4, 2), (2, 5), (5, 2), (3, 14), (14, 3), (3, 19), (19, 3), (4, 10), (10, 4), (4, 16), (16, 4), (4, 31), (31, 4), (4, 40), (40, 4), (5, 12), (12, 5), (5, 16), (16, 5), (5, 27), (27, 5), (5, 40), (40, 5), (6, 15), (15, 6), (6, 16), (16, 6), (7, 34), (34, 7), (7, 40), (40, 7), (8, 9), (9, 8), (8, 31), (31, 8), (10, 32), (32, 10), (10, 36), (36, 10), (10, 38), (38, 10), (11, 39), (39, 11), (12, 16), (16, 12), (12, 27), (27, 12), (12, 30), (30, 12), (12, 37), (37, 12), (13, 15), (15, 13), (13, 19), (19, 13), (13, 20), (20, 13), (13, 22), (22, 13), (13, 30), (30, 13), (13, 38), (38, 13), (14, 17), (17, 14), (14, 21), (21, 14), (14, 28), (28, 14), (14, 29), (29, 14), (14, 38), (38, 14), (15, 18), (18, 15), (15, 20), (20, 15), (15, 39), (39, 15), (15, 40), (40, 15), (16, 36), (36, 16), (16, 39), (39, 16), (17, 20), (20, 17), (18, 21), (21, 18), (19, 20), (20, 19), (19, 32), (32, 19), (19, 38), (38, 19), (20, 28), (28, 20), (21, 24), (24, 21), (21, 27), (27, 21), (23, 33), (33, 23), (23, 36), (36, 23), (23, 37), (37, 23), (24, 38), (38, 24), (24, 40), (40, 24), (25, 36), (36, 25), (26, 40), (40, 26), (28, 30), (30, 28), (31, 36), (36, 31)]
Z_dad = [36]
Y_dad = [4, 37, 40]
X_dad = [15, 16, 21]
Z_da-ad = [40]
Y_da-ad = [7, 35, 36]
X_da-ad = [13, 15, 16]
