no              #fail
83.842          #totTm
10.963          #lastADTm
10              #itDAD
18.333          #avItADGoal
49              #itADOpt
10              #opt
9               #optDA-AD
0.711           #tmDA
10.0            #relGain

V = [1, 2, 3, 4, 5, 6, 7, 8, 9, 10, 11, 12, 13, 14, 15, 16, 17, 18, 19, 20, 21, 22, 23, 24, 25, 26, 27, 28, 29, 30, 31, 32, 33, 34, 35, 36, 37, 38, 39, 40]
A = [(1, 11), (11, 1), (1, 20), (20, 1), (1, 22), (22, 1), (1, 33), (33, 1), (1, 35), (35, 1), (2, 12), (12, 2), (2, 14), (14, 2), (2, 18), (18, 2), (2, 27), (27, 2), (2, 32), (32, 2), (2, 39), (39, 2), (3, 28), (28, 3), (4, 7), (7, 4), (4, 23), (23, 4), (4, 26), (26, 4), (4, 30), (30, 4), (5, 23), (23, 5), (5, 39), (39, 5), (5, 40), (40, 5), (7, 9), (9, 7), (7, 14), (14, 7), (7, 23), (23, 7), (8, 25), (25, 8), (9, 27), (27, 9), (9, 33), (33, 9), (10, 11), (11, 10), (10, 31), (31, 10), (12, 15), (15, 12), (12, 16), (16, 12), (12, 36), (36, 12), (13, 19), (19, 13), (13, 24), (24, 13), (13, 32), (32, 13), (14, 23), (23, 14), (14, 38), (38, 14), (14, 40), (40, 14), (15, 28), (28, 15), (16, 38), (38, 16), (17, 18), (18, 17), (18, 33), (33, 18), (18, 39), (39, 18), (19, 20), (20, 19), (19, 30), (30, 19), (19, 32), (32, 19), (20, 24), (24, 20), (20, 33), (33, 20), (21, 40), (40, 21), (22, 23), (23, 22), (23, 32), (32, 23), (23, 33), (33, 23), (23, 36), (36, 23), (24, 31), (31, 24), (24, 35), (35, 24), (26, 37), (37, 26), (27, 29), (29, 27), (30, 31), (31, 30), (30, 32), (32, 30), (30, 36), (36, 30), (30, 38), (38, 30), (31, 37), (37, 31), (31, 38), (38, 31), (32, 39), (39, 32)]
Z_dad = [33]
Y_dad = [7, 12, 25]
X_dad = [15, 18, 27]
Z_da-ad = [15]
Y_da-ad = [3, 8, 31]
X_da-ad = [18, 27, 40]
