no              #fail
17.971          #totTm
4.899           #lastADTm
8               #itDAD
4.000           #avItADGoal
28              #itADOpt
9               #opt
9               #optDA-AD
0.464           #tmDA
0.0             #relGain

V = [1, 2, 3, 4, 5, 6, 7, 8, 9, 10, 11, 12, 13, 14, 15, 16, 17, 18, 19, 20, 21, 22, 23, 24, 25, 26, 27, 28, 29, 30, 31, 32, 33, 34, 35, 36, 37, 38, 39, 40]
A = [(1, 2), (2, 1), (1, 22), (22, 1), (1, 29), (29, 1), (2, 10), (10, 2), (2, 27), (27, 2), (2, 40), (40, 2), (3, 8), (8, 3), (3, 15), (15, 3), (3, 32), (32, 3), (4, 5), (5, 4), (4, 16), (16, 4), (4, 17), (17, 4), (4, 18), (18, 4), (4, 31), (31, 4), (4, 32), (32, 4), (4, 37), (37, 4), (5, 7), (7, 5), (5, 17), (17, 5), (6, 20), (20, 6), (6, 39), (39, 6), (7, 25), (25, 7), (7, 29), (29, 7), (8, 25), (25, 8), (8, 36), (36, 8), (9, 12), (12, 9), (9, 14), (14, 9), (9, 36), (36, 9), (10, 13), (13, 10), (10, 17), (17, 10), (10, 21), (21, 10), (10, 38), (38, 10), (11, 22), (22, 11), (11, 23), (23, 11), (12, 34), (34, 12), (13, 24), (24, 13), (13, 34), (34, 13), (14, 19), (19, 14), (15, 38), (38, 15), (17, 27), (27, 17), (17, 29), (29, 17), (17, 36), (36, 17), (18, 21), (21, 18), (18, 28), (28, 18), (19, 36), (36, 19), (19, 37), (37, 19), (21, 31), (31, 21), (22, 28), (28, 22), (23, 29), (29, 23), (23, 36), (36, 23), (26, 34), (34, 26), (26, 38), (38, 26), (28, 29), (29, 28), (28, 31), (31, 28), (28, 33), (33, 28), (29, 31), (31, 29), (29, 32), (32, 29), (30, 31), (31, 30), (30, 32), (32, 30), (30, 36), (36, 30), (30, 38), (38, 30), (31, 36), (36, 31), (38, 39), (39, 38)]
Z_dad = [2]
Y_dad = [35, 36, 38]
X_dad = [13, 17, 39]
Z_da-ad = [28]
Y_da-ad = [35, 36, 38]
X_da-ad = [2, 17, 39]
