no              #fail
22.641          #totTm
2.723           #lastADTm
8               #itDAD
6.143           #avItADGoal
14              #itADOpt
9               #opt
8               #optDA-AD
0.385           #tmDA
11.1            #relGain

V = [1, 2, 3, 4, 5, 6, 7, 8, 9, 10, 11, 12, 13, 14, 15, 16, 17, 18, 19, 20, 21, 22, 23, 24, 25, 26, 27, 28, 29, 30, 31, 32, 33, 34, 35, 36, 37, 38, 39, 40]
A = [(1, 7), (7, 1), (1, 38), (38, 1), (1, 40), (40, 1), (2, 10), (10, 2), (2, 32), (32, 2), (3, 19), (19, 3), (3, 23), (23, 3), (3, 37), (37, 3), (3, 39), (39, 3), (4, 20), (20, 4), (5, 6), (6, 5), (5, 9), (9, 5), (5, 38), (38, 5), (7, 26), (26, 7), (7, 28), (28, 7), (7, 33), (33, 7), (8, 17), (17, 8), (8, 22), (22, 8), (8, 23), (23, 8), (8, 24), (24, 8), (8, 32), (32, 8), (9, 14), (14, 9), (9, 16), (16, 9), (9, 21), (21, 9), (10, 32), (32, 10), (11, 19), (19, 11), (11, 21), (21, 11), (11, 26), (26, 11), (11, 30), (30, 11), (11, 32), (32, 11), (11, 40), (40, 11), (12, 16), (16, 12), (12, 26), (26, 12), (13, 16), (16, 13), (13, 19), (19, 13), (15, 29), (29, 15), (15, 31), (31, 15), (15, 37), (37, 15), (16, 28), (28, 16), (16, 35), (35, 16), (17, 18), (18, 17), (17, 20), (20, 17), (17, 28), (28, 17), (17, 37), (37, 17), (18, 19), (19, 18), (18, 26), (26, 18), (18, 31), (31, 18), (19, 36), (36, 19), (19, 39), (39, 19), (20, 28), (28, 20), (20, 29), (29, 20), (21, 23), (23, 21), (21, 27), (27, 21), (22, 24), (24, 22), (23, 30), (30, 23), (24, 33), (33, 24), (25, 28), (28, 25), (25, 34), (34, 25), (25, 35), (35, 25), (25, 40), (40, 25), (26, 27), (27, 26), (30, 32), (32, 30)]
Z_dad = [8]
Y_dad = [5, 28, 32]
X_dad = [7, 9, 20]
Z_da-ad = [20]
Y_da-ad = [4, 6, 32]
X_da-ad = [16, 19, 25]
