no              #fail
19.726          #totTm
7.117           #lastADTm
6               #itDAD
7.000           #avItADGoal
43              #itADOpt
9               #opt
8               #optDA-AD
0.619           #tmDA
11.1            #relGain

V = [1, 2, 3, 4, 5, 6, 7, 8, 9, 10, 11, 12, 13, 14, 15, 16, 17, 18, 19, 20, 21, 22, 23, 24, 25, 26, 27, 28, 29, 30, 31, 32, 33, 34, 35, 36, 37, 38, 39, 40]
A = [(1, 8), (8, 1), (1, 12), (12, 1), (1, 14), (14, 1), (1, 16), (16, 1), (1, 20), (20, 1), (2, 13), (13, 2), (2, 18), (18, 2), (2, 19), (19, 2), (3, 8), (8, 3), (3, 20), (20, 3), (3, 39), (39, 3), (4, 36), (36, 4), (4, 38), (38, 4), (5, 14), (14, 5), (5, 35), (35, 5), (6, 32), (32, 6), (7, 10), (10, 7), (7, 16), (16, 7), (7, 17), (17, 7), (8, 14), (14, 8), (8, 30), (30, 8), (9, 13), (13, 9), (9, 17), (17, 9), (9, 25), (25, 9), (9, 38), (38, 9), (10, 39), (39, 10), (11, 24), (24, 11), (12, 17), (17, 12), (13, 17), (17, 13), (13, 23), (23, 13), (14, 23), (23, 14), (14, 38), (38, 14), (15, 19), (19, 15), (15, 30), (30, 15), (16, 18), (18, 16), (16, 40), (40, 16), (18, 30), (30, 18), (19, 22), (22, 19), (19, 24), (24, 19), (19, 28), (28, 19), (19, 36), (36, 19), (19, 39), (39, 19), (20, 21), (21, 20), (20, 33), (33, 20), (20, 34), (34, 20), (21, 24), (24, 21), (21, 27), (27, 21), (21, 34), (34, 21), (21, 35), (35, 21), (21, 40), (40, 21), (22, 27), (27, 22), (23, 34), (34, 23), (25, 27), (27, 25), (25, 28), (28, 25), (26, 28), (28, 26), (28, 32), (32, 28), (28, 33), (33, 28), (28, 39), (39, 28), (29, 31), (31, 29), (33, 38), (38, 33), (35, 38), (38, 35), (36, 38), (38, 36)]
Z_dad = [19]
Y_dad = [21, 28, 31]
X_dad = [24, 32, 38]
Z_da-ad = [28]
Y_da-ad = [19, 31, 32]
X_da-ad = [14, 21, 38]
