no              #fail
12.762          #totTm
9.239           #lastADTm
4               #itDAD
5.000           #avItADGoal
60              #itADOpt
10              #opt
9               #optDA-AD
0.198           #tmDA
10.0            #relGain

V = [1, 2, 3, 4, 5, 6, 7, 8, 9, 10, 11, 12, 13, 14, 15, 16, 17, 18, 19, 20, 21, 22, 23, 24, 25, 26, 27, 28, 29, 30, 31, 32, 33, 34, 35, 36, 37, 38, 39, 40]
A = [(1, 37), (37, 1), (2, 6), (6, 2), (2, 18), (18, 2), (2, 30), (30, 2), (2, 31), (31, 2), (2, 32), (32, 2), (2, 33), (33, 2), (2, 37), (37, 2), (3, 23), (23, 3), (3, 26), (26, 3), (3, 35), (35, 3), (4, 14), (14, 4), (4, 23), (23, 4), (5, 12), (12, 5), (5, 24), (24, 5), (5, 32), (32, 5), (5, 35), (35, 5), (6, 19), (19, 6), (6, 22), (22, 6), (6, 37), (37, 6), (8, 26), (26, 8), (9, 23), (23, 9), (9, 28), (28, 9), (11, 35), (35, 11), (12, 18), (18, 12), (12, 34), (34, 12), (13, 33), (33, 13), (13, 40), (40, 13), (14, 39), (39, 14), (15, 21), (21, 15), (15, 37), (37, 15), (15, 38), (38, 15), (16, 20), (20, 16), (16, 27), (27, 16), (16, 39), (39, 16), (17, 28), (28, 17), (17, 32), (32, 17), (18, 19), (19, 18), (18, 28), (28, 18), (18, 29), (29, 18), (18, 32), (32, 18), (18, 35), (35, 18), (18, 36), (36, 18), (18, 37), (37, 18), (19, 24), (24, 19), (19, 25), (25, 19), (20, 26), (26, 20), (21, 26), (26, 21), (22, 27), (27, 22), (23, 38), (38, 23), (24, 25), (25, 24), (24, 36), (36, 24), (26, 28), (28, 26), (26, 30), (30, 26), (26, 34), (34, 26), (26, 39), (39, 26), (31, 38), (38, 31), (32, 33), (33, 32), (33, 35), (35, 33), (34, 38), (38, 34), (36, 39), (39, 36), (37, 40), (40, 37)]
Z_dad = [26]
Y_dad = [16, 23, 37]
X_dad = [2, 15, 18]
Z_da-ad = [37]
Y_da-ad = [7, 26, 33]
X_da-ad = [6, 20, 39]
