no              #fail
23.863          #totTm
5.658           #lastADTm
9               #itDAD
4.125           #avItADGoal
30              #itADOpt
10              #opt
9               #optDA-AD
0.197           #tmDA
10.0            #relGain

V = [1, 2, 3, 4, 5, 6, 7, 8, 9, 10, 11, 12, 13, 14, 15, 16, 17, 18, 19, 20, 21, 22, 23, 24, 25, 26, 27, 28, 29, 30, 31, 32, 33, 34, 35, 36, 37, 38, 39, 40]
A = [(1, 5), (5, 1), (1, 12), (12, 1), (1, 20), (20, 1), (1, 22), (22, 1), (2, 4), (4, 2), (2, 5), (5, 2), (2, 8), (8, 2), (2, 29), (29, 2), (2, 31), (31, 2), (2, 34), (34, 2), (3, 20), (20, 3), (3, 37), (37, 3), (4, 21), (21, 4), (4, 23), (23, 4), (4, 26), (26, 4), (4, 38), (38, 4), (5, 35), (35, 5), (5, 38), (38, 5), (6, 31), (31, 6), (6, 37), (37, 6), (7, 11), (11, 7), (7, 20), (20, 7), (7, 29), (29, 7), (7, 38), (38, 7), (8, 24), (24, 8), (9, 10), (10, 9), (9, 22), (22, 9), (9, 26), (26, 9), (9, 33), (33, 9), (9, 40), (40, 9), (10, 26), (26, 10), (11, 15), (15, 11), (11, 16), (16, 11), (11, 27), (27, 11), (11, 33), (33, 11), (14, 20), (20, 14), (14, 38), (38, 14), (16, 17), (17, 16), (16, 21), (21, 16), (16, 24), (24, 16), (16, 37), (37, 16), (18, 31), (31, 18), (19, 36), (36, 19), (22, 28), (28, 22), (23, 25), (25, 23), (23, 28), (28, 23), (24, 32), (32, 24), (25, 28), (28, 25), (25, 32), (32, 25), (25, 33), (33, 25), (25, 34), (34, 25), (25, 37), (37, 25), (25, 38), (38, 25), (26, 31), (31, 26), (27, 33), (33, 27), (27, 36), (36, 27), (27, 39), (39, 27), (29, 34), (34, 29), (31, 33), (33, 31), (33, 36), (36, 33), (36, 39), (39, 36), (38, 40), (40, 38)]
Z_dad = [16]
Y_dad = [25, 31, 33]
X_dad = [1, 27, 36]
Z_da-ad = [5]
Y_da-ad = [13, 30, 33]
X_da-ad = [2, 16, 25]
