no              #fail
76.639          #totTm
7.224           #lastADTm
11              #itDAD
5.600           #avItADGoal
34              #itADOpt
9               #opt
9               #optDA-AD
0.628           #tmDA
0.0             #relGain

V = [1, 2, 3, 4, 5, 6, 7, 8, 9, 10, 11, 12, 13, 14, 15, 16, 17, 18, 19, 20, 21, 22, 23, 24, 25, 26, 27, 28, 29, 30, 31, 32, 33, 34, 35, 36, 37, 38, 39, 40]
A = [(1, 6), (6, 1), (1, 29), (29, 1), (1, 34), (34, 1), (1, 37), (37, 1), (2, 22), (22, 2), (2, 32), (32, 2), (3, 7), (7, 3), (3, 8), (8, 3), (3, 9), (9, 3), (3, 19), (19, 3), (3, 27), (27, 3), (5, 13), (13, 5), (6, 16), (16, 6), (6, 28), (28, 6), (6, 35), (35, 6), (7, 20), (20, 7), (7, 24), (24, 7), (7, 26), (26, 7), (8, 17), (17, 8), (8, 30), (30, 8), (8, 37), (37, 8), (9, 12), (12, 9), (9, 15), (15, 9), (9, 35), (35, 9), (10, 13), (13, 10), (10, 22), (22, 10), (10, 27), (27, 10), (10, 40), (40, 10), (11, 24), (24, 11), (12, 18), (18, 12), (12, 21), (21, 12), (13, 19), (19, 13), (13, 20), (20, 13), (13, 37), (37, 13), (13, 38), (38, 13), (14, 19), (19, 14), (14, 34), (34, 14), (15, 17), (17, 15), (16, 37), (37, 16), (17, 30), (30, 17), (17, 35), (35, 17), (18, 32), (32, 18), (19, 31), (31, 19), (19, 33), (33, 19), (21, 22), (22, 21), (21, 37), (37, 21), (23, 27), (27, 23), (23, 32), (32, 23), (24, 25), (25, 24), (24, 30), (30, 24), (26, 29), (29, 26), (26, 32), (32, 26), (26, 39), (39, 26), (26, 40), (40, 26), (27, 31), (31, 27), (27, 35), (35, 27), (28, 32), (32, 28), (28, 37), (37, 28), (29, 34), (34, 29), (29, 37), (37, 29), (33, 38), (38, 33), (34, 39), (39, 34)]
Z_dad = [24]
Y_dad = [4, 9, 13]
X_dad = [22, 27, 32]
Z_da-ad = [24]
Y_da-ad = [4, 19, 36]
X_da-ad = [3, 13, 26]
