no              #fail
14.582          #totTm
8.858           #lastADTm
6               #itDAD
3.600           #avItADGoal
47              #itADOpt
11              #opt
11              #optDA-AD
0.429           #tmDA
0.0             #relGain

V = [1, 2, 3, 4, 5, 6, 7, 8, 9, 10, 11, 12, 13, 14, 15, 16, 17, 18, 19, 20, 21, 22, 23, 24, 25, 26, 27, 28, 29, 30, 31, 32, 33, 34, 35, 36, 37, 38, 39, 40]
A = [(1, 10), (10, 1), (1, 12), (12, 1), (1, 19), (19, 1), (1, 21), (21, 1), (1, 25), (25, 1), (1, 33), (33, 1), (1, 35), (35, 1), (2, 27), (27, 2), (2, 32), (32, 2), (2, 35), (35, 2), (3, 7), (7, 3), (3, 23), (23, 3), (3, 28), (28, 3), (4, 7), (7, 4), (4, 11), (11, 4), (4, 33), (33, 4), (4, 38), (38, 4), (5, 10), (10, 5), (5, 20), (20, 5), (5, 28), (28, 5), (5, 38), (38, 5), (6, 9), (9, 6), (6, 10), (10, 6), (6, 18), (18, 6), (6, 20), (20, 6), (6, 26), (26, 6), (6, 31), (31, 6), (6, 33), (33, 6), (6, 35), (35, 6), (7, 11), (11, 7), (7, 20), (20, 7), (7, 35), (35, 7), (8, 15), (15, 8), (8, 16), (16, 8), (8, 19), (19, 8), (8, 25), (25, 8), (9, 21), (21, 9), (9, 36), (36, 9), (10, 13), (13, 10), (10, 18), (18, 10), (10, 38), (38, 10), (11, 22), (22, 11), (11, 27), (27, 11), (12, 18), (18, 12), (12, 22), (22, 12), (13, 34), (34, 13), (14, 27), (27, 14), (14, 39), (39, 14), (16, 21), (21, 16), (16, 30), (30, 16), (16, 31), (31, 16), (17, 27), (27, 17), (17, 29), (29, 17), (18, 22), (22, 18), (18, 36), (36, 18), (19, 33), (33, 19), (21, 26), (26, 21), (22, 33), (33, 22), (24, 36), (36, 24), (25, 30), (30, 25), (27, 38), (38, 27), (32, 37), (37, 32)]
Z_dad = [27]
Y_dad = [6, 17, 39]
X_dad = [5, 7, 35]
Z_da-ad = [27]
Y_da-ad = [1, 14, 29]
X_da-ad = [8, 10, 35]
