no              #fail
67.131          #totTm
7.312           #lastADTm
11              #itDAD
11.800          #avItADGoal
43              #itADOpt
8               #opt
8               #optDA-AD
0.257           #tmDA
0.0             #relGain

V = [1, 2, 3, 4, 5, 6, 7, 8, 9, 10, 11, 12, 13, 14, 15, 16, 17, 18, 19, 20, 21, 22, 23, 24, 25, 26, 27, 28, 29, 30, 31, 32, 33, 34, 35, 36, 37, 38, 39, 40]
A = [(1, 3), (3, 1), (1, 13), (13, 1), (1, 14), (14, 1), (1, 27), (27, 1), (1, 39), (39, 1), (2, 24), (24, 2), (2, 29), (29, 2), (2, 30), (30, 2), (3, 18), (18, 3), (4, 25), (25, 4), (4, 26), (26, 4), (5, 18), (18, 5), (5, 33), (33, 5), (5, 35), (35, 5), (6, 27), (27, 6), (6, 29), (29, 6), (6, 31), (31, 6), (6, 38), (38, 6), (7, 34), (34, 7), (7, 36), (36, 7), (8, 17), (17, 8), (9, 28), (28, 9), (9, 29), (29, 9), (10, 24), (24, 10), (11, 12), (12, 11), (11, 13), (13, 11), (11, 15), (15, 11), (11, 38), (38, 11), (12, 15), (15, 12), (12, 34), (34, 12), (13, 19), (19, 13), (13, 20), (20, 13), (15, 25), (25, 15), (15, 28), (28, 15), (15, 32), (32, 15), (15, 33), (33, 15), (16, 25), (25, 16), (16, 40), (40, 16), (17, 22), (22, 17), (17, 30), (30, 17), (17, 31), (31, 17), (18, 21), (21, 18), (19, 21), (21, 19), (19, 26), (26, 19), (19, 28), (28, 19), (19, 40), (40, 19), (20, 40), (40, 20), (21, 23), (23, 21), (23, 30), (30, 23), (24, 30), (30, 24), (24, 35), (35, 24), (26, 36), (36, 26), (27, 39), (39, 27), (28, 29), (29, 28), (28, 33), (33, 28), (28, 40), (40, 28), (30, 39), (39, 30), (32, 36), (36, 32), (32, 39), (39, 32), (33, 34), (34, 33), (34, 40), (40, 34), (36, 39), (39, 36)]
Z_dad = [30]
Y_dad = [1, 17, 24]
X_dad = [3, 5, 19]
Z_da-ad = [17]
Y_da-ad = [22, 30, 37]
X_da-ad = [1, 6, 39]
