no              #fail
15.419          #totTm
5.102           #lastADTm
8               #itDAD
3.143           #avItADGoal
28              #itADOpt
10              #opt
10              #optDA-AD
0.304           #tmDA
0.0             #relGain

V = [1, 2, 3, 4, 5, 6, 7, 8, 9, 10, 11, 12, 13, 14, 15, 16, 17, 18, 19, 20, 21, 22, 23, 24, 25, 26, 27, 28, 29, 30, 31, 32, 33, 34, 35, 36, 37, 38, 39, 40]
A = [(1, 17), (17, 1), (1, 30), (30, 1), (2, 8), (8, 2), (2, 11), (11, 2), (2, 24), (24, 2), (4, 9), (9, 4), (4, 12), (12, 4), (4, 31), (31, 4), (4, 37), (37, 4), (4, 40), (40, 4), (5, 8), (8, 5), (5, 15), (15, 5), (6, 19), (19, 6), (6, 22), (22, 6), (6, 28), (28, 6), (6, 32), (32, 6), (7, 30), (30, 7), (7, 32), (32, 7), (8, 22), (22, 8), (8, 29), (29, 8), (8, 32), (32, 8), (9, 21), (21, 9), (9, 30), (30, 9), (9, 37), (37, 9), (10, 14), (14, 10), (10, 22), (22, 10), (10, 40), (40, 10), (11, 22), (22, 11), (11, 37), (37, 11), (11, 40), (40, 11), (12, 21), (21, 12), (12, 26), (26, 12), (12, 29), (29, 12), (13, 24), (24, 13), (13, 36), (36, 13), (14, 20), (20, 14), (15, 16), (16, 15), (15, 20), (20, 15), (15, 29), (29, 15), (15, 30), (30, 15), (16, 19), (19, 16), (16, 20), (20, 16), (18, 29), (29, 18), (18, 39), (39, 18), (19, 24), (24, 19), (19, 30), (30, 19), (20, 26), (26, 20), (21, 27), (27, 21), (21, 30), (30, 21), (21, 39), (39, 21), (22, 40), (40, 22), (23, 32), (32, 23), (23, 38), (38, 23), (26, 32), (32, 26), (28, 38), (38, 28), (29, 35), (35, 29), (30, 35), (35, 30), (32, 36), (36, 32), (32, 38), (38, 32), (33, 39), (39, 33), (34, 37), (37, 34), (35, 39), (39, 35)]
Z_dad = [4]
Y_dad = [25, 30, 32]
X_dad = [21, 29, 35]
Z_da-ad = [30]
Y_da-ad = [4, 32, 39]
X_da-ad = [20, 22, 40]
