no              #fail
83.828          #totTm
32.872          #lastADTm
9               #itDAD
17.500          #avItADGoal
144             #itADOpt
11              #opt
10              #optDA-AD
0.608           #tmDA
9.1             #relGain

V = [1, 2, 3, 4, 5, 6, 7, 8, 9, 10, 11, 12, 13, 14, 15, 16, 17, 18, 19, 20, 21, 22, 23, 24, 25, 26, 27, 28, 29, 30, 31, 32, 33, 34, 35, 36, 37, 38, 39, 40]
A = [(1, 6), (6, 1), (1, 26), (26, 1), (2, 10), (10, 2), (2, 21), (21, 2), (3, 14), (14, 3), (3, 31), (31, 3), (3, 33), (33, 3), (3, 35), (35, 3), (5, 18), (18, 5), (5, 22), (22, 5), (5, 25), (25, 5), (5, 37), (37, 5), (6, 9), (9, 6), (6, 13), (13, 6), (6, 14), (14, 6), (6, 34), (34, 6), (6, 37), (37, 6), (8, 23), (23, 8), (8, 38), (38, 8), (9, 16), (16, 9), (10, 29), (29, 10), (10, 33), (33, 10), (10, 37), (37, 10), (11, 16), (16, 11), (11, 18), (18, 11), (13, 25), (25, 13), (13, 38), (38, 13), (14, 24), (24, 14), (14, 27), (27, 14), (14, 37), (37, 14), (14, 39), (39, 14), (15, 22), (22, 15), (15, 31), (31, 15), (15, 33), (33, 15), (16, 18), (18, 16), (16, 31), (31, 16), (16, 33), (33, 16), (16, 35), (35, 16), (17, 21), (21, 17), (18, 38), (38, 18), (18, 40), (40, 18), (20, 23), (23, 20), (20, 25), (25, 20), (20, 31), (31, 20), (21, 37), (37, 21), (22, 35), (35, 22), (23, 31), (31, 23), (23, 32), (32, 23), (23, 37), (37, 23), (23, 40), (40, 23), (24, 33), (33, 24), (26, 31), (31, 26), (26, 37), (37, 26), (28, 29), (29, 28), (28, 30), (30, 28), (28, 39), (39, 28), (29, 33), (33, 29), (29, 34), (34, 29), (29, 40), (40, 29), (30, 39), (39, 30), (31, 32), (32, 31), (36, 38), (38, 36)]
Z_dad = [14]
Y_dad = [21, 23, 28]
X_dad = [22, 31, 33]
Z_da-ad = [21]
Y_da-ad = [7, 14, 19]
X_da-ad = [13, 18, 23]
