no              #fail
23.504          #totTm
8.187           #lastADTm
6               #itDAD
4.800           #avItADGoal
37              #itADOpt
9               #opt
8               #optDA-AD
0.202           #tmDA
11.1            #relGain

V = [1, 2, 3, 4, 5, 6, 7, 8, 9, 10, 11, 12, 13, 14, 15, 16, 17, 18, 19, 20, 21, 22, 23, 24, 25, 26, 27, 28, 29, 30, 31, 32, 33, 34, 35, 36, 37, 38, 39, 40]
A = [(1, 4), (4, 1), (1, 15), (15, 1), (1, 17), (17, 1), (1, 23), (23, 1), (1, 28), (28, 1), (1, 30), (30, 1), (2, 15), (15, 2), (2, 28), (28, 2), (3, 5), (5, 3), (3, 13), (13, 3), (3, 17), (17, 3), (3, 38), (38, 3), (4, 15), (15, 4), (5, 15), (15, 5), (5, 35), (35, 5), (5, 38), (38, 5), (6, 26), (26, 6), (6, 34), (34, 6), (7, 17), (17, 7), (7, 23), (23, 7), (7, 26), (26, 7), (7, 40), (40, 7), (8, 12), (12, 8), (8, 14), (14, 8), (8, 31), (31, 8), (8, 34), (34, 8), (9, 19), (19, 9), (9, 20), (20, 9), (9, 29), (29, 9), (11, 16), (16, 11), (11, 26), (26, 11), (11, 30), (30, 11), (11, 31), (31, 11), (11, 39), (39, 11), (13, 30), (30, 13), (14, 19), (19, 14), (14, 21), (21, 14), (14, 24), (24, 14), (15, 22), (22, 15), (16, 40), (40, 16), (17, 27), (27, 17), (18, 28), (28, 18), (19, 39), (39, 19), (20, 36), (36, 20), (20, 39), (39, 20), (21, 28), (28, 21), (21, 38), (38, 21), (22, 33), (33, 22), (22, 39), (39, 22), (23, 24), (24, 23), (24, 31), (31, 24), (24, 34), (34, 24), (27, 33), (33, 27), (27, 37), (37, 27), (28, 36), (36, 28), (29, 32), (32, 29), (29, 37), (37, 29), (29, 40), (40, 29), (30, 39), (39, 30), (30, 40), (40, 30), (37, 38), (38, 37), (37, 40), (40, 37)]
Z_dad = [28]
Y_dad = [8, 15, 20]
X_dad = [5, 29, 37]
Z_da-ad = [5]
Y_da-ad = [1, 10, 25]
X_da-ad = [8, 24, 26]
