no              #fail
19.699          #totTm
4.460           #lastADTm
9               #itDAD
5.375           #avItADGoal
21              #itADOpt
9               #opt
8               #optDA-AD
0.327           #tmDA
11.1            #relGain

V = [1, 2, 3, 4, 5, 6, 7, 8, 9, 10, 11, 12, 13, 14, 15, 16, 17, 18, 19, 20, 21, 22, 23, 24, 25, 26, 27, 28, 29, 30, 31, 32, 33, 34, 35, 36, 37, 38, 39, 40]
A = [(1, 15), (15, 1), (1, 24), (24, 1), (2, 20), (20, 2), (3, 4), (4, 3), (3, 15), (15, 3), (3, 25), (25, 3), (3, 29), (29, 3), (4, 7), (7, 4), (4, 28), (28, 4), (4, 32), (32, 4), (4, 33), (33, 4), (4, 35), (35, 4), (5, 20), (20, 5), (5, 25), (25, 5), (6, 14), (14, 6), (6, 25), (25, 6), (6, 27), (27, 6), (6, 29), (29, 6), (6, 39), (39, 6), (7, 39), (39, 7), (8, 11), (11, 8), (8, 12), (12, 8), (8, 14), (14, 8), (8, 16), (16, 8), (8, 17), (17, 8), (8, 30), (30, 8), (9, 17), (17, 9), (9, 31), (31, 9), (10, 21), (21, 10), (10, 28), (28, 10), (11, 38), (38, 11), (12, 17), (17, 12), (12, 29), (29, 12), (12, 33), (33, 12), (12, 35), (35, 12), (13, 29), (29, 13), (13, 38), (38, 13), (14, 39), (39, 14), (14, 40), (40, 14), (18, 31), (31, 18), (18, 37), (37, 18), (19, 32), (32, 19), (20, 22), (22, 20), (20, 29), (29, 20), (21, 29), (29, 21), (22, 25), (25, 22), (22, 38), (38, 22), (23, 32), (32, 23), (23, 35), (35, 23), (23, 39), (39, 23), (24, 26), (26, 24), (24, 31), (31, 24), (25, 28), (28, 25), (25, 29), (29, 25), (26, 40), (40, 26), (27, 30), (30, 27), (28, 29), (29, 28), (29, 38), (38, 29), (30, 34), (34, 30), (35, 37), (37, 35), (35, 40), (40, 35), (38, 40), (40, 38)]
Z_dad = [8]
Y_dad = [16, 29, 36]
X_dad = [6, 12, 31]
Z_da-ad = [20]
Y_da-ad = [2, 6, 36]
X_da-ad = [17, 24, 35]
