no              #fail
3590.081        #totTm
3588.972        #lastADTm
6               #itDAD
1.000           #avItADGoal
2041            #itADOpt
27              #opt
27              #optDA-AD
3.555           #tmDA
0.0             #relGain

V = [1, 2, 3, 4, 5, 6, 7, 8, 9, 10, 11, 12, 13, 14, 15, 16, 17, 18, 19, 20, 21, 22, 23, 24, 25, 26, 27, 28, 29, 30, 31, 32, 33, 34, 35, 36, 37, 38, 39, 40]
A = [(1, 21), (21, 1), (1, 35), (35, 1), (1, 39), (39, 1), (2, 4), (4, 2), (2, 5), (5, 2), (2, 8), (8, 2), (2, 11), (11, 2), (2, 27), (27, 2), (3, 13), (13, 3), (3, 15), (15, 3), (3, 38), (38, 3), (5, 18), (18, 5), (7, 16), (16, 7), (7, 27), (27, 7), (7, 30), (30, 7), (8, 15), (15, 8), (8, 22), (22, 8), (8, 38), (38, 8), (10, 23), (23, 10), (10, 34), (34, 10), (10, 38), (38, 10), (11, 13), (13, 11), (14, 23), (23, 14), (14, 26), (26, 14), (16, 27), (27, 16), (17, 18), (18, 17), (18, 21), (21, 18), (18, 23), (23, 18), (18, 29), (29, 18), (18, 31), (31, 18), (18, 40), (40, 18), (19, 30), (30, 19), (20, 21), (21, 20), (20, 37), (37, 20), (20, 38), (38, 20), (21, 32), (32, 21), (21, 39), (39, 21), (22, 25), (25, 22), (23, 28), (28, 23), (24, 26), (26, 24), (24, 36), (36, 24), (30, 31), (31, 30), (32, 33), (33, 32), (33, 38), (38, 33), (36, 38), (38, 36), (37, 39), (39, 37)]
Z_dad = [2, 18, 38]
Y_dad = [7, 21, 23]
X_dad = [10, 14, 30]
Z_da-ad = [2, 18, 38]
Y_da-ad = [14, 15, 39]
X_da-ad = [8, 21, 23]
