no              #fail
1851.763        #totTm
1847.196        #lastADTm
9               #itDAD
1.000           #avItADGoal
1275            #itADOpt
23              #opt
23              #optDA-AD
2.684           #tmDA
0.0             #relGain

V = [1, 2, 3, 4, 5, 6, 7, 8, 9, 10, 11, 12, 13, 14, 15, 16, 17, 18, 19, 20, 21, 22, 23, 24, 25, 26, 27, 28, 29, 30, 31, 32, 33, 34, 35, 36, 37, 38, 39, 40]
A = [(1, 28), (28, 1), (1, 32), (32, 1), (2, 18), (18, 2), (3, 21), (21, 3), (3, 36), (36, 3), (4, 9), (9, 4), (4, 11), (11, 4), (4, 35), (35, 4), (5, 9), (9, 5), (5, 10), (10, 5), (5, 11), (11, 5), (5, 30), (30, 5), (7, 12), (12, 7), (7, 31), (31, 7), (8, 13), (13, 8), (8, 17), (17, 8), (8, 22), (22, 8), (8, 31), (31, 8), (8, 37), (37, 8), (8, 40), (40, 8), (10, 31), (31, 10), (12, 17), (17, 12), (12, 20), (20, 12), (12, 38), (38, 12), (13, 23), (23, 13), (13, 27), (27, 13), (16, 18), (18, 16), (16, 35), (35, 16), (17, 22), (22, 17), (17, 24), (24, 17), (17, 29), (29, 17), (18, 19), (19, 18), (18, 26), (26, 18), (19, 25), (25, 19), (19, 37), (37, 19), (20, 30), (30, 20), (21, 31), (31, 21), (22, 24), (24, 22), (22, 36), (36, 22), (24, 34), (34, 24), (24, 40), (40, 24), (26, 32), (32, 26), (28, 34), (34, 28), (28, 40), (40, 28), (29, 39), (39, 29), (36, 38), (38, 36)]
Z_dad = [8, 17, 18]
Y_dad = [4, 12, 28]
X_dad = [1, 31, 36]
Z_da-ad = [8, 18, 28]
Y_da-ad = [1, 5, 17]
X_da-ad = [10, 12, 22]
