no              #fail
2478.125        #totTm
2474.724        #lastADTm
10              #itDAD
1.000           #avItADGoal
1662            #itADOpt
25              #opt
24              #optDA-AD
3.783           #tmDA
4.0             #relGain

V = [1, 2, 3, 4, 5, 6, 7, 8, 9, 10, 11, 12, 13, 14, 15, 16, 17, 18, 19, 20, 21, 22, 23, 24, 25, 26, 27, 28, 29, 30, 31, 32, 33, 34, 35, 36, 37, 38, 39, 40]
A = [(1, 26), (26, 1), (2, 15), (15, 2), (2, 28), (28, 2), (3, 5), (5, 3), (3, 22), (22, 3), (3, 29), (29, 3), (4, 7), (7, 4), (4, 26), (26, 4), (5, 23), (23, 5), (5, 40), (40, 5), (6, 24), (24, 6), (6, 26), (26, 6), (7, 11), (11, 7), (7, 18), (18, 7), (7, 20), (20, 7), (7, 35), (35, 7), (7, 38), (38, 7), (8, 13), (13, 8), (9, 11), (11, 9), (9, 39), (39, 9), (10, 17), (17, 10), (10, 25), (25, 10), (11, 33), (33, 11), (12, 14), (14, 12), (12, 35), (35, 12), (14, 21), (21, 14), (16, 28), (28, 16), (17, 33), (33, 17), (17, 40), (40, 17), (19, 32), (32, 19), (20, 28), (28, 20), (20, 38), (38, 20), (22, 28), (28, 22), (23, 25), (25, 23), (23, 26), (26, 23), (23, 28), (28, 23), (23, 40), (40, 23), (24, 35), (35, 24), (24, 39), (39, 24), (26, 30), (30, 26), (26, 36), (36, 26), (26, 37), (37, 26), (27, 33), (33, 27), (32, 38), (38, 32), (32, 40), (40, 32), (36, 39), (39, 36)]
Z_dad = [7, 26, 28]
Y_dad = [2, 24, 40]
X_dad = [5, 32, 35]
Z_da-ad = [26, 28, 35]
Y_da-ad = [5, 7, 24]
X_da-ad = [11, 23, 40]
