no              #fail
935.653         #totTm
933.412         #lastADTm
7               #itDAD
1.000           #avItADGoal
1012            #itADOpt
25              #opt
22              #optDA-AD
3.711           #tmDA
12.0            #relGain

V = [1, 2, 3, 4, 5, 6, 7, 8, 9, 10, 11, 12, 13, 14, 15, 16, 17, 18, 19, 20, 21, 22, 23, 24, 25, 26, 27, 28, 29, 30, 31, 32, 33, 34, 35, 36, 37, 38, 39, 40]
A = [(1, 6), (6, 1), (1, 34), (34, 1), (2, 17), (17, 2), (2, 27), (27, 2), (3, 6), (6, 3), (3, 39), (39, 3), (4, 28), (28, 4), (4, 31), (31, 4), (4, 37), (37, 4), (5, 25), (25, 5), (6, 23), (23, 6), (6, 31), (31, 6), (7, 25), (25, 7), (7, 37), (37, 7), (8, 15), (15, 8), (9, 23), (23, 9), (10, 16), (16, 10), (10, 24), (24, 10), (10, 26), (26, 10), (12, 18), (18, 12), (12, 35), (35, 12), (13, 38), (38, 13), (13, 40), (40, 13), (14, 16), (16, 14), (14, 23), (23, 14), (15, 16), (16, 15), (15, 25), (25, 15), (16, 22), (22, 16), (16, 23), (23, 16), (17, 28), (28, 17), (17, 40), (40, 17), (19, 24), (24, 19), (20, 25), (25, 20), (20, 33), (33, 20), (20, 38), (38, 20), (21, 24), (24, 21), (22, 23), (23, 22), (22, 24), (24, 22), (22, 33), (33, 22), (22, 40), (40, 22), (23, 25), (25, 23), (23, 30), (30, 23), (26, 32), (32, 26), (28, 33), (33, 28), (29, 33), (33, 29), (33, 40), (40, 33)]
Z_dad = [6, 22, 25]
Y_dad = [16, 33, 35]
X_dad = [10, 28, 40]
Z_da-ad = [6, 23, 24]
Y_da-ad = [16, 18, 28]
X_da-ad = [4, 10, 25]
