no              #fail
741.146         #totTm
736.268         #lastADTm
11              #itDAD
1.000           #avItADGoal
820             #itADOpt
25              #opt
23              #optDA-AD
3.097           #tmDA
8.0             #relGain

V = [1, 2, 3, 4, 5, 6, 7, 8, 9, 10, 11, 12, 13, 14, 15, 16, 17, 18, 19, 20, 21, 22, 23, 24, 25, 26, 27, 28, 29, 30, 31, 32, 33, 34, 35, 36, 37, 38, 39, 40]
A = [(1, 4), (4, 1), (1, 7), (7, 1), (3, 14), (14, 3), (3, 17), (17, 3), (3, 20), (20, 3), (3, 24), (24, 3), (4, 7), (7, 4), (4, 10), (10, 4), (4, 25), (25, 4), (4, 27), (27, 4), (5, 10), (10, 5), (5, 19), (19, 5), (5, 21), (21, 5), (5, 24), (24, 5), (5, 31), (31, 5), (6, 11), (11, 6), (7, 12), (12, 7), (7, 14), (14, 7), (8, 12), (12, 8), (9, 25), (25, 9), (9, 27), (27, 9), (9, 39), (39, 9), (11, 12), (12, 11), (11, 23), (23, 11), (12, 14), (14, 12), (12, 32), (32, 12), (13, 15), (15, 13), (13, 37), (37, 13), (14, 16), (16, 14), (14, 40), (40, 14), (15, 40), (40, 15), (16, 20), (20, 16), (17, 30), (30, 17), (17, 37), (37, 17), (18, 28), (28, 18), (18, 36), (36, 18), (19, 31), (31, 19), (20, 22), (22, 20), (20, 37), (37, 20), (21, 33), (33, 21), (22, 27), (27, 22), (25, 37), (37, 25), (29, 35), (35, 29), (30, 34), (34, 30), (33, 36), (36, 33), (35, 38), (38, 35)]
Z_dad = [5, 14, 37]
Y_dad = [3, 4, 36]
X_dad = [7, 17, 18]
Z_da-ad = [5, 12, 17]
Y_da-ad = [4, 14, 36]
X_da-ad = [18, 37, 40]
