no              #fail
1049.583        #totTm
1030.418        #lastADTm
16              #itDAD
3.667           #avItADGoal
1021            #itADOpt
23              #opt
21              #optDA-AD
6.236           #tmDA
8.7             #relGain

V = [1, 2, 3, 4, 5, 6, 7, 8, 9, 10, 11, 12, 13, 14, 15, 16, 17, 18, 19, 20, 21, 22, 23, 24, 25, 26, 27, 28, 29, 30, 31, 32, 33, 34, 35, 36, 37, 38, 39, 40]
A = [(1, 22), (22, 1), (1, 31), (31, 1), (1, 37), (37, 1), (1, 39), (39, 1), (2, 8), (8, 2), (2, 11), (11, 2), (2, 12), (12, 2), (2, 39), (39, 2), (3, 8), (8, 3), (3, 13), (13, 3), (3, 20), (20, 3), (3, 21), (21, 3), (3, 34), (34, 3), (4, 23), (23, 4), (5, 8), (8, 5), (5, 9), (9, 5), (6, 18), (18, 6), (6, 27), (27, 6), (7, 12), (12, 7), (7, 18), (18, 7), (7, 26), (26, 7), (7, 27), (27, 7), (8, 34), (34, 8), (9, 25), (25, 9), (9, 29), (29, 9), (10, 23), (23, 10), (10, 36), (36, 10), (11, 12), (12, 11), (13, 16), (16, 13), (13, 26), (26, 13), (13, 27), (27, 13), (14, 28), (28, 14), (17, 23), (23, 17), (17, 37), (37, 17), (18, 21), (21, 18), (20, 21), (21, 20), (21, 33), (33, 21), (23, 25), (25, 23), (23, 32), (32, 23), (24, 32), (32, 24), (26, 31), (31, 26), (26, 32), (32, 26), (27, 28), (28, 27), (27, 33), (33, 27), (32, 36), (36, 32), (36, 37), (37, 36)]
Z_dad = [23, 26, 27]
Y_dad = [2, 3, 36]
X_dad = [8, 37, 39]
Z_da-ad = [9, 23, 27]
Y_da-ad = [1, 3, 14]
X_da-ad = [8, 26, 37]
