no              #fail
1101.323        #totTm
1094.997        #lastADTm
13              #itDAD
1.000           #avItADGoal
1059            #itADOpt
24              #opt
24              #optDA-AD
5.879           #tmDA
0.0             #relGain

V = [1, 2, 3, 4, 5, 6, 7, 8, 9, 10, 11, 12, 13, 14, 15, 16, 17, 18, 19, 20, 21, 22, 23, 24, 25, 26, 27, 28, 29, 30, 31, 32, 33, 34, 35, 36, 37, 38, 39, 40]
A = [(1, 4), (4, 1), (1, 12), (12, 1), (1, 15), (15, 1), (1, 26), (26, 1), (1, 39), (39, 1), (2, 12), (12, 2), (2, 39), (39, 2), (3, 33), (33, 3), (4, 5), (5, 4), (4, 17), (17, 4), (4, 26), (26, 4), (4, 38), (38, 4), (5, 33), (33, 5), (6, 10), (10, 6), (6, 24), (24, 6), (6, 29), (29, 6), (7, 21), (21, 7), (7, 37), (37, 7), (8, 10), (10, 8), (9, 24), (24, 9), (9, 27), (27, 9), (11, 17), (17, 11), (11, 22), (22, 11), (12, 37), (37, 12), (13, 21), (21, 13), (14, 19), (19, 14), (16, 30), (30, 16), (17, 31), (31, 17), (18, 19), (19, 18), (18, 28), (28, 18), (18, 37), (37, 18), (19, 27), (27, 19), (19, 40), (40, 19), (20, 37), (37, 20), (21, 26), (26, 21), (22, 29), (29, 22), (22, 37), (37, 22), (24, 34), (34, 24), (25, 34), (34, 25), (26, 39), (39, 26), (27, 28), (28, 27), (30, 33), (33, 30), (31, 33), (33, 31), (32, 36), (36, 32), (33, 36), (36, 33), (34, 38), (38, 34)]
Z_dad = [26, 33, 37]
Y_dad = [4, 6, 19]
X_dad = [1, 17, 29]
Z_da-ad = [4, 33, 37]
Y_da-ad = [6, 19, 26]
X_da-ad = [21, 24, 29]
