no              #fail
4616.611        #totTm
4615.464        #lastADTm
6               #itDAD
1.000           #avItADGoal
2258            #itADOpt
27              #opt
27              #optDA-AD
2.188           #tmDA
0.0             #relGain

V = [1, 2, 3, 4, 5, 6, 7, 8, 9, 10, 11, 12, 13, 14, 15, 16, 17, 18, 19, 20, 21, 22, 23, 24, 25, 26, 27, 28, 29, 30, 31, 32, 33, 34, 35, 36, 37, 38, 39, 40]
A = [(1, 16), (16, 1), (1, 21), (21, 1), (1, 25), (25, 1), (1, 28), (28, 1), (2, 4), (4, 2), (2, 19), (19, 2), (2, 38), (38, 2), (3, 13), (13, 3), (4, 9), (9, 4), (4, 18), (18, 4), (4, 19), (19, 4), (4, 23), (23, 4), (4, 32), (32, 4), (4, 37), (37, 4), (4, 39), (39, 4), (5, 6), (6, 5), (6, 20), (20, 6), (6, 21), (21, 6), (8, 33), (33, 8), (9, 29), (29, 9), (10, 16), (16, 10), (10, 17), (17, 10), (11, 20), (20, 11), (11, 26), (26, 11), (13, 25), (25, 13), (14, 20), (20, 14), (15, 27), (27, 15), (16, 29), (29, 16), (16, 31), (31, 16), (16, 37), (37, 16), (16, 40), (40, 16), (17, 20), (20, 17), (18, 20), (20, 18), (19, 34), (34, 19), (20, 33), (33, 20), (21, 29), (29, 21), (21, 31), (31, 21), (22, 27), (27, 22), (22, 28), (28, 22), (22, 33), (33, 22), (24, 27), (27, 24), (24, 33), (33, 24), (24, 39), (39, 24), (29, 38), (38, 29), (31, 34), (34, 31), (32, 34), (34, 32)]
Z_dad = [4, 16, 20]
Y_dad = [19, 21, 24]
X_dad = [1, 27, 33]
Z_da-ad = [4, 16, 20]
Y_da-ad = [21, 24, 25]
X_da-ad = [27, 29, 31]
