no              #fail
1500.556        #totTm
1496.761        #lastADTm
10              #itDAD
1.000           #avItADGoal
1292            #itADOpt
25              #opt
25              #optDA-AD
1.713           #tmDA
0.0             #relGain

V = [1, 2, 3, 4, 5, 6, 7, 8, 9, 10, 11, 12, 13, 14, 15, 16, 17, 18, 19, 20, 21, 22, 23, 24, 25, 26, 27, 28, 29, 30, 31, 32, 33, 34, 35, 36, 37, 38, 39, 40]
A = [(1, 7), (7, 1), (1, 14), (14, 1), (1, 30), (30, 1), (1, 38), (38, 1), (2, 6), (6, 2), (2, 7), (7, 2), (4, 22), (22, 4), (5, 9), (9, 5), (6, 15), (15, 6), (6, 33), (33, 6), (6, 38), (38, 6), (7, 12), (12, 7), (7, 15), (15, 7), (7, 38), (38, 7), (8, 17), (17, 8), (9, 15), (15, 9), (9, 35), (35, 9), (11, 15), (15, 11), (11, 23), (23, 11), (11, 24), (24, 11), (12, 23), (23, 12), (12, 28), (28, 12), (13, 21), (21, 13), (13, 22), (22, 13), (13, 34), (34, 13), (14, 16), (16, 14), (14, 22), (22, 14), (14, 39), (39, 14), (15, 35), (35, 15), (18, 26), (26, 18), (19, 21), (21, 19), (19, 25), (25, 19), (19, 29), (29, 19), (19, 36), (36, 19), (20, 24), (24, 20), (21, 39), (39, 21), (22, 27), (27, 22), (22, 39), (39, 22), (23, 25), (25, 23), (23, 27), (27, 23), (23, 32), (32, 23), (25, 28), (28, 25), (25, 29), (29, 25), (30, 32), (32, 30), (32, 34), (34, 32), (38, 39), (39, 38)]
Z_dad = [1, 15, 23]
Y_dad = [7, 13, 20]
X_dad = [12, 21, 22]
Z_da-ad = [15, 22, 23]
Y_da-ad = [7, 11, 21]
X_da-ad = [12, 14, 19]
