no              #fail
1003.425        #totTm
996.368         #lastADTm
13              #itDAD
1.167           #avItADGoal
1023            #itADOpt
26              #opt
25              #optDA-AD
3.121           #tmDA
3.8             #relGain

V = [1, 2, 3, 4, 5, 6, 7, 8, 9, 10, 11, 12, 13, 14, 15, 16, 17, 18, 19, 20, 21, 22, 23, 24, 25, 26, 27, 28, 29, 30, 31, 32, 33, 34, 35, 36, 37, 38, 39, 40]
A = [(1, 4), (4, 1), (1, 29), (29, 1), (2, 6), (6, 2), (2, 25), (25, 2), (3, 33), (33, 3), (4, 9), (9, 4), (4, 28), (28, 4), (4, 38), (38, 4), (5, 13), (13, 5), (5, 36), (36, 5), (5, 39), (39, 5), (5, 40), (40, 5), (6, 24), (24, 6), (6, 39), (39, 6), (7, 31), (31, 7), (8, 11), (11, 8), (8, 13), (13, 8), (10, 35), (35, 10), (11, 17), (17, 11), (11, 29), (29, 11), (11, 34), (34, 11), (12, 29), (29, 12), (13, 24), (24, 13), (13, 27), (27, 13), (13, 40), (40, 13), (14, 32), (32, 14), (15, 25), (25, 15), (16, 21), (21, 16), (17, 29), (29, 17), (17, 34), (34, 17), (18, 19), (19, 18), (18, 32), (32, 18), (18, 38), (38, 18), (19, 20), (20, 19), (19, 28), (28, 19), (20, 39), (39, 20), (21, 39), (39, 21), (23, 37), (37, 23), (24, 37), (37, 24), (26, 30), (30, 26), (26, 38), (38, 26), (26, 40), (40, 26), (28, 37), (37, 28), (29, 39), (39, 29), (31, 33), (33, 31), (38, 40), (40, 38)]
Z_dad = [13, 38, 39]
Y_dad = [2, 19, 29]
X_dad = [6, 18, 28]
Z_da-ad = [6, 13, 29]
Y_da-ad = [4, 31, 39]
X_da-ad = [20, 28, 38]
