no              #fail
915.476         #totTm
910.856         #lastADTm
9               #itDAD
1.000           #avItADGoal
1001            #itADOpt
24              #opt
23              #optDA-AD
3.09            #tmDA
4.2             #relGain

V = [1, 2, 3, 4, 5, 6, 7, 8, 9, 10, 11, 12, 13, 14, 15, 16, 17, 18, 19, 20, 21, 22, 23, 24, 25, 26, 27, 28, 29, 30, 31, 32, 33, 34, 35, 36, 37, 38, 39, 40]
A = [(1, 13), (13, 1), (3, 4), (4, 3), (3, 9), (9, 3), (3, 12), (12, 3), (4, 24), (24, 4), (5, 12), (12, 5), (5, 25), (25, 5), (6, 36), (36, 6), (6, 39), (39, 6), (7, 14), (14, 7), (7, 28), (28, 7), (7, 39), (39, 7), (8, 17), (17, 8), (8, 20), (20, 8), (9, 36), (36, 9), (10, 22), (22, 10), (10, 32), (32, 10), (11, 30), (30, 11), (11, 32), (32, 11), (11, 33), (33, 11), (11, 38), (38, 11), (12, 27), (27, 12), (13, 18), (18, 13), (13, 19), (19, 13), (13, 25), (25, 13), (13, 37), (37, 13), (14, 22), (22, 14), (16, 19), (19, 16), (16, 27), (27, 16), (17, 27), (27, 17), (18, 27), (27, 18), (19, 25), (25, 19), (19, 31), (31, 19), (19, 33), (33, 19), (20, 23), (23, 20), (20, 34), (34, 20), (22, 36), (36, 22), (26, 35), (35, 26), (27, 28), (28, 27), (27, 35), (35, 27), (27, 40), (40, 27), (28, 32), (32, 28), (29, 35), (35, 29), (31, 34), (34, 31), (31, 39), (39, 31), (33, 39), (39, 33)]
Z_dad = [19, 27, 39]
Y_dad = [20, 25, 32]
X_dad = [5, 10, 28]
Z_da-ad = [11, 13, 27]
Y_da-ad = [5, 20, 22]
X_da-ad = [8, 12, 36]
