no              #fail
477.734         #totTm
447.884         #lastADTm
18              #itDAD
1.529           #avItADGoal
652             #itADOpt
22              #opt
18              #optDA-AD
3.342           #tmDA
18.2            #relGain

V = [1, 2, 3, 4, 5, 6, 7, 8, 9, 10, 11, 12, 13, 14, 15, 16, 17, 18, 19, 20, 21, 22, 23, 24, 25, 26, 27, 28, 29, 30, 31, 32, 33, 34, 35, 36, 37, 38, 39, 40]
A = [(1, 17), (17, 1), (1, 26), (26, 1), (1, 30), (30, 1), (4, 31), (31, 4), (4, 32), (32, 4), (5, 24), (24, 5), (5, 39), (39, 5), (5, 40), (40, 5), (6, 17), (17, 6), (6, 19), (19, 6), (6, 28), (28, 6), (8, 23), (23, 8), (8, 27), (27, 8), (9, 17), (17, 9), (9, 34), (34, 9), (10, 25), (25, 10), (12, 29), (29, 12), (13, 14), (14, 13), (13, 16), (16, 13), (13, 29), (29, 13), (13, 36), (36, 13), (14, 19), (19, 14), (14, 37), (37, 14), (15, 19), (19, 15), (16, 30), (30, 16), (18, 26), (26, 18), (18, 40), (40, 18), (19, 20), (20, 19), (20, 21), (21, 20), (20, 25), (25, 20), (20, 28), (28, 20), (21, 25), (25, 21), (22, 32), (32, 22), (22, 35), (35, 22), (22, 40), (40, 22), (24, 26), (26, 24), (24, 29), (29, 24), (24, 39), (39, 24), (25, 30), (30, 25), (26, 37), (37, 26), (27, 34), (34, 27), (27, 35), (35, 27), (30, 36), (36, 30), (33, 34), (34, 33), (35, 39), (39, 35), (36, 37), (37, 36)]
Z_dad = [20, 22, 30]
Y_dad = [19, 26, 27]
X_dad = [14, 24, 37]
Z_da-ad = [17, 27, 32]
Y_da-ad = [20, 22, 34]
X_da-ad = [19, 25, 29]
