no              #fail
717.222         #totTm
704.468         #lastADTm
15              #itDAD
1.500           #avItADGoal
816             #itADOpt
22              #opt
22              #optDA-AD
4.067           #tmDA
0.0             #relGain

V = [1, 2, 3, 4, 5, 6, 7, 8, 9, 10, 11, 12, 13, 14, 15, 16, 17, 18, 19, 20, 21, 22, 23, 24, 25, 26, 27, 28, 29, 30, 31, 32, 33, 34, 35, 36, 37, 38, 39, 40]
A = [(1, 10), (10, 1), (1, 20), (20, 1), (1, 34), (34, 1), (2, 10), (10, 2), (2, 27), (27, 2), (3, 21), (21, 3), (4, 23), (23, 4), (4, 24), (24, 4), (5, 27), (27, 5), (5, 33), (33, 5), (6, 30), (30, 6), (7, 10), (10, 7), (7, 20), (20, 7), (7, 24), (24, 7), (8, 40), (40, 8), (9, 19), (19, 9), (10, 13), (13, 10), (12, 24), (24, 12), (12, 36), (36, 12), (12, 39), (39, 12), (13, 27), (27, 13), (13, 29), (29, 13), (13, 40), (40, 13), (15, 24), (24, 15), (15, 32), (32, 15), (15, 33), (33, 15), (15, 38), (38, 15), (16, 19), (19, 16), (17, 25), (25, 17), (18, 32), (32, 18), (18, 33), (33, 18), (19, 26), (26, 19), (20, 31), (31, 20), (22, 24), (24, 22), (23, 27), (27, 23), (23, 37), (37, 23), (25, 26), (26, 25), (25, 39), (39, 25), (26, 34), (34, 26), (28, 29), (29, 28), (30, 35), (35, 30), (32, 35), (35, 32), (33, 39), (39, 33), (34, 40), (40, 34), (35, 39), (39, 35), (38, 40), (40, 38)]
Z_dad = [24, 27, 39]
Y_dad = [10, 19, 32]
X_dad = [13, 26, 35]
Z_da-ad = [24, 26, 39]
Y_da-ad = [10, 19, 32]
X_da-ad = [13, 27, 35]
