no              #fail
0.510           #totTm
0.332           #lastADTm
3               #itDAD
1.000           #avItADGoal
11              #itADOpt
32              #opt
32              #optDA-AD
0.194           #tmDA
0.0             #relGain

V = [1, 2, 3, 4, 5, 6, 7, 8, 9, 10, 11, 12, 13, 14, 15, 16, 17, 18, 19, 20, 21, 22, 23, 24, 25, 26, 27, 28, 29, 30, 31, 32, 33, 34, 35, 36, 37, 38, 39, 40]
A = [(2, 1), (1, 2), (3, 2), (2, 3), (4, 2), (2, 4), (5, 3), (3, 5), (6, 3), (3, 6), (7, 1), (1, 7), (8, 3), (3, 8), (9, 2), (2, 9), (10, 7), (7, 10), (11, 9), (9, 11), (12, 11), (11, 12), (13, 2), (2, 13), (14, 11), (11, 14), (15, 4), (4, 15), (16, 13), (13, 16), (17, 15), (15, 17), (18, 17), (17, 18), (19, 11), (11, 19), (20, 5), (5, 20), (21, 3), (3, 21), (22, 18), (18, 22), (23, 21), (21, 23), (24, 9), (9, 24), (25, 10), (10, 25), (26, 15), (15, 26), (27, 21), (21, 27), (28, 19), (19, 28), (29, 24), (24, 29), (30, 21), (21, 30), (31, 27), (27, 31), (32, 25), (25, 32), (33, 4), (4, 33), (34, 14), (14, 34), (35, 20), (20, 35), (36, 8), (8, 36), (37, 18), (18, 37), (38, 34), (34, 38), (39, 6), (6, 39), (40, 14), (14, 40)]
Z_dad = [2]
Y_dad = [3]
X_dad = [21]
Z_da-ad = [2]
Y_da-ad = [3]
X_da-ad = [21]
