no              #fail
0.390           #totTm
0.192           #lastADTm
3               #itDAD
1.000           #avItADGoal
5               #itADOpt
30              #opt
29              #optDA-AD
0.493           #tmDA
3.3             #relGain

V = [1, 2, 3, 4, 5, 6, 7, 8, 9, 10, 11, 12, 13, 14, 15, 16, 17, 18, 19, 20, 21, 22, 23, 24, 25, 26, 27, 28, 29, 30, 31, 32, 33, 34, 35, 36, 37, 38, 39, 40]
A = [(2, 1), (1, 2), (3, 2), (2, 3), (4, 3), (3, 4), (5, 2), (2, 5), (6, 4), (4, 6), (7, 5), (5, 7), (8, 7), (7, 8), (9, 8), (8, 9), (10, 9), (9, 10), (11, 6), (6, 11), (12, 8), (8, 12), (13, 8), (8, 13), (14, 13), (13, 14), (15, 6), (6, 15), (16, 7), (7, 16), (17, 1), (1, 17), (18, 16), (16, 18), (19, 16), (16, 19), (20, 6), (6, 20), (21, 3), (3, 21), (22, 12), (12, 22), (23, 19), (19, 23), (24, 15), (15, 24), (25, 15), (15, 25), (26, 4), (4, 26), (27, 15), (15, 27), (28, 20), (20, 28), (29, 11), (11, 29), (30, 7), (7, 30), (31, 8), (8, 31), (32, 4), (4, 32), (33, 30), (30, 33), (34, 21), (21, 34), (35, 16), (16, 35), (36, 12), (12, 36), (37, 34), (34, 37), (38, 33), (33, 38), (39, 22), (22, 39), (40, 7), (7, 40)]
Z_dad = [5]
Y_dad = [8]
X_dad = [7]
Z_da-ad = [7]
Y_da-ad = [4]
X_da-ad = [6]
