no              #fail
0.525           #totTm
0.224           #lastADTm
4               #itDAD
1.000           #avItADGoal
8               #itADOpt
28              #opt
28              #optDA-AD
0.257           #tmDA
0.0             #relGain

V = [1, 2, 3, 4, 5, 6, 7, 8, 9, 10, 11, 12, 13, 14, 15, 16, 17, 18, 19, 20, 21, 22, 23, 24, 25, 26, 27, 28, 29, 30, 31, 32, 33, 34, 35, 36, 37, 38, 39, 40]
A = [(2, 1), (1, 2), (3, 2), (2, 3), (4, 3), (3, 4), (5, 2), (2, 5), (6, 2), (2, 6), (7, 2), (2, 7), (8, 5), (5, 8), (9, 7), (7, 9), (10, 3), (3, 10), (11, 5), (5, 11), (12, 11), (11, 12), (13, 11), (11, 13), (14, 11), (11, 14), (15, 11), (11, 15), (16, 14), (14, 16), (17, 14), (14, 17), (18, 3), (3, 18), (19, 18), (18, 19), (20, 10), (10, 20), (21, 16), (16, 21), (22, 16), (16, 22), (23, 16), (16, 23), (24, 8), (8, 24), (25, 13), (13, 25), (26, 10), (10, 26), (27, 5), (5, 27), (28, 23), (23, 28), (29, 12), (12, 29), (30, 25), (25, 30), (31, 11), (11, 31), (32, 18), (18, 32), (33, 24), (24, 33), (34, 11), (11, 34), (35, 19), (19, 35), (36, 20), (20, 36), (37, 3), (3, 37), (38, 20), (20, 38), (39, 14), (14, 39), (40, 23), (23, 40)]
Z_dad = [5]
Y_dad = [3]
X_dad = [2]
Z_da-ad = [5]
Y_da-ad = [3]
X_da-ad = [2]
