no              #fail
0.494           #totTm
0.301           #lastADTm
3               #itDAD
1.000           #avItADGoal
10              #itADOpt
30              #opt
30              #optDA-AD
0.229           #tmDA
0.0             #relGain

V = [1, 2, 3, 4, 5, 6, 7, 8, 9, 10, 11, 12, 13, 14, 15, 16, 17, 18, 19, 20, 21, 22, 23, 24, 25, 26, 27, 28, 29, 30, 31, 32, 33, 34, 35, 36, 37, 38, 39, 40]
A = [(2, 1), (1, 2), (3, 1), (1, 3), (4, 1), (1, 4), (5, 3), (3, 5), (6, 5), (5, 6), (7, 2), (2, 7), (8, 5), (5, 8), (9, 2), (2, 9), (10, 9), (9, 10), (11, 5), (5, 11), (12, 2), (2, 12), (13, 10), (10, 13), (14, 12), (12, 14), (15, 14), (14, 15), (16, 14), (14, 16), (17, 15), (15, 17), (18, 6), (6, 18), (19, 18), (18, 19), (20, 18), (18, 20), (21, 13), (13, 21), (22, 21), (21, 22), (23, 2), (2, 23), (24, 15), (15, 24), (25, 19), (19, 25), (26, 3), (3, 26), (27, 18), (18, 27), (28, 11), (11, 28), (29, 8), (8, 29), (30, 6), (6, 30), (31, 9), (9, 31), (32, 24), (24, 32), (33, 7), (7, 33), (34, 28), (28, 34), (35, 19), (19, 35), (36, 14), (14, 36), (37, 9), (9, 37), (38, 16), (16, 38), (39, 27), (27, 39), (40, 12), (12, 40)]
Z_dad = [2]
Y_dad = [5]
X_dad = [6]
Z_da-ad = [2]
Y_da-ad = [5]
X_da-ad = [6]
