no              #fail
0.461           #totTm
0.268           #lastADTm
3               #itDAD
1.000           #avItADGoal
9               #itADOpt
30              #opt
27              #optDA-AD
0.235           #tmDA
10.0            #relGain

V = [1, 2, 3, 4, 5, 6, 7, 8, 9, 10, 11, 12, 13, 14, 15, 16, 17, 18, 19, 20, 21, 22, 23, 24, 25, 26, 27, 28, 29, 30, 31, 32, 33, 34, 35, 36, 37, 38, 39, 40]
A = [(2, 1), (1, 2), (3, 2), (2, 3), (4, 2), (2, 4), (5, 3), (3, 5), (6, 4), (4, 6), (7, 2), (2, 7), (8, 3), (3, 8), (9, 6), (6, 9), (10, 6), (6, 10), (11, 6), (6, 11), (12, 4), (4, 12), (13, 10), (10, 13), (14, 8), (8, 14), (15, 13), (13, 15), (16, 1), (1, 16), (17, 4), (4, 17), (18, 15), (15, 18), (19, 5), (5, 19), (20, 13), (13, 20), (21, 11), (11, 21), (22, 1), (1, 22), (23, 21), (21, 23), (24, 9), (9, 24), (25, 8), (8, 25), (26, 14), (14, 26), (27, 20), (20, 27), (28, 17), (17, 28), (29, 1), (1, 29), (30, 14), (14, 30), (31, 3), (3, 31), (32, 11), (11, 32), (33, 2), (2, 33), (34, 1), (1, 34), (35, 21), (21, 35), (36, 7), (7, 36), (37, 15), (15, 37), (38, 4), (4, 38), (39, 16), (16, 39), (40, 26), (26, 40)]
Z_dad = [4]
Y_dad = [2]
X_dad = [3]
Z_da-ad = [2]
Y_da-ad = [6]
X_da-ad = [10]
