no              #fail
0.473           #totTm
0.276           #lastADTm
3               #itDAD
1.000           #avItADGoal
10              #itADOpt
30              #opt
30              #optDA-AD
0.186           #tmDA
0.0             #relGain

V = [1, 2, 3, 4, 5, 6, 7, 8, 9, 10, 11, 12, 13, 14, 15, 16, 17, 18, 19, 20, 21, 22, 23, 24, 25, 26, 27, 28, 29, 30, 31, 32, 33, 34, 35, 36, 37, 38, 39, 40]
A = [(2, 1), (1, 2), (3, 1), (1, 3), (4, 1), (1, 4), (5, 1), (1, 5), (6, 4), (4, 6), (7, 3), (3, 7), (8, 7), (7, 8), (9, 8), (8, 9), (10, 5), (5, 10), (11, 2), (2, 11), (12, 9), (9, 12), (13, 8), (8, 13), (14, 12), (12, 14), (15, 12), (12, 15), (16, 8), (8, 16), (17, 5), (5, 17), (18, 10), (10, 18), (19, 4), (4, 19), (20, 10), (10, 20), (21, 7), (7, 21), (22, 16), (16, 22), (23, 14), (14, 23), (24, 1), (1, 24), (25, 9), (9, 25), (26, 4), (4, 26), (27, 21), (21, 27), (28, 3), (3, 28), (29, 25), (25, 29), (30, 15), (15, 30), (31, 4), (4, 31), (32, 2), (2, 32), (33, 9), (9, 33), (34, 17), (17, 34), (35, 5), (5, 35), (36, 19), (19, 36), (37, 9), (9, 37), (38, 21), (21, 38), (39, 19), (19, 39), (40, 20), (20, 40)]
Z_dad = [1]
Y_dad = [9]
X_dad = [8]
Z_da-ad = [1]
Y_da-ad = [9]
X_da-ad = [8]
