no              #fail
0.611           #totTm
0.292           #lastADTm
4               #itDAD
1.000           #avItADGoal
11              #itADOpt
28              #opt
28              #optDA-AD
0.18            #tmDA
0.0             #relGain

V = [1, 2, 3, 4, 5, 6, 7, 8, 9, 10, 11, 12, 13, 14, 15, 16, 17, 18, 19, 20, 21, 22, 23, 24, 25, 26, 27, 28, 29, 30, 31, 32, 33, 34, 35, 36, 37, 38, 39, 40]
A = [(2, 1), (1, 2), (3, 1), (1, 3), (4, 2), (2, 4), (5, 2), (2, 5), (6, 5), (5, 6), (7, 5), (5, 7), (8, 7), (7, 8), (9, 6), (6, 9), (10, 2), (2, 10), (11, 7), (7, 11), (12, 4), (4, 12), (13, 6), (6, 13), (14, 7), (7, 14), (15, 3), (3, 15), (16, 8), (8, 16), (17, 16), (16, 17), (18, 14), (14, 18), (19, 7), (7, 19), (20, 1), (1, 20), (21, 8), (8, 21), (22, 14), (14, 22), (23, 13), (13, 23), (24, 19), (19, 24), (25, 9), (9, 25), (26, 5), (5, 26), (27, 13), (13, 27), (28, 19), (19, 28), (29, 19), (19, 29), (30, 23), (23, 30), (31, 19), (19, 31), (32, 17), (17, 32), (33, 5), (5, 33), (34, 13), (13, 34), (35, 13), (13, 35), (36, 30), (30, 36), (37, 27), (27, 37), (38, 36), (36, 38), (39, 11), (11, 39), (40, 18), (18, 40)]
Z_dad = [7]
Y_dad = [6]
X_dad = [5]
Z_da-ad = [5]
Y_da-ad = [7]
X_da-ad = [8]
