no              #fail
0.511           #totTm
0.329           #lastADTm
3               #itDAD
1.000           #avItADGoal
12              #itADOpt
29              #opt
29              #optDA-AD
0.237           #tmDA
0.0             #relGain

V = [1, 2, 3, 4, 5, 6, 7, 8, 9, 10, 11, 12, 13, 14, 15, 16, 17, 18, 19, 20, 21, 22, 23, 24, 25, 26, 27, 28, 29, 30, 31, 32, 33, 34, 35, 36, 37, 38, 39, 40]
A = [(2, 1), (1, 2), (3, 2), (2, 3), (4, 3), (3, 4), (5, 3), (3, 5), (6, 1), (1, 6), (7, 1), (1, 7), (8, 4), (4, 8), (9, 7), (7, 9), (10, 5), (5, 10), (11, 8), (8, 11), (12, 8), (8, 12), (13, 3), (3, 13), (14, 10), (10, 14), (15, 3), (3, 15), (16, 7), (7, 16), (17, 12), (12, 17), (18, 13), (13, 18), (19, 5), (5, 19), (20, 8), (8, 20), (21, 2), (2, 21), (22, 19), (19, 22), (23, 3), (3, 23), (24, 19), (19, 24), (25, 8), (8, 25), (26, 20), (20, 26), (27, 7), (7, 27), (28, 4), (4, 28), (29, 21), (21, 29), (30, 25), (25, 30), (31, 10), (10, 31), (32, 23), (23, 32), (33, 17), (17, 33), (34, 13), (13, 34), (35, 5), (5, 35), (36, 18), (18, 36), (37, 30), (30, 37), (38, 23), (23, 38), (39, 28), (28, 39), (40, 8), (8, 40)]
Z_dad = [3]
Y_dad = [8]
X_dad = [25]
Z_da-ad = [3]
Y_da-ad = [8]
X_da-ad = [25]
