no              #fail
0.494           #totTm
0.304           #lastADTm
3               #itDAD
1.000           #avItADGoal
11              #itADOpt
31              #opt
31              #optDA-AD
0.229           #tmDA
0.0             #relGain

V = [1, 2, 3, 4, 5, 6, 7, 8, 9, 10, 11, 12, 13, 14, 15, 16, 17, 18, 19, 20, 21, 22, 23, 24, 25, 26, 27, 28, 29, 30, 31, 32, 33, 34, 35, 36, 37, 38, 39, 40]
A = [(2, 1), (1, 2), (3, 2), (2, 3), (4, 3), (3, 4), (5, 2), (2, 5), (6, 5), (5, 6), (7, 5), (5, 7), (8, 6), (6, 8), (9, 7), (7, 9), (10, 5), (5, 10), (11, 7), (7, 11), (12, 4), (4, 12), (13, 5), (5, 13), (14, 11), (11, 14), (15, 4), (4, 15), (16, 1), (1, 16), (17, 14), (14, 17), (18, 11), (11, 18), (19, 1), (1, 19), (20, 6), (6, 20), (21, 9), (9, 21), (22, 12), (12, 22), (23, 16), (16, 23), (24, 5), (5, 24), (25, 22), (22, 25), (26, 12), (12, 26), (27, 23), (23, 27), (28, 20), (20, 28), (29, 2), (2, 29), (30, 2), (2, 30), (31, 26), (26, 31), (32, 22), (22, 32), (33, 30), (30, 33), (34, 10), (10, 34), (35, 17), (17, 35), (36, 3), (3, 36), (37, 36), (36, 37), (38, 7), (7, 38), (39, 29), (29, 39), (40, 12), (12, 40)]
Z_dad = [2]
Y_dad = [5]
X_dad = [7]
Z_da-ad = [2]
Y_da-ad = [5]
X_da-ad = [7]
