no              #fail
0.543           #totTm
0.391           #lastADTm
3               #itDAD
1.000           #avItADGoal
14              #itADOpt
32              #opt
32              #optDA-AD
0.247           #tmDA
0.0             #relGain

V = [1, 2, 3, 4, 5, 6, 7, 8, 9, 10, 11, 12, 13, 14, 15, 16, 17, 18, 19, 20, 21, 22, 23, 24, 25, 26, 27, 28, 29, 30, 31, 32, 33, 34, 35, 36, 37, 38, 39, 40]
A = [(2, 1), (1, 2), (3, 1), (1, 3), (4, 2), (2, 4), (5, 4), (4, 5), (6, 2), (2, 6), (7, 5), (5, 7), (8, 2), (2, 8), (9, 2), (2, 9), (10, 7), (7, 10), (11, 2), (2, 11), (12, 2), (2, 12), (13, 4), (4, 13), (14, 3), (3, 14), (15, 4), (4, 15), (16, 4), (4, 16), (17, 7), (7, 17), (18, 13), (13, 18), (19, 7), (7, 19), (20, 15), (15, 20), (21, 12), (12, 21), (22, 14), (14, 22), (23, 11), (11, 23), (24, 9), (9, 24), (25, 9), (9, 25), (26, 11), (11, 26), (27, 12), (12, 27), (28, 12), (12, 28), (29, 27), (27, 29), (30, 6), (6, 30), (31, 4), (4, 31), (32, 11), (11, 32), (33, 23), (23, 33), (34, 22), (22, 34), (35, 27), (27, 35), (36, 3), (3, 36), (37, 22), (22, 37), (38, 9), (9, 38), (39, 18), (18, 39), (40, 34), (34, 40)]
Z_dad = [2]
Y_dad = [4]
X_dad = [5]
Z_da-ad = [2]
Y_da-ad = [4]
X_da-ad = [5]
