no              #fail
0.563           #totTm
0.386           #lastADTm
3               #itDAD
1.000           #avItADGoal
12              #itADOpt
33              #opt
33              #optDA-AD
0.241           #tmDA
0.0             #relGain

V = [1, 2, 3, 4, 5, 6, 7, 8, 9, 10, 11, 12, 13, 14, 15, 16, 17, 18, 19, 20, 21, 22, 23, 24, 25, 26, 27, 28, 29, 30, 31, 32, 33, 34, 35, 36, 37, 38, 39, 40]
A = [(2, 1), (1, 2), (3, 1), (1, 3), (4, 3), (3, 4), (5, 3), (3, 5), (6, 3), (3, 6), (7, 4), (4, 7), (8, 3), (3, 8), (9, 8), (8, 9), (10, 6), (6, 10), (11, 2), (2, 11), (12, 6), (6, 12), (13, 11), (11, 13), (14, 5), (5, 14), (15, 2), (2, 15), (16, 2), (2, 16), (17, 9), (9, 17), (18, 7), (7, 18), (19, 16), (16, 19), (20, 10), (10, 20), (21, 3), (3, 21), (22, 4), (4, 22), (23, 22), (22, 23), (24, 22), (22, 24), (25, 8), (8, 25), (26, 7), (7, 26), (27, 13), (13, 27), (28, 20), (20, 28), (29, 26), (26, 29), (30, 4), (4, 30), (31, 25), (25, 31), (32, 12), (12, 32), (33, 11), (11, 33), (34, 27), (27, 34), (35, 26), (26, 35), (36, 7), (7, 36), (37, 34), (34, 37), (38, 18), (18, 38), (39, 10), (10, 39), (40, 37), (37, 40)]
Z_dad = [3]
Y_dad = [7]
X_dad = [4]
Z_da-ad = [3]
Y_da-ad = [7]
X_da-ad = [4]
