no              #fail
0.446           #totTm
0.233           #lastADTm
3               #itDAD
1.000           #avItADGoal
7               #itADOpt
30              #opt
30              #optDA-AD
0.203           #tmDA
0.0             #relGain

V = [1, 2, 3, 4, 5, 6, 7, 8, 9, 10, 11, 12, 13, 14, 15, 16, 17, 18, 19, 20, 21, 22, 23, 24, 25, 26, 27, 28, 29, 30, 31, 32, 33, 34, 35, 36, 37, 38, 39, 40]
A = [(2, 1), (1, 2), (3, 1), (1, 3), (4, 2), (2, 4), (5, 4), (4, 5), (6, 3), (3, 6), (7, 3), (3, 7), (8, 2), (2, 8), (9, 1), (1, 9), (10, 4), (4, 10), (11, 8), (8, 11), (12, 9), (9, 12), (13, 10), (10, 13), (14, 13), (13, 14), (15, 12), (12, 15), (16, 14), (14, 16), (17, 16), (16, 17), (18, 9), (9, 18), (19, 17), (17, 19), (20, 6), (6, 20), (21, 9), (9, 21), (22, 21), (21, 22), (23, 15), (15, 23), (24, 5), (5, 24), (25, 15), (15, 25), (26, 10), (10, 26), (27, 12), (12, 27), (28, 2), (2, 28), (29, 6), (6, 29), (30, 28), (28, 30), (31, 25), (25, 31), (32, 2), (2, 32), (33, 21), (21, 33), (34, 5), (5, 34), (35, 20), (20, 35), (36, 27), (27, 36), (37, 35), (35, 37), (38, 37), (37, 38), (39, 20), (20, 39), (40, 16), (16, 40)]
Z_dad = [1]
Y_dad = [4]
X_dad = [10]
Z_da-ad = [1]
Y_da-ad = [4]
X_da-ad = [10]
