no              #fail
0.492           #totTm
0.307           #lastADTm
3               #itDAD
1.000           #avItADGoal
11              #itADOpt
31              #opt
31              #optDA-AD
0.23            #tmDA
0.0             #relGain

V = [1, 2, 3, 4, 5, 6, 7, 8, 9, 10, 11, 12, 13, 14, 15, 16, 17, 18, 19, 20, 21, 22, 23, 24, 25, 26, 27, 28, 29, 30, 31, 32, 33, 34, 35, 36, 37, 38, 39, 40]
A = [(2, 1), (1, 2), (3, 1), (1, 3), (4, 3), (3, 4), (5, 2), (2, 5), (6, 4), (4, 6), (7, 6), (6, 7), (8, 7), (7, 8), (9, 5), (5, 9), (10, 3), (3, 10), (11, 3), (3, 11), (12, 8), (8, 12), (13, 1), (1, 13), (14, 3), (3, 14), (15, 1), (1, 15), (16, 13), (13, 16), (17, 12), (12, 17), (18, 8), (8, 18), (19, 4), (4, 19), (20, 6), (6, 20), (21, 5), (5, 21), (22, 12), (12, 22), (23, 4), (4, 23), (24, 10), (10, 24), (25, 23), (23, 25), (26, 14), (14, 26), (27, 5), (5, 27), (28, 19), (19, 28), (29, 11), (11, 29), (30, 28), (28, 30), (31, 21), (21, 31), (32, 5), (5, 32), (33, 15), (15, 33), (34, 10), (10, 34), (35, 4), (4, 35), (36, 4), (4, 36), (37, 16), (16, 37), (38, 24), (24, 38), (39, 4), (4, 39), (40, 17), (17, 40)]
Z_dad = [3]
Y_dad = [4]
X_dad = [6]
Z_da-ad = [3]
Y_da-ad = [4]
X_da-ad = [6]
