no              #fail
4345.441        #totTm
4338.438        #lastADTm
5               #itDAD
1.000           #avItADGoal
477             #itADOpt
56              #opt
54              #optDA-AD
4.373           #tmDA
3.6             #relGain

V = [1, 2, 3, 4, 5, 6, 7, 8, 9, 10, 11, 12, 13, 14, 15, 16, 17, 18, 19, 20, 21, 22, 23, 24, 25, 26, 27, 28, 29, 30, 31, 32, 33, 34, 35, 36, 37, 38, 39, 40, 41, 42, 43, 44, 45, 46, 47, 48, 49, 50, 51, 52, 53, 54, 55, 56, 57, 58, 59, 60, 61, 62, 63, 64, 65, 66, 67, 68, 69, 70, 71, 72, 73, 74, 75, 76, 77, 78, 79, 80, 81, 82, 83, 84, 85, 86, 87, 88, 89, 90, 91, 92, 93, 94, 95, 96, 97, 98, 99, 100]
A = [(2, 1), (1, 2), (3, 2), (2, 3), (4, 2), (2, 4), (5, 1), (1, 5), (6, 3), (3, 6), (7, 5), (5, 7), (8, 7), (7, 8), (9, 5), (5, 9), (10, 4), (4, 10), (11, 2), (2, 11), (12, 5), (5, 12), (13, 12), (12, 13), (14, 6), (6, 14), (15, 6), (6, 15), (16, 11), (11, 16), (17, 11), (11, 17), (18, 16), (16, 18), (19, 14), (14, 19), (20, 14), (14, 20), (21, 14), (14, 21), (22, 17), (17, 22), (23, 18), (18, 23), (24, 19), (19, 24), (25, 11), (11, 25), (26, 4), (4, 26), (27, 6), (6, 27), (28, 18), (18, 28), (29, 6), (6, 29), (30, 11), (11, 30), (31, 8), (8, 31), (32, 3), (3, 32), (33, 1), (1, 33), (34, 17), (17, 34), (35, 18), (18, 35), (36, 2), (2, 36), (37, 24), (24, 37), (38, 16), (16, 38), (39, 34), (34, 39), (40, 4), (4, 40), (41, 37), (37, 41), (42, 10), (10, 42), (43, 3), (3, 43), (44, 32), (32, 44), (45, 24), (24, 45), (46, 3), (3, 46), (47, 21), (21, 47), (48, 1), (1, 48), (49, 8), (8, 49), (50, 20), (20, 50), (51, 9), (9, 51), (52, 44), (44, 52), (53, 2), (2, 53), (54, 21), (21, 54), (55, 16), (16, 55), (56, 38), (38, 56), (57, 27), (27, 57), (58, 57), (57, 58), (59, 54), (54, 59), (60, 32), (32, 60), (61, 37), (37, 61), (62, 6), (6, 62), (63, 20), (20, 63), (64, 18), (18, 64), (65, 4), (4, 65), (66, 4), (4, 66), (67, 7), (7, 67), (68, 13), (13, 68), (69, 17), (17, 69), (70, 37), (37, 70), (71, 31), (31, 71), (72, 65), (65, 72), (73, 48), (48, 73), (74, 2), (2, 74), (75, 23), (23, 75), (76, 7), (7, 76), (77, 60), (60, 77), (78, 59), (59, 78), (79, 64), (64, 79), (80, 7), (7, 80), (81, 13), (13, 81), (82, 68), (68, 82), (83, 44), (44, 83), (84, 82), (82, 84), (85, 10), (10, 85), (86, 76), (76, 86), (87, 72), (72, 87), (88, 55), (55, 88), (89, 29), (29, 89), (90, 71), (71, 90), (91, 34), (34, 91), (92, 21), (21, 92), (93, 82), (82, 93), (94, 22), (22, 94), (95, 21), (21, 95), (96, 91), (91, 96), (97, 58), (58, 97), (98, 95), (95, 98), (99, 47), (47, 99), (100, 34), (34, 100)]
Z_dad = [14]
Y_dad = [3, 5, 16]
X_dad = [2, 7, 11]
Z_da-ad = [2]
Y_da-ad = [5, 14, 16]
X_da-ad = [6, 7, 11]
