no              #fail
145.350         #totTm
126.277         #lastADTm
13              #itDAD
4.417           #avItADGoal
343             #itADOpt
21              #opt
18              #optDA-AD
3.553           #tmDA
14.3            #relGain

V = [1, 2, 3, 4, 5, 6, 7, 8, 9, 10, 11, 12, 13, 14, 15, 16, 17, 18, 19, 20, 21, 22, 23, 24, 25, 26, 27, 28, 29, 30, 31, 32, 33, 34, 35, 36, 37, 38, 39, 40]
A = [(1, 11), (11, 1), (3, 10), (10, 3), (3, 19), (19, 3), (3, 37), (37, 3), (4, 34), (34, 4), (4, 36), (36, 4), (5, 34), (34, 5), (5, 38), (38, 5), (6, 23), (23, 6), (6, 32), (32, 6), (7, 13), (13, 7), (7, 40), (40, 7), (8, 29), (29, 8), (9, 20), (20, 9), (9, 26), (26, 9), (11, 12), (12, 11), (11, 18), (18, 11), (11, 40), (40, 11), (12, 15), (15, 12), (12, 19), (19, 12), (12, 23), (23, 12), (12, 26), (26, 12), (13, 21), (21, 13), (13, 33), (33, 13), (14, 29), (29, 14), (14, 35), (35, 14), (14, 36), (36, 14), (15, 16), (16, 15), (15, 19), (19, 15), (15, 34), (34, 15), (15, 36), (36, 15), (15, 38), (38, 15), (16, 26), (26, 16), (19, 27), (27, 19), (19, 28), (28, 19), (20, 31), (31, 20), (21, 29), (29, 21), (21, 30), (30, 21), (21, 40), (40, 21), (22, 23), (23, 22), (25, 38), (38, 25), (25, 40), (40, 25), (26, 30), (30, 26), (26, 36), (36, 26), (27, 28), (28, 27), (29, 31), (31, 29), (30, 33), (33, 30), (30, 37), (37, 30), (30, 38), (38, 30), (32, 37), (37, 32), (35, 36), (36, 35), (36, 40), (40, 36), (37, 40), (40, 37), (38, 40), (40, 38)]
Z_dad = [26, 29, 40]
Y_dad = [9, 15, 37]
X_dad = [12, 30, 32]
Z_da-ad = [19, 23, 37]
Y_da-ad = [11, 28, 29]
X_da-ad = [21, 30, 40]
