no              #fail
609.562         #totTm
33.919          #lastADTm
28              #itDAD
6.296           #avItADGoal
159             #itADOpt
17              #opt
14              #optDA-AD
4.248           #tmDA
17.6            #relGain

V = [1, 2, 3, 4, 5, 6, 7, 8, 9, 10, 11, 12, 13, 14, 15, 16, 17, 18, 19, 20, 21, 22, 23, 24, 25, 26, 27, 28, 29, 30, 31, 32, 33, 34, 35, 36, 37, 38, 39, 40]
A = [(1, 10), (10, 1), (1, 13), (13, 1), (1, 16), (16, 1), (1, 25), (25, 1), (1, 36), (36, 1), (1, 40), (40, 1), (2, 12), (12, 2), (2, 34), (34, 2), (3, 14), (14, 3), (3, 21), (21, 3), (3, 32), (32, 3), (4, 12), (12, 4), (4, 16), (16, 4), (4, 20), (20, 4), (5, 15), (15, 5), (5, 26), (26, 5), (5, 29), (29, 5), (6, 31), (31, 6), (6, 32), (32, 6), (6, 37), (37, 6), (6, 40), (40, 6), (7, 27), (27, 7), (7, 31), (31, 7), (8, 17), (17, 8), (8, 22), (22, 8), (9, 13), (13, 9), (10, 12), (12, 10), (10, 19), (19, 10), (10, 25), (25, 10), (10, 30), (30, 10), (11, 30), (30, 11), (11, 37), (37, 11), (12, 18), (18, 12), (14, 26), (26, 14), (14, 34), (34, 14), (15, 28), (28, 15), (16, 17), (17, 16), (16, 31), (31, 16), (17, 39), (39, 17), (18, 27), (27, 18), (20, 27), (27, 20), (21, 25), (25, 21), (21, 37), (37, 21), (22, 25), (25, 22), (22, 26), (26, 22), (23, 38), (38, 23), (24, 27), (27, 24), (24, 40), (40, 24), (28, 31), (31, 28), (28, 33), (33, 28), (28, 37), (37, 28), (30, 38), (38, 30), (32, 37), (37, 32), (32, 40), (40, 32)]
Z_dad = [1, 16, 28]
Y_dad = [26, 27, 30]
X_dad = [5, 22, 38]
Z_da-ad = [1, 5, 28]
Y_da-ad = [13, 22, 30]
X_da-ad = [3, 12, 26]
