no              #fail
113.148         #totTm
99.005          #lastADTm
12              #itDAD
1.182           #avItADGoal
301             #itADOpt
19              #opt
17              #optDA-AD
6.622           #tmDA
10.5            #relGain

V = [1, 2, 3, 4, 5, 6, 7, 8, 9, 10, 11, 12, 13, 14, 15, 16, 17, 18, 19, 20, 21, 22, 23, 24, 25, 26, 27, 28, 29, 30, 31, 32, 33, 34, 35, 36, 37, 38, 39, 40]
A = [(1, 25), (25, 1), (1, 27), (27, 1), (2, 15), (15, 2), (2, 39), (39, 2), (3, 8), (8, 3), (3, 23), (23, 3), (4, 11), (11, 4), (4, 34), (34, 4), (4, 35), (35, 4), (5, 23), (23, 5), (5, 27), (27, 5), (5, 28), (28, 5), (5, 29), (29, 5), (6, 15), (15, 6), (6, 26), (26, 6), (6, 40), (40, 6), (7, 33), (33, 7), (7, 34), (34, 7), (7, 37), (37, 7), (8, 10), (10, 8), (8, 26), (26, 8), (8, 31), (31, 8), (8, 38), (38, 8), (9, 26), (26, 9), (11, 20), (20, 11), (11, 27), (27, 11), (13, 22), (22, 13), (13, 34), (34, 13), (14, 26), (26, 14), (15, 22), (22, 15), (15, 24), (24, 15), (15, 27), (27, 15), (15, 29), (29, 15), (15, 39), (39, 15), (15, 40), (40, 15), (16, 24), (24, 16), (17, 35), (35, 17), (18, 20), (20, 18), (18, 22), (22, 18), (19, 34), (34, 19), (20, 30), (30, 20), (21, 24), (24, 21), (21, 29), (29, 21), (22, 23), (23, 22), (22, 24), (24, 22), (22, 34), (34, 22), (24, 35), (35, 24), (25, 31), (31, 25), (25, 39), (39, 25), (29, 37), (37, 29), (30, 36), (36, 30), (31, 38), (38, 31), (31, 39), (39, 31), (33, 38), (38, 33)]
Z_dad = [8, 15, 22]
Y_dad = [14, 27, 34]
X_dad = [5, 11, 26]
Z_da-ad = [26, 34, 35]
Y_da-ad = [11, 19, 29]
X_da-ad = [15, 27, 31]
