no              #fail
219.679         #totTm
95.757          #lastADTm
23              #itDAD
2.364           #avItADGoal
287             #itADOpt
18              #opt
16              #optDA-AD
2.681           #tmDA
11.1            #relGain

V = [1, 2, 3, 4, 5, 6, 7, 8, 9, 10, 11, 12, 13, 14, 15, 16, 17, 18, 19, 20, 21, 22, 23, 24, 25, 26, 27, 28, 29, 30, 31, 32, 33, 34, 35, 36, 37, 38, 39, 40]
A = [(1, 7), (7, 1), (1, 19), (19, 1), (1, 34), (34, 1), (2, 21), (21, 2), (3, 18), (18, 3), (3, 32), (32, 3), (4, 23), (23, 4), (5, 6), (6, 5), (5, 22), (22, 5), (5, 28), (28, 5), (5, 32), (32, 5), (6, 24), (24, 6), (6, 29), (29, 6), (6, 34), (34, 6), (7, 39), (39, 7), (8, 25), (25, 8), (11, 12), (12, 11), (11, 19), (19, 11), (11, 21), (21, 11), (11, 31), (31, 11), (11, 38), (38, 11), (11, 40), (40, 11), (12, 36), (36, 12), (12, 39), (39, 12), (13, 24), (24, 13), (14, 30), (30, 14), (15, 23), (23, 15), (15, 26), (26, 15), (15, 33), (33, 15), (15, 34), (34, 15), (16, 21), (21, 16), (16, 27), (27, 16), (16, 37), (37, 16), (17, 19), (19, 17), (18, 33), (33, 18), (19, 39), (39, 19), (20, 33), (33, 20), (21, 26), (26, 21), (21, 31), (31, 21), (22, 23), (23, 22), (22, 29), (29, 22), (22, 36), (36, 22), (23, 26), (26, 23), (24, 32), (32, 24), (24, 38), (38, 24), (25, 29), (29, 25), (25, 35), (35, 25), (26, 29), (29, 26), (26, 33), (33, 26), (26, 35), (35, 26), (26, 40), (40, 26), (28, 31), (31, 28), (28, 33), (33, 28), (28, 40), (40, 28)]
Z_dad = [5, 24, 33]
Y_dad = [11, 18, 29]
X_dad = [3, 19, 21]
Z_da-ad = [21, 32, 33]
Y_da-ad = [11, 14, 37]
X_da-ad = [23, 26, 29]
