no              #fail
131.892         #totTm
122.089         #lastADTm
11              #itDAD
1.300           #avItADGoal
365             #itADOpt
20              #opt
18              #optDA-AD
5.017           #tmDA
10.0            #relGain

V = [1, 2, 3, 4, 5, 6, 7, 8, 9, 10, 11, 12, 13, 14, 15, 16, 17, 18, 19, 20, 21, 22, 23, 24, 25, 26, 27, 28, 29, 30, 31, 32, 33, 34, 35, 36, 37, 38, 39, 40]
A = [(1, 22), (22, 1), (1, 30), (30, 1), (1, 31), (31, 1), (1, 35), (35, 1), (2, 4), (4, 2), (2, 7), (7, 2), (2, 15), (15, 2), (2, 22), (22, 2), (2, 40), (40, 2), (3, 28), (28, 3), (4, 27), (27, 4), (4, 30), (30, 4), (5, 10), (10, 5), (5, 27), (27, 5), (6, 7), (7, 6), (6, 9), (9, 6), (6, 12), (12, 6), (7, 18), (18, 7), (8, 15), (15, 8), (9, 18), (18, 9), (9, 30), (30, 9), (9, 31), (31, 9), (10, 37), (37, 10), (11, 12), (12, 11), (11, 15), (15, 11), (11, 16), (16, 11), (11, 21), (21, 11), (11, 33), (33, 11), (11, 39), (39, 11), (12, 23), (23, 12), (12, 28), (28, 12), (12, 38), (38, 12), (13, 14), (14, 13), (13, 15), (15, 13), (13, 17), (17, 13), (13, 20), (20, 13), (13, 29), (29, 13), (14, 27), (27, 14), (15, 21), (21, 15), (15, 36), (36, 15), (15, 38), (38, 15), (16, 32), (32, 16), (16, 38), (38, 16), (18, 31), (31, 18), (20, 35), (35, 20), (23, 35), (35, 23), (25, 40), (40, 25), (26, 30), (30, 26), (27, 30), (30, 27), (28, 31), (31, 28), (28, 37), (37, 28), (30, 35), (35, 30), (30, 39), (39, 30), (33, 35), (35, 33)]
Z_dad = [2, 11, 30]
Y_dad = [13, 31, 40]
X_dad = [14, 15, 28]
Z_da-ad = [13, 15, 30]
Y_da-ad = [5, 11, 40]
X_da-ad = [2, 12, 31]
