no              #fail
47.048          #totTm
39.900          #lastADTm
11              #itDAD
1.400           #avItADGoal
193             #itADOpt
19              #opt
18              #optDA-AD
1.147           #tmDA
5.3             #relGain

V = [1, 2, 3, 4, 5, 6, 7, 8, 9, 10, 11, 12, 13, 14, 15, 16, 17, 18, 19, 20, 21, 22, 23, 24, 25, 26, 27, 28, 29, 30, 31, 32, 33, 34, 35, 36, 37, 38, 39, 40]
A = [(1, 12), (12, 1), (1, 16), (16, 1), (1, 29), (29, 1), (1, 35), (35, 1), (2, 24), (24, 2), (4, 9), (9, 4), (4, 37), (37, 4), (4, 38), (38, 4), (5, 14), (14, 5), (5, 36), (36, 5), (6, 30), (30, 6), (7, 12), (12, 7), (8, 15), (15, 8), (8, 16), (16, 8), (8, 17), (17, 8), (8, 23), (23, 8), (8, 25), (25, 8), (8, 38), (38, 8), (9, 37), (37, 9), (11, 26), (26, 11), (12, 23), (23, 12), (13, 16), (16, 13), (13, 23), (23, 13), (14, 20), (20, 14), (14, 25), (25, 14), (14, 27), (27, 14), (14, 29), (29, 14), (16, 27), (27, 16), (16, 34), (34, 16), (17, 30), (30, 17), (17, 34), (34, 17), (18, 27), (27, 18), (18, 40), (40, 18), (21, 37), (37, 21), (22, 35), (35, 22), (23, 30), (30, 23), (23, 33), (33, 23), (23, 35), (35, 23), (24, 33), (33, 24), (24, 38), (38, 24), (24, 39), (39, 24), (24, 40), (40, 24), (25, 28), (28, 25), (25, 31), (31, 25), (26, 34), (34, 26), (28, 38), (38, 28), (29, 32), (32, 29), (30, 37), (37, 30), (32, 34), (34, 32), (33, 37), (37, 33), (34, 40), (40, 34), (35, 37), (37, 35), (35, 40), (40, 35), (36, 37), (37, 36)]
Z_dad = [14, 37, 38]
Y_dad = [5, 8, 40]
X_dad = [1, 23, 34]
Z_da-ad = [14, 24, 37]
Y_da-ad = [4, 5, 34]
X_da-ad = [8, 23, 38]
