no              #fail
313.388         #totTm
300.920         #lastADTm
10              #itDAD
6.000           #avItADGoal
559             #itADOpt
20              #opt
20              #optDA-AD
3.402           #tmDA
0.0             #relGain

V = [1, 2, 3, 4, 5, 6, 7, 8, 9, 10, 11, 12, 13, 14, 15, 16, 17, 18, 19, 20, 21, 22, 23, 24, 25, 26, 27, 28, 29, 30, 31, 32, 33, 34, 35, 36, 37, 38, 39, 40]
A = [(1, 2), (2, 1), (1, 6), (6, 1), (1, 24), (24, 1), (1, 38), (38, 1), (2, 28), (28, 2), (3, 13), (13, 3), (4, 9), (9, 4), (4, 13), (13, 4), (4, 40), (40, 4), (5, 7), (7, 5), (5, 10), (10, 5), (5, 12), (12, 5), (5, 24), (24, 5), (5, 35), (35, 5), (5, 40), (40, 5), (6, 15), (15, 6), (7, 22), (22, 7), (7, 33), (33, 7), (8, 23), (23, 8), (8, 30), (30, 8), (9, 20), (20, 9), (9, 21), (21, 9), (9, 25), (25, 9), (10, 29), (29, 10), (11, 14), (14, 11), (11, 21), (21, 11), (11, 26), (26, 11), (11, 29), (29, 11), (12, 34), (34, 12), (12, 38), (38, 12), (13, 15), (15, 13), (13, 23), (23, 13), (14, 33), (33, 14), (14, 37), (37, 14), (15, 16), (16, 15), (15, 35), (35, 15), (16, 21), (21, 16), (16, 32), (32, 16), (16, 33), (33, 16), (18, 38), (38, 18), (20, 25), (25, 20), (20, 27), (27, 20), (20, 38), (38, 20), (21, 29), (29, 21), (23, 38), (38, 23), (25, 28), (28, 25), (26, 37), (37, 26), (27, 38), (38, 27), (28, 30), (30, 28), (30, 33), (33, 30), (32, 33), (33, 32), (33, 38), (38, 33), (35, 37), (37, 35), (38, 40), (40, 38)]
Z_dad = [5, 28, 38]
Y_dad = [9, 15, 33]
X_dad = [6, 13, 30]
Z_da-ad = [1, 5, 38]
Y_da-ad = [11, 13, 25]
X_da-ad = [15, 21, 33]
