no              #fail
59.203          #totTm
48.447          #lastADTm
13              #itDAD
1.417           #avItADGoal
188             #itADOpt
19              #opt
17              #optDA-AD
3.361           #tmDA
10.5            #relGain

V = [1, 2, 3, 4, 5, 6, 7, 8, 9, 10, 11, 12, 13, 14, 15, 16, 17, 18, 19, 20, 21, 22, 23, 24, 25, 26, 27, 28, 29, 30, 31, 32, 33, 34, 35, 36, 37, 38, 39, 40]
A = [(1, 9), (9, 1), (1, 24), (24, 1), (1, 37), (37, 1), (1, 40), (40, 1), (2, 18), (18, 2), (3, 10), (10, 3), (3, 15), (15, 3), (4, 7), (7, 4), (4, 25), (25, 4), (4, 26), (26, 4), (5, 11), (11, 5), (5, 24), (24, 5), (5, 29), (29, 5), (5, 33), (33, 5), (6, 14), (14, 6), (6, 19), (19, 6), (6, 29), (29, 6), (6, 32), (32, 6), (7, 13), (13, 7), (7, 20), (20, 7), (8, 23), (23, 8), (8, 36), (36, 8), (8, 39), (39, 8), (9, 17), (17, 9), (10, 17), (17, 10), (11, 16), (16, 11), (11, 18), (18, 11), (11, 32), (32, 11), (12, 20), (20, 12), (12, 36), (36, 12), (15, 16), (16, 15), (15, 18), (18, 15), (15, 20), (20, 15), (16, 24), (24, 16), (16, 32), (32, 16), (17, 18), (18, 17), (17, 39), (39, 17), (19, 24), (24, 19), (19, 40), (40, 19), (21, 30), (30, 21), (21, 36), (36, 21), (21, 40), (40, 21), (23, 34), (34, 23), (27, 31), (31, 27), (28, 29), (29, 28), (29, 30), (30, 29), (29, 34), (34, 29), (29, 40), (40, 29), (30, 36), (36, 30), (33, 35), (35, 33), (33, 40), (40, 33), (36, 39), (39, 36), (36, 40), (40, 36), (38, 40), (40, 38)]
Z_dad = [24, 29, 40]
Y_dad = [4, 11, 36]
X_dad = [15, 17, 32]
Z_da-ad = [5, 7, 40]
Y_da-ad = [24, 25, 29]
X_da-ad = [6, 16, 18]
