no              #fail
114.083         #totTm
57.094          #lastADTm
18              #itDAD
4.059           #avItADGoal
215             #itADOpt
18              #opt
17              #optDA-AD
3.682           #tmDA
5.6             #relGain

V = [1, 2, 3, 4, 5, 6, 7, 8, 9, 10, 11, 12, 13, 14, 15, 16, 17, 18, 19, 20, 21, 22, 23, 24, 25, 26, 27, 28, 29, 30, 31, 32, 33, 34, 35, 36, 37, 38, 39, 40]
A = [(1, 27), (27, 1), (1, 34), (34, 1), (2, 17), (17, 2), (2, 38), (38, 2), (3, 20), (20, 3), (3, 21), (21, 3), (5, 21), (21, 5), (6, 12), (12, 6), (6, 19), (19, 6), (6, 22), (22, 6), (6, 23), (23, 6), (6, 32), (32, 6), (7, 16), (16, 7), (8, 39), (39, 8), (9, 15), (15, 9), (9, 23), (23, 9), (9, 35), (35, 9), (10, 12), (12, 10), (10, 14), (14, 10), (10, 28), (28, 10), (10, 35), (35, 10), (10, 40), (40, 10), (11, 31), (31, 11), (12, 14), (14, 12), (12, 18), (18, 12), (12, 21), (21, 12), (12, 26), (26, 12), (13, 29), (29, 13), (14, 28), (28, 14), (15, 21), (21, 15), (15, 31), (31, 15), (16, 28), (28, 16), (16, 29), (29, 16), (17, 39), (39, 17), (18, 21), (21, 18), (18, 29), (29, 18), (18, 36), (36, 18), (18, 37), (37, 18), (19, 26), (26, 19), (19, 31), (31, 19), (22, 40), (40, 22), (23, 30), (30, 23), (24, 28), (28, 24), (24, 35), (35, 24), (25, 39), (39, 25), (26, 31), (31, 26), (26, 37), (37, 26), (27, 29), (29, 27), (27, 32), (32, 27), (27, 37), (37, 27), (29, 31), (31, 29), (30, 36), (36, 30), (31, 34), (34, 31), (33, 40), (40, 33)]
Z_dad = [6, 21, 31]
Y_dad = [10, 27, 39]
X_dad = [17, 18, 35]
Z_da-ad = [21, 27, 31]
Y_da-ad = [1, 17, 28]
X_da-ad = [6, 10, 39]
