no              #fail
29.766          #totTm
25.584          #lastADTm
7               #itDAD
1.000           #avItADGoal
108             #itADOpt
19              #opt
16              #optDA-AD
5.469           #tmDA
15.8            #relGain

V = [1, 2, 3, 4, 5, 6, 7, 8, 9, 10, 11, 12, 13, 14, 15, 16, 17, 18, 19, 20, 21, 22, 23, 24, 25, 26, 27, 28, 29, 30, 31, 32, 33, 34, 35, 36, 37, 38, 39, 40]
A = [(1, 40), (40, 1), (2, 22), (22, 2), (2, 30), (30, 2), (3, 18), (18, 3), (3, 23), (23, 3), (3, 36), (36, 3), (4, 13), (13, 4), (4, 17), (17, 4), (4, 20), (20, 4), (4, 24), (24, 4), (4, 26), (26, 4), (5, 26), (26, 5), (5, 30), (30, 5), (5, 35), (35, 5), (5, 36), (36, 5), (6, 16), (16, 6), (6, 28), (28, 6), (7, 11), (11, 7), (8, 25), (25, 8), (8, 28), (28, 8), (9, 23), (23, 9), (9, 24), (24, 9), (9, 26), (26, 9), (9, 30), (30, 9), (9, 34), (34, 9), (10, 18), (18, 10), (10, 27), (27, 10), (11, 36), (36, 11), (12, 28), (28, 12), (13, 19), (19, 13), (13, 22), (22, 13), (14, 31), (31, 14), (14, 37), (37, 14), (14, 39), (39, 14), (15, 21), (21, 15), (15, 26), (26, 15), (16, 19), (19, 16), (16, 34), (34, 16), (18, 26), (26, 18), (18, 28), (28, 18), (19, 22), (22, 19), (20, 31), (31, 20), (21, 23), (23, 21), (21, 29), (29, 21), (21, 33), (33, 21), (22, 27), (27, 22), (22, 36), (36, 22), (23, 33), (33, 23), (23, 35), (35, 23), (25, 29), (29, 25), (26, 29), (29, 26), (28, 40), (40, 28), (29, 33), (33, 29), (30, 40), (40, 30)]
Z_dad = [9, 22, 28]
Y_dad = [4, 23, 40]
X_dad = [13, 20, 29]
Z_da-ad = [4, 11, 14]
Y_da-ad = [28, 31, 32]
X_da-ad = [8, 23, 26]
