no              #fail
49.803          #totTm
40.187          #lastADTm
8               #itDAD
1.000           #avItADGoal
178             #itADOpt
18              #opt
15              #optDA-AD
2.602           #tmDA
16.7            #relGain

V = [1, 2, 3, 4, 5, 6, 7, 8, 9, 10, 11, 12, 13, 14, 15, 16, 17, 18, 19, 20, 21, 22, 23, 24, 25, 26, 27, 28, 29, 30, 31, 32, 33, 34, 35, 36, 37, 38, 39, 40]
A = [(1, 9), (9, 1), (1, 32), (32, 1), (2, 9), (9, 2), (2, 13), (13, 2), (2, 15), (15, 2), (2, 20), (20, 2), (3, 23), (23, 3), (3, 31), (31, 3), (3, 33), (33, 3), (4, 40), (40, 4), (6, 30), (30, 6), (6, 32), (32, 6), (7, 31), (31, 7), (8, 9), (9, 8), (8, 38), (38, 8), (8, 39), (39, 8), (9, 25), (25, 9), (10, 21), (21, 10), (10, 23), (23, 10), (11, 28), (28, 11), (12, 20), (20, 12), (12, 32), (32, 12), (13, 27), (27, 13), (13, 28), (28, 13), (13, 35), (35, 13), (14, 15), (15, 14), (14, 23), (23, 14), (14, 28), (28, 14), (15, 16), (16, 15), (17, 40), (40, 17), (18, 19), (19, 18), (18, 23), (23, 18), (18, 26), (26, 18), (19, 20), (20, 19), (19, 33), (33, 19), (21, 33), (33, 21), (21, 38), (38, 21), (22, 29), (29, 22), (22, 37), (37, 22), (22, 40), (40, 22), (23, 38), (38, 23), (25, 27), (27, 25), (25, 39), (39, 25), (26, 28), (28, 26), (27, 30), (30, 27), (27, 31), (31, 27), (27, 40), (40, 27), (28, 30), (30, 28), (28, 31), (31, 28), (30, 36), (36, 30), (30, 39), (39, 30), (31, 37), (37, 31), (31, 38), (38, 31), (33, 37), (37, 33)]
Z_dad = [23, 27, 28]
Y_dad = [2, 22, 38]
X_dad = [8, 9, 20]
Z_da-ad = [30, 37, 40]
Y_da-ad = [9, 17, 29]
X_da-ad = [1, 2, 19]
