no              #fail
290.869         #totTm
20.075          #lastADTm
22              #itDAD
4.476           #avItADGoal
105             #itADOpt
16              #opt
14              #optDA-AD
5.409           #tmDA
12.5            #relGain

V = [1, 2, 3, 4, 5, 6, 7, 8, 9, 10, 11, 12, 13, 14, 15, 16, 17, 18, 19, 20, 21, 22, 23, 24, 25, 26, 27, 28, 29, 30, 31, 32, 33, 34, 35, 36, 37, 38, 39, 40]
A = [(1, 2), (2, 1), (1, 17), (17, 1), (1, 21), (21, 1), (1, 30), (30, 1), (1, 36), (36, 1), (2, 12), (12, 2), (2, 21), (21, 2), (2, 29), (29, 2), (3, 16), (16, 3), (3, 29), (29, 3), (3, 40), (40, 3), (4, 14), (14, 4), (4, 28), (28, 4), (4, 39), (39, 4), (5, 23), (23, 5), (5, 33), (33, 5), (6, 35), (35, 6), (7, 28), (28, 7), (8, 28), (28, 8), (9, 12), (12, 9), (9, 13), (13, 9), (9, 37), (37, 9), (9, 38), (38, 9), (9, 39), (39, 9), (10, 39), (39, 10), (11, 13), (13, 11), (11, 38), (38, 11), (12, 32), (32, 12), (13, 17), (17, 13), (13, 34), (34, 13), (14, 19), (19, 14), (14, 20), (20, 14), (15, 31), (31, 15), (16, 20), (20, 16), (16, 25), (25, 16), (16, 32), (32, 16), (16, 35), (35, 16), (17, 31), (31, 17), (17, 37), (37, 17), (18, 25), (25, 18), (18, 37), (37, 18), (19, 27), (27, 19), (19, 30), (30, 19), (21, 24), (24, 21), (23, 26), (26, 23), (23, 29), (29, 23), (24, 33), (33, 24), (25, 39), (39, 25), (28, 39), (39, 28), (30, 33), (33, 30), (32, 37), (37, 32), (33, 34), (34, 33), (35, 36), (36, 35), (35, 38), (38, 35)]
Z_dad = [17, 33, 39]
Y_dad = [14, 16, 31]
X_dad = [2, 3, 4]
Z_da-ad = [3, 19, 28]
Y_da-ad = [5, 20, 40]
X_da-ad = [17, 23, 35]
