no              #fail
180.976         #totTm
176.028         #lastADTm
8               #itDAD
1.143           #avItADGoal
495             #itADOpt
22              #opt
17              #optDA-AD
4.509           #tmDA
22.7            #relGain

V = [1, 2, 3, 4, 5, 6, 7, 8, 9, 10, 11, 12, 13, 14, 15, 16, 17, 18, 19, 20, 21, 22, 23, 24, 25, 26, 27, 28, 29, 30, 31, 32, 33, 34, 35, 36, 37, 38, 39, 40]
A = [(1, 24), (24, 1), (1, 35), (35, 1), (2, 12), (12, 2), (2, 18), (18, 2), (2, 29), (29, 2), (3, 11), (11, 3), (3, 30), (30, 3), (6, 20), (20, 6), (6, 29), (29, 6), (7, 30), (30, 7), (7, 36), (36, 7), (8, 9), (9, 8), (8, 13), (13, 8), (8, 18), (18, 8), (8, 34), (34, 8), (10, 33), (33, 10), (12, 18), (18, 12), (12, 32), (32, 12), (12, 33), (33, 12), (12, 38), (38, 12), (13, 14), (14, 13), (13, 18), (18, 13), (13, 20), (20, 13), (13, 31), (31, 13), (13, 33), (33, 13), (13, 36), (36, 13), (14, 18), (18, 14), (14, 27), (27, 14), (14, 36), (36, 14), (14, 40), (40, 14), (15, 17), (17, 15), (15, 19), (19, 15), (15, 28), (28, 15), (16, 18), (18, 16), (16, 29), (29, 16), (16, 32), (32, 16), (16, 36), (36, 16), (17, 22), (22, 17), (18, 29), (29, 18), (19, 27), (27, 19), (19, 37), (37, 19), (20, 36), (36, 20), (22, 36), (36, 22), (22, 37), (37, 22), (22, 40), (40, 22), (23, 39), (39, 23), (25, 27), (27, 25), (27, 28), (28, 27), (27, 32), (32, 27), (28, 32), (32, 28), (29, 39), (39, 29), (30, 36), (36, 30), (30, 40), (40, 30), (37, 38), (38, 37)]
Z_dad = [12, 13, 29]
Y_dad = [8, 19, 36]
X_dad = [18, 27, 30]
Z_da-ad = [8, 29, 30]
Y_da-ad = [11, 13, 24]
X_da-ad = [1, 20, 36]
