no              #fail
172.745         #totTm
165.832         #lastADTm
8               #itDAD
1.714           #avItADGoal
423             #itADOpt
21              #opt
19              #optDA-AD
2.784           #tmDA
9.5             #relGain

V = [1, 2, 3, 4, 5, 6, 7, 8, 9, 10, 11, 12, 13, 14, 15, 16, 17, 18, 19, 20, 21, 22, 23, 24, 25, 26, 27, 28, 29, 30, 31, 32, 33, 34, 35, 36, 37, 38, 39, 40]
A = [(1, 20), (20, 1), (1, 30), (30, 1), (2, 11), (11, 2), (2, 22), (22, 2), (3, 28), (28, 3), (4, 18), (18, 4), (4, 19), (19, 4), (4, 32), (32, 4), (5, 6), (6, 5), (5, 37), (37, 5), (6, 32), (32, 6), (7, 18), (18, 7), (7, 27), (27, 7), (7, 34), (34, 7), (8, 16), (16, 8), (8, 18), (18, 8), (10, 26), (26, 10), (10, 40), (40, 10), (11, 15), (15, 11), (11, 19), (19, 11), (11, 20), (20, 11), (11, 35), (35, 11), (11, 36), (36, 11), (12, 14), (14, 12), (13, 39), (39, 13), (14, 20), (20, 14), (14, 21), (21, 14), (14, 26), (26, 14), (14, 28), (28, 14), (14, 38), (38, 14), (16, 27), (27, 16), (16, 38), (38, 16), (16, 40), (40, 16), (17, 24), (24, 17), (18, 20), (20, 18), (18, 22), (22, 18), (18, 23), (23, 18), (19, 20), (20, 19), (19, 30), (30, 19), (19, 32), (32, 19), (20, 24), (24, 20), (20, 28), (28, 20), (21, 23), (23, 21), (21, 32), (32, 21), (21, 35), (35, 21), (21, 37), (37, 21), (22, 28), (28, 22), (22, 33), (33, 22), (22, 35), (35, 22), (24, 38), (38, 24), (26, 40), (40, 26), (27, 33), (33, 27), (28, 34), (34, 28), (33, 35), (35, 33)]
Z_dad = [14, 16, 20]
Y_dad = [22, 32, 38]
X_dad = [11, 19, 24]
Z_da-ad = [11, 14, 40]
Y_da-ad = [5, 13, 24]
X_da-ad = [18, 20, 32]
