no              #fail
70.127          #totTm
54.831          #lastADTm
12              #itDAD
1.727           #avItADGoal
210             #itADOpt
19              #opt
15              #optDA-AD
5.185           #tmDA
21.1            #relGain

V = [1, 2, 3, 4, 5, 6, 7, 8, 9, 10, 11, 12, 13, 14, 15, 16, 17, 18, 19, 20, 21, 22, 23, 24, 25, 26, 27, 28, 29, 30, 31, 32, 33, 34, 35, 36, 37, 38, 39, 40]
A = [(1, 8), (8, 1), (1, 19), (19, 1), (1, 20), (20, 1), (1, 24), (24, 1), (1, 25), (25, 1), (1, 34), (34, 1), (1, 40), (40, 1), (3, 14), (14, 3), (3, 21), (21, 3), (3, 22), (22, 3), (3, 28), (28, 3), (3, 31), (31, 3), (3, 40), (40, 3), (4, 39), (39, 4), (5, 17), (17, 5), (5, 21), (21, 5), (5, 30), (30, 5), (5, 38), (38, 5), (6, 10), (10, 6), (6, 15), (15, 6), (6, 33), (33, 6), (6, 37), (37, 6), (8, 10), (10, 8), (8, 22), (22, 8), (8, 30), (30, 8), (9, 20), (20, 9), (9, 28), (28, 9), (10, 25), (25, 10), (10, 31), (31, 10), (11, 31), (31, 11), (12, 23), (23, 12), (12, 25), (25, 12), (13, 14), (14, 13), (13, 21), (21, 13), (13, 24), (24, 13), (14, 24), (24, 14), (14, 26), (26, 14), (15, 28), (28, 15), (15, 30), (30, 15), (15, 35), (35, 15), (16, 27), (27, 16), (16, 35), (35, 16), (18, 20), (20, 18), (18, 30), (30, 18), (20, 24), (24, 20), (23, 24), (24, 23), (24, 40), (40, 24), (26, 35), (35, 26), (27, 29), (29, 27), (28, 38), (38, 28), (29, 38), (38, 29), (31, 40), (40, 31), (33, 34), (34, 33), (34, 35), (35, 34)]
Z_dad = [1, 24, 35]
Y_dad = [3, 6, 29]
X_dad = [10, 28, 30]
Z_da-ad = [6, 31, 34]
Y_da-ad = [12, 27, 39]
X_da-ad = [1, 3, 5]
