no              #fail
1.589           #totTm
0.759           #lastADTm
4               #itDAD
1.000           #avItADGoal
13              #itADOpt
74              #opt
74              #optDA-AD
0.446           #tmDA
0.0             #relGain

V = [1, 2, 3, 4, 5, 6, 7, 8, 9, 10, 11, 12, 13, 14, 15, 16, 17, 18, 19, 20, 21, 22, 23, 24, 25, 26, 27, 28, 29, 30, 31, 32, 33, 34, 35, 36, 37, 38, 39, 40, 41, 42, 43, 44, 45, 46, 47, 48, 49, 50, 51, 52, 53, 54, 55, 56, 57, 58, 59, 60, 61, 62, 63, 64, 65, 66, 67, 68, 69, 70, 71, 72, 73, 74, 75, 76, 77, 78, 79, 80, 81, 82, 83, 84, 85, 86, 87, 88, 89, 90, 91, 92, 93, 94, 95, 96, 97, 98, 99, 100]
A = [(2, 1), (1, 2), (3, 1), (1, 3), (4, 2), (2, 4), (5, 3), (3, 5), (6, 3), (3, 6), (7, 3), (3, 7), (8, 4), (4, 8), (9, 2), (2, 9), (10, 8), (8, 10), (11, 2), (2, 11), (12, 1), (1, 12), (13, 7), (7, 13), (14, 6), (6, 14), (15, 9), (9, 15), (16, 10), (10, 16), (17, 2), (2, 17), (18, 1), (1, 18), (19, 9), (9, 19), (20, 14), (14, 20), (21, 15), (15, 21), (22, 8), (8, 22), (23, 11), (11, 23), (24, 3), (3, 24), (25, 9), (9, 25), (26, 13), (13, 26), (27, 19), (19, 27), (28, 4), (4, 28), (29, 7), (7, 29), (30, 6), (6, 30), (31, 1), (1, 31), (32, 6), (6, 32), (33, 18), (18, 33), (34, 14), (14, 34), (35, 18), (18, 35), (36, 32), (32, 36), (37, 9), (9, 37), (38, 14), (14, 38), (39, 32), (32, 39), (40, 32), (32, 40), (41, 9), (9, 41), (42, 39), (39, 42), (43, 1), (1, 43), (44, 30), (30, 44), (45, 41), (41, 45), (46, 13), (13, 46), (47, 11), (11, 47), (48, 22), (22, 48), (49, 15), (15, 49), (50, 13), (13, 50), (51, 35), (35, 51), (52, 37), (37, 52), (53, 1), (1, 53), (54, 29), (29, 54), (55, 9), (9, 55), (56, 51), (51, 56), (57, 26), (26, 57), (58, 6), (6, 58), (59, 25), (25, 59), (60, 21), (21, 60), (61, 32), (32, 61), (62, 23), (23, 62), (63, 51), (51, 63), (64, 41), (41, 64), (65, 7), (7, 65), (66, 58), (58, 66), (67, 44), (44, 67), (68, 58), (58, 68), (69, 38), (38, 69), (70, 69), (69, 70), (71, 7), (7, 71), (72, 1), (1, 72), (73, 7), (7, 73), (74, 5), (5, 74), (75, 36), (36, 75), (76, 22), (22, 76), (77, 41), (41, 77), (78, 63), (63, 78), (79, 23), (23, 79), (80, 44), (44, 80), (81, 21), (21, 81), (82, 53), (53, 82), (83, 49), (49, 83), (84, 20), (20, 84), (85, 63), (63, 85), (86, 55), (55, 86), (87, 29), (29, 87), (88, 35), (35, 88), (89, 44), (44, 89), (90, 49), (49, 90), (91, 48), (48, 91), (92, 27), (27, 92), (93, 62), (62, 93), (94, 25), (25, 94), (95, 80), (80, 95), (96, 8), (8, 96), (97, 77), (77, 97), (98, 42), (42, 98), (99, 14), (14, 99), (100, 7), (7, 100)]
Z_dad = [1]
Y_dad = [6]
X_dad = [3]
Z_da-ad = [1]
Y_da-ad = [6]
X_da-ad = [3]
