no              #fail
1.743           #totTm
1.233           #lastADTm
3               #itDAD
1.000           #avItADGoal
17              #itADOpt
85              #opt
85              #optDA-AD
0.579           #tmDA
0.0             #relGain

V = [1, 2, 3, 4, 5, 6, 7, 8, 9, 10, 11, 12, 13, 14, 15, 16, 17, 18, 19, 20, 21, 22, 23, 24, 25, 26, 27, 28, 29, 30, 31, 32, 33, 34, 35, 36, 37, 38, 39, 40, 41, 42, 43, 44, 45, 46, 47, 48, 49, 50, 51, 52, 53, 54, 55, 56, 57, 58, 59, 60, 61, 62, 63, 64, 65, 66, 67, 68, 69, 70, 71, 72, 73, 74, 75, 76, 77, 78, 79, 80, 81, 82, 83, 84, 85, 86, 87, 88, 89, 90, 91, 92, 93, 94, 95, 96, 97, 98, 99, 100]
A = [(2, 1), (1, 2), (3, 1), (1, 3), (4, 3), (3, 4), (5, 1), (1, 5), (6, 1), (1, 6), (7, 5), (5, 7), (8, 1), (1, 8), (9, 7), (7, 9), (10, 2), (2, 10), (11, 3), (3, 11), (12, 9), (9, 12), (13, 11), (11, 13), (14, 9), (9, 14), (15, 2), (2, 15), (16, 7), (7, 16), (17, 1), (1, 17), (18, 15), (15, 18), (19, 17), (17, 19), (20, 3), (3, 20), (21, 1), (1, 21), (22, 21), (21, 22), (23, 16), (16, 23), (24, 1), (1, 24), (25, 18), (18, 25), (26, 14), (14, 26), (27, 26), (26, 27), (28, 11), (11, 28), (29, 22), (22, 29), (30, 15), (15, 30), (31, 2), (2, 31), (32, 28), (28, 32), (33, 23), (23, 33), (34, 30), (30, 34), (35, 16), (16, 35), (36, 32), (32, 36), (37, 11), (11, 37), (38, 28), (28, 38), (39, 22), (22, 39), (40, 33), (33, 40), (41, 12), (12, 41), (42, 37), (37, 42), (43, 42), (42, 43), (44, 16), (16, 44), (45, 32), (32, 45), (46, 11), (11, 46), (47, 45), (45, 47), (48, 31), (31, 48), (49, 45), (45, 49), (50, 29), (29, 50), (51, 44), (44, 51), (52, 29), (29, 52), (53, 18), (18, 53), (54, 31), (31, 54), (55, 42), (42, 55), (56, 4), (4, 56), (57, 48), (48, 57), (58, 30), (30, 58), (59, 1), (1, 59), (60, 48), (48, 60), (61, 59), (59, 61), (62, 28), (28, 62), (63, 22), (22, 63), (64, 59), (59, 64), (65, 57), (57, 65), (66, 25), (25, 66), (67, 2), (2, 67), (68, 46), (46, 68), (69, 6), (6, 69), (70, 40), (40, 70), (71, 54), (54, 71), (72, 6), (6, 72), (73, 33), (33, 73), (74, 5), (5, 74), (75, 42), (42, 75), (76, 10), (10, 76), (77, 15), (15, 77), (78, 64), (64, 78), (79, 41), (41, 79), (80, 58), (58, 80), (81, 39), (39, 81), (82, 49), (49, 82), (83, 61), (61, 83), (84, 11), (11, 84), (85, 81), (81, 85), (86, 57), (57, 86), (87, 76), (76, 87), (88, 85), (85, 88), (89, 58), (58, 89), (90, 21), (21, 90), (91, 31), (31, 91), (92, 59), (59, 92), (93, 28), (28, 93), (94, 34), (34, 94), (95, 76), (76, 95), (96, 28), (28, 96), (97, 20), (20, 97), (98, 45), (45, 98), (99, 96), (96, 99), (100, 38), (38, 100)]
Z_dad = [1]
Y_dad = [11]
X_dad = [28]
Z_da-ad = [1]
Y_da-ad = [11]
X_da-ad = [28]
