no              #fail
1.713           #totTm
0.789           #lastADTm
4               #itDAD
1.000           #avItADGoal
12              #itADOpt
71              #opt
71              #optDA-AD
0.518           #tmDA
0.0             #relGain

V = [1, 2, 3, 4, 5, 6, 7, 8, 9, 10, 11, 12, 13, 14, 15, 16, 17, 18, 19, 20, 21, 22, 23, 24, 25, 26, 27, 28, 29, 30, 31, 32, 33, 34, 35, 36, 37, 38, 39, 40, 41, 42, 43, 44, 45, 46, 47, 48, 49, 50, 51, 52, 53, 54, 55, 56, 57, 58, 59, 60, 61, 62, 63, 64, 65, 66, 67, 68, 69, 70, 71, 72, 73, 74, 75, 76, 77, 78, 79, 80, 81, 82, 83, 84, 85, 86, 87, 88, 89, 90, 91, 92, 93, 94, 95, 96, 97, 98, 99, 100]
A = [(2, 1), (1, 2), (3, 2), (2, 3), (4, 3), (3, 4), (5, 2), (2, 5), (6, 3), (3, 6), (7, 1), (1, 7), (8, 6), (6, 8), (9, 8), (8, 9), (10, 2), (2, 10), (11, 5), (5, 11), (12, 2), (2, 12), (13, 5), (5, 13), (14, 12), (12, 14), (15, 14), (14, 15), (16, 11), (11, 16), (17, 3), (3, 17), (18, 17), (17, 18), (19, 6), (6, 19), (20, 16), (16, 20), (21, 6), (6, 21), (22, 5), (5, 22), (23, 6), (6, 23), (24, 21), (21, 24), (25, 3), (3, 25), (26, 12), (12, 26), (27, 22), (22, 27), (28, 23), (23, 28), (29, 6), (6, 29), (30, 19), (19, 30), (31, 28), (28, 31), (32, 28), (28, 32), (33, 10), (10, 33), (34, 10), (10, 34), (35, 21), (21, 35), (36, 17), (17, 36), (37, 13), (13, 37), (38, 24), (24, 38), (39, 14), (14, 39), (40, 17), (17, 40), (41, 16), (16, 41), (42, 31), (31, 42), (43, 20), (20, 43), (44, 20), (20, 44), (45, 23), (23, 45), (46, 8), (8, 46), (47, 39), (39, 47), (48, 24), (24, 48), (49, 1), (1, 49), (50, 14), (14, 50), (51, 6), (6, 51), (52, 34), (34, 52), (53, 43), (43, 53), (54, 29), (29, 54), (55, 38), (38, 55), (56, 45), (45, 56), (57, 15), (15, 57), (58, 9), (9, 58), (59, 41), (41, 59), (60, 4), (4, 60), (61, 42), (42, 61), (62, 32), (32, 62), (63, 39), (39, 63), (64, 48), (48, 64), (65, 51), (51, 65), (66, 7), (7, 66), (67, 65), (65, 67), (68, 6), (6, 68), (69, 20), (20, 69), (70, 49), (49, 70), (71, 49), (49, 71), (72, 29), (29, 72), (73, 11), (11, 73), (74, 41), (41, 74), (75, 54), (54, 75), (76, 49), (49, 76), (77, 21), (21, 77), (78, 65), (65, 78), (79, 13), (13, 79), (80, 3), (3, 80), (81, 79), (79, 81), (82, 36), (36, 82), (83, 30), (30, 83), (84, 31), (31, 84), (85, 24), (24, 85), (86, 27), (27, 86), (87, 52), (52, 87), (88, 39), (39, 88), (89, 14), (14, 89), (90, 41), (41, 90), (91, 67), (67, 91), (92, 56), (56, 92), (93, 58), (58, 93), (94, 90), (90, 94), (95, 18), (18, 95), (96, 29), (29, 96), (97, 25), (25, 97), (98, 57), (57, 98), (99, 33), (33, 99), (100, 1), (1, 100)]
Z_dad = [3]
Y_dad = [6]
X_dad = [23]
Z_da-ad = [3]
Y_da-ad = [6]
X_da-ad = [23]
