no              #fail
2.006           #totTm
1.429           #lastADTm
3               #itDAD
1.000           #avItADGoal
19              #itADOpt
82              #opt
82              #optDA-AD
0.579           #tmDA
0.0             #relGain

V = [1, 2, 3, 4, 5, 6, 7, 8, 9, 10, 11, 12, 13, 14, 15, 16, 17, 18, 19, 20, 21, 22, 23, 24, 25, 26, 27, 28, 29, 30, 31, 32, 33, 34, 35, 36, 37, 38, 39, 40, 41, 42, 43, 44, 45, 46, 47, 48, 49, 50, 51, 52, 53, 54, 55, 56, 57, 58, 59, 60, 61, 62, 63, 64, 65, 66, 67, 68, 69, 70, 71, 72, 73, 74, 75, 76, 77, 78, 79, 80, 81, 82, 83, 84, 85, 86, 87, 88, 89, 90, 91, 92, 93, 94, 95, 96, 97, 98, 99, 100]
A = [(2, 1), (1, 2), (3, 2), (2, 3), (4, 1), (1, 4), (5, 1), (1, 5), (6, 4), (4, 6), (7, 1), (1, 7), (8, 2), (2, 8), (9, 1), (1, 9), (10, 4), (4, 10), (11, 5), (5, 11), (12, 8), (8, 12), (13, 10), (10, 13), (14, 7), (7, 14), (15, 8), (8, 15), (16, 11), (11, 16), (17, 5), (5, 17), (18, 1), (1, 18), (19, 13), (13, 19), (20, 12), (12, 20), (21, 11), (11, 21), (22, 9), (9, 22), (23, 4), (4, 23), (24, 18), (18, 24), (25, 10), (10, 25), (26, 18), (18, 26), (27, 2), (2, 27), (28, 4), (4, 28), (29, 22), (22, 29), (30, 18), (18, 30), (31, 7), (7, 31), (32, 1), (1, 32), (33, 23), (23, 33), (34, 24), (24, 34), (35, 26), (26, 35), (36, 13), (13, 36), (37, 23), (23, 37), (38, 36), (36, 38), (39, 21), (21, 39), (40, 34), (34, 40), (41, 37), (37, 41), (42, 37), (37, 42), (43, 13), (13, 43), (44, 15), (15, 44), (45, 43), (43, 45), (46, 27), (27, 46), (47, 9), (9, 47), (48, 40), (40, 48), (49, 6), (6, 49), (50, 21), (21, 50), (51, 32), (32, 51), (52, 6), (6, 52), (53, 1), (1, 53), (54, 28), (28, 54), (55, 13), (13, 55), (56, 46), (46, 56), (57, 8), (8, 57), (58, 33), (33, 58), (59, 13), (13, 59), (60, 41), (41, 60), (61, 14), (14, 61), (62, 21), (21, 62), (63, 45), (45, 63), (64, 53), (53, 64), (65, 47), (47, 65), (66, 24), (24, 66), (67, 57), (57, 67), (68, 47), (47, 68), (69, 61), (61, 69), (70, 57), (57, 70), (71, 66), (66, 71), (72, 15), (15, 72), (73, 53), (53, 73), (74, 25), (25, 74), (75, 3), (3, 75), (76, 29), (29, 76), (77, 47), (47, 77), (78, 67), (67, 78), (79, 62), (62, 79), (80, 44), (44, 80), (81, 13), (13, 81), (82, 73), (73, 82), (83, 8), (8, 83), (84, 1), (1, 84), (85, 58), (58, 85), (86, 4), (4, 86), (87, 37), (37, 87), (88, 2), (2, 88), (89, 72), (72, 89), (90, 4), (4, 90), (91, 20), (20, 91), (92, 84), (84, 92), (93, 32), (32, 93), (94, 72), (72, 94), (95, 66), (66, 95), (96, 22), (22, 96), (97, 35), (35, 97), (98, 94), (94, 98), (99, 98), (98, 99), (100, 37), (37, 100)]
Z_dad = [1]
Y_dad = [4]
X_dad = [10]
Z_da-ad = [1]
Y_da-ad = [4]
X_da-ad = [10]
