no              #fail
1.447           #totTm
0.826           #lastADTm
3               #itDAD
1.000           #avItADGoal
12              #itADOpt
75              #opt
71              #optDA-AD
0.402           #tmDA
5.3             #relGain

V = [1, 2, 3, 4, 5, 6, 7, 8, 9, 10, 11, 12, 13, 14, 15, 16, 17, 18, 19, 20, 21, 22, 23, 24, 25, 26, 27, 28, 29, 30, 31, 32, 33, 34, 35, 36, 37, 38, 39, 40, 41, 42, 43, 44, 45, 46, 47, 48, 49, 50, 51, 52, 53, 54, 55, 56, 57, 58, 59, 60, 61, 62, 63, 64, 65, 66, 67, 68, 69, 70, 71, 72, 73, 74, 75, 76, 77, 78, 79, 80, 81, 82, 83, 84, 85, 86, 87, 88, 89, 90, 91, 92, 93, 94, 95, 96, 97, 98, 99, 100]
A = [(2, 1), (1, 2), (3, 2), (2, 3), (4, 3), (3, 4), (5, 4), (4, 5), (6, 4), (4, 6), (7, 4), (4, 7), (8, 1), (1, 8), (9, 3), (3, 9), (10, 1), (1, 10), (11, 7), (7, 11), (12, 11), (11, 12), (13, 12), (12, 13), (14, 13), (13, 14), (15, 3), (3, 15), (16, 12), (12, 16), (17, 4), (4, 17), (18, 12), (12, 18), (19, 15), (15, 19), (20, 10), (10, 20), (21, 13), (13, 21), (22, 7), (7, 22), (23, 21), (21, 23), (24, 19), (19, 24), (25, 1), (1, 25), (26, 10), (10, 26), (27, 24), (24, 27), (28, 20), (20, 28), (29, 27), (27, 29), (30, 13), (13, 30), (31, 28), (28, 31), (32, 8), (8, 32), (33, 19), (19, 33), (34, 25), (25, 34), (35, 13), (13, 35), (36, 1), (1, 36), (37, 35), (35, 37), (38, 37), (37, 38), (39, 14), (14, 39), (40, 13), (13, 40), (41, 29), (29, 41), (42, 39), (39, 42), (43, 11), (11, 43), (44, 3), (3, 44), (45, 35), (35, 45), (46, 14), (14, 46), (47, 7), (7, 47), (48, 43), (43, 48), (49, 30), (30, 49), (50, 3), (3, 50), (51, 27), (27, 51), (52, 16), (16, 52), (53, 12), (12, 53), (54, 13), (13, 54), (55, 9), (9, 55), (56, 19), (19, 56), (57, 18), (18, 57), (58, 42), (42, 58), (59, 10), (10, 59), (60, 47), (47, 60), (61, 29), (29, 61), (62, 13), (13, 62), (63, 15), (15, 63), (64, 58), (58, 64), (65, 19), (19, 65), (66, 40), (40, 66), (67, 48), (48, 67), (68, 41), (41, 68), (69, 25), (25, 69), (70, 9), (9, 70), (71, 1), (1, 71), (72, 50), (50, 72), (73, 2), (2, 73), (74, 49), (49, 74), (75, 11), (11, 75), (76, 62), (62, 76), (77, 56), (56, 77), (78, 12), (12, 78), (79, 40), (40, 79), (80, 41), (41, 80), (81, 33), (33, 81), (82, 19), (19, 82), (83, 72), (72, 83), (84, 82), (82, 84), (85, 62), (62, 85), (86, 72), (72, 86), (87, 34), (34, 87), (88, 16), (16, 88), (89, 42), (42, 89), (90, 17), (17, 90), (91, 72), (72, 91), (92, 60), (60, 92), (93, 57), (57, 93), (94, 34), (34, 94), (95, 80), (80, 95), (96, 23), (23, 96), (97, 80), (80, 97), (98, 51), (51, 98), (99, 5), (5, 99), (100, 73), (73, 100)]
Z_dad = [3]
Y_dad = [13]
X_dad = [12]
Z_da-ad = [4]
Y_da-ad = [3]
X_da-ad = [15]
