no              #fail
2.212           #totTm
0.712           #lastADTm
5               #itDAD
1.000           #avItADGoal
7               #itADOpt
77              #opt
77              #optDA-AD
0.331           #tmDA
0.0             #relGain

V = [1, 2, 3, 4, 5, 6, 7, 8, 9, 10, 11, 12, 13, 14, 15, 16, 17, 18, 19, 20, 21, 22, 23, 24, 25, 26, 27, 28, 29, 30, 31, 32, 33, 34, 35, 36, 37, 38, 39, 40, 41, 42, 43, 44, 45, 46, 47, 48, 49, 50, 51, 52, 53, 54, 55, 56, 57, 58, 59, 60, 61, 62, 63, 64, 65, 66, 67, 68, 69, 70, 71, 72, 73, 74, 75, 76, 77, 78, 79, 80, 81, 82, 83, 84, 85, 86, 87, 88, 89, 90, 91, 92, 93, 94, 95, 96, 97, 98, 99, 100]
A = [(2, 1), (1, 2), (3, 1), (1, 3), (4, 3), (3, 4), (5, 3), (3, 5), (6, 5), (5, 6), (7, 6), (6, 7), (8, 5), (5, 8), (9, 1), (1, 9), (10, 6), (6, 10), (11, 8), (8, 11), (12, 3), (3, 12), (13, 7), (7, 13), (14, 9), (9, 14), (15, 4), (4, 15), (16, 8), (8, 16), (17, 9), (9, 17), (18, 11), (11, 18), (19, 13), (13, 19), (20, 16), (16, 20), (21, 18), (18, 21), (22, 20), (20, 22), (23, 6), (6, 23), (24, 9), (9, 24), (25, 21), (21, 25), (26, 8), (8, 26), (27, 15), (15, 27), (28, 6), (6, 28), (29, 4), (4, 29), (30, 16), (16, 30), (31, 22), (22, 31), (32, 6), (6, 32), (33, 11), (11, 33), (34, 22), (22, 34), (35, 27), (27, 35), (36, 15), (15, 36), (37, 27), (27, 37), (38, 13), (13, 38), (39, 12), (12, 39), (40, 30), (30, 40), (41, 32), (32, 41), (42, 22), (22, 42), (43, 6), (6, 43), (44, 35), (35, 44), (45, 4), (4, 45), (46, 28), (28, 46), (47, 1), (1, 47), (48, 8), (8, 48), (49, 36), (36, 49), (50, 33), (33, 50), (51, 33), (33, 51), (52, 49), (49, 52), (53, 4), (4, 53), (54, 8), (8, 54), (55, 25), (25, 55), (56, 47), (47, 56), (57, 21), (21, 57), (58, 48), (48, 58), (59, 26), (26, 59), (60, 24), (24, 60), (61, 4), (4, 61), (62, 53), (53, 62), (63, 18), (18, 63), (64, 58), (58, 64), (65, 63), (63, 65), (66, 38), (38, 66), (67, 3), (3, 67), (68, 40), (40, 68), (69, 8), (8, 69), (70, 66), (66, 70), (71, 27), (27, 71), (72, 39), (39, 72), (73, 3), (3, 73), (74, 68), (68, 74), (75, 35), (35, 75), (76, 12), (12, 76), (77, 67), (67, 77), (78, 4), (4, 78), (79, 9), (9, 79), (80, 55), (55, 80), (81, 21), (21, 81), (82, 63), (63, 82), (83, 40), (40, 83), (84, 59), (59, 84), (85, 18), (18, 85), (86, 78), (78, 86), (87, 29), (29, 87), (88, 38), (38, 88), (89, 4), (4, 89), (90, 18), (18, 90), (91, 67), (67, 91), (92, 38), (38, 92), (93, 62), (62, 93), (94, 49), (49, 94), (95, 60), (60, 95), (96, 24), (24, 96), (97, 11), (11, 97), (98, 86), (86, 98), (99, 56), (56, 99), (100, 72), (72, 100)]
Z_dad = [5]
Y_dad = [4]
X_dad = [3]
Z_da-ad = [5]
Y_da-ad = [4]
X_da-ad = [3]
