no              #fail
1.613           #totTm
0.684           #lastADTm
4               #itDAD
1.000           #avItADGoal
9               #itADOpt
69              #opt
69              #optDA-AD
0.365           #tmDA
0.0             #relGain

V = [1, 2, 3, 4, 5, 6, 7, 8, 9, 10, 11, 12, 13, 14, 15, 16, 17, 18, 19, 20, 21, 22, 23, 24, 25, 26, 27, 28, 29, 30, 31, 32, 33, 34, 35, 36, 37, 38, 39, 40, 41, 42, 43, 44, 45, 46, 47, 48, 49, 50, 51, 52, 53, 54, 55, 56, 57, 58, 59, 60, 61, 62, 63, 64, 65, 66, 67, 68, 69, 70, 71, 72, 73, 74, 75, 76, 77, 78, 79, 80, 81, 82, 83, 84, 85, 86, 87, 88, 89, 90, 91, 92, 93, 94, 95, 96, 97, 98, 99, 100]
A = [(2, 1), (1, 2), (3, 1), (1, 3), (4, 2), (2, 4), (5, 4), (4, 5), (6, 3), (3, 6), (7, 1), (1, 7), (8, 2), (2, 8), (9, 3), (3, 9), (10, 4), (4, 10), (11, 8), (8, 11), (12, 5), (5, 12), (13, 3), (3, 13), (14, 2), (2, 14), (15, 1), (1, 15), (16, 1), (1, 16), (17, 15), (15, 17), (18, 10), (10, 18), (19, 16), (16, 19), (20, 10), (10, 20), (21, 4), (4, 21), (22, 19), (19, 22), (23, 21), (21, 23), (24, 12), (12, 24), (25, 4), (4, 25), (26, 9), (9, 26), (27, 17), (17, 27), (28, 1), (1, 28), (29, 14), (14, 29), (30, 10), (10, 30), (31, 30), (30, 31), (32, 19), (19, 32), (33, 8), (8, 33), (34, 10), (10, 34), (35, 5), (5, 35), (36, 13), (13, 36), (37, 25), (25, 37), (38, 31), (31, 38), (39, 9), (9, 39), (40, 1), (1, 40), (41, 30), (30, 41), (42, 14), (14, 42), (43, 33), (33, 43), (44, 21), (21, 44), (45, 32), (32, 45), (46, 11), (11, 46), (47, 17), (17, 47), (48, 7), (7, 48), (49, 17), (17, 49), (50, 26), (26, 50), (51, 10), (10, 51), (52, 41), (41, 52), (53, 3), (3, 53), (54, 46), (46, 54), (55, 22), (22, 55), (56, 44), (44, 56), (57, 50), (50, 57), (58, 27), (27, 58), (59, 51), (51, 59), (60, 55), (55, 60), (61, 14), (14, 61), (62, 19), (19, 62), (63, 7), (7, 63), (64, 16), (16, 64), (65, 18), (18, 65), (66, 49), (49, 66), (67, 61), (61, 67), (68, 32), (32, 68), (69, 17), (17, 69), (70, 46), (46, 70), (71, 34), (34, 71), (72, 60), (60, 72), (73, 15), (15, 73), (74, 55), (55, 74), (75, 8), (8, 75), (76, 25), (25, 76), (77, 62), (62, 77), (78, 21), (21, 78), (79, 11), (11, 79), (80, 3), (3, 80), (81, 45), (45, 81), (82, 24), (24, 82), (83, 80), (80, 83), (84, 36), (36, 84), (85, 76), (76, 85), (86, 10), (10, 86), (87, 49), (49, 87), (88, 48), (48, 88), (89, 23), (23, 89), (90, 55), (55, 90), (91, 77), (77, 91), (92, 30), (30, 92), (93, 68), (68, 93), (94, 43), (43, 94), (95, 21), (21, 95), (96, 40), (40, 96), (97, 91), (91, 97), (98, 95), (95, 98), (99, 68), (68, 99), (100, 20), (20, 100)]
Z_dad = [2]
Y_dad = [1]
X_dad = [16]
Z_da-ad = [2]
Y_da-ad = [1]
X_da-ad = [16]
