no              #fail
1.781           #totTm
1.170           #lastADTm
3               #itDAD
1.000           #avItADGoal
18              #itADOpt
78              #opt
78              #optDA-AD
0.499           #tmDA
0.0             #relGain

V = [1, 2, 3, 4, 5, 6, 7, 8, 9, 10, 11, 12, 13, 14, 15, 16, 17, 18, 19, 20, 21, 22, 23, 24, 25, 26, 27, 28, 29, 30, 31, 32, 33, 34, 35, 36, 37, 38, 39, 40, 41, 42, 43, 44, 45, 46, 47, 48, 49, 50, 51, 52, 53, 54, 55, 56, 57, 58, 59, 60, 61, 62, 63, 64, 65, 66, 67, 68, 69, 70, 71, 72, 73, 74, 75, 76, 77, 78, 79, 80, 81, 82, 83, 84, 85, 86, 87, 88, 89, 90, 91, 92, 93, 94, 95, 96, 97, 98, 99, 100]
A = [(2, 1), (1, 2), (3, 1), (1, 3), (4, 2), (2, 4), (5, 1), (1, 5), (6, 1), (1, 6), (7, 3), (3, 7), (8, 1), (1, 8), (9, 2), (2, 9), (10, 9), (9, 10), (11, 7), (7, 11), (12, 2), (2, 12), (13, 10), (10, 13), (14, 7), (7, 14), (15, 10), (10, 15), (16, 13), (13, 16), (17, 5), (5, 17), (18, 3), (3, 18), (19, 8), (8, 19), (20, 1), (1, 20), (21, 2), (2, 21), (22, 17), (17, 22), (23, 14), (14, 23), (24, 9), (9, 24), (25, 1), (1, 25), (26, 6), (6, 26), (27, 26), (26, 27), (28, 17), (17, 28), (29, 28), (28, 29), (30, 16), (16, 30), (31, 4), (4, 31), (32, 3), (3, 32), (33, 25), (25, 33), (34, 15), (15, 34), (35, 4), (4, 35), (36, 23), (23, 36), (37, 21), (21, 37), (38, 1), (1, 38), (39, 36), (36, 39), (40, 9), (9, 40), (41, 32), (32, 41), (42, 12), (12, 42), (43, 17), (17, 43), (44, 37), (37, 44), (45, 31), (31, 45), (46, 12), (12, 46), (47, 44), (44, 47), (48, 3), (3, 48), (49, 29), (29, 49), (50, 48), (48, 50), (51, 1), (1, 51), (52, 1), (1, 52), (53, 47), (47, 53), (54, 46), (46, 54), (55, 49), (49, 55), (56, 14), (14, 56), (57, 9), (9, 57), (58, 27), (27, 58), (59, 57), (57, 59), (60, 40), (40, 60), (61, 10), (10, 61), (62, 36), (36, 62), (63, 11), (11, 63), (64, 25), (25, 64), (65, 14), (14, 65), (66, 18), (18, 66), (67, 4), (4, 67), (68, 47), (47, 68), (69, 20), (20, 69), (70, 62), (62, 70), (71, 32), (32, 71), (72, 9), (9, 72), (73, 25), (25, 73), (74, 69), (69, 74), (75, 8), (8, 75), (76, 63), (63, 76), (77, 47), (47, 77), (78, 15), (15, 78), (79, 62), (62, 79), (80, 54), (54, 80), (81, 61), (61, 81), (82, 18), (18, 82), (83, 3), (3, 83), (84, 42), (42, 84), (85, 37), (37, 85), (86, 55), (55, 86), (87, 15), (15, 87), (88, 21), (21, 88), (89, 5), (5, 89), (90, 59), (59, 90), (91, 28), (28, 91), (92, 7), (7, 92), (93, 20), (20, 93), (94, 63), (63, 94), (95, 61), (61, 95), (96, 68), (68, 96), (97, 10), (10, 97), (98, 86), (86, 98), (99, 70), (70, 99), (100, 64), (64, 100)]
Z_dad = [1]
Y_dad = [2]
X_dad = [9]
Z_da-ad = [1]
Y_da-ad = [2]
X_da-ad = [9]
