no              #fail
1.862           #totTm
1.290           #lastADTm
3               #itDAD
1.000           #avItADGoal
16              #itADOpt
82              #opt
82              #optDA-AD
0.471           #tmDA
0.0             #relGain

V = [1, 2, 3, 4, 5, 6, 7, 8, 9, 10, 11, 12, 13, 14, 15, 16, 17, 18, 19, 20, 21, 22, 23, 24, 25, 26, 27, 28, 29, 30, 31, 32, 33, 34, 35, 36, 37, 38, 39, 40, 41, 42, 43, 44, 45, 46, 47, 48, 49, 50, 51, 52, 53, 54, 55, 56, 57, 58, 59, 60, 61, 62, 63, 64, 65, 66, 67, 68, 69, 70, 71, 72, 73, 74, 75, 76, 77, 78, 79, 80, 81, 82, 83, 84, 85, 86, 87, 88, 89, 90, 91, 92, 93, 94, 95, 96, 97, 98, 99, 100]
A = [(2, 1), (1, 2), (3, 1), (1, 3), (4, 1), (1, 4), (5, 3), (3, 5), (6, 5), (5, 6), (7, 1), (1, 7), (8, 1), (1, 8), (9, 6), (6, 9), (10, 4), (4, 10), (11, 3), (3, 11), (12, 1), (1, 12), (13, 9), (9, 13), (14, 5), (5, 14), (15, 4), (4, 15), (16, 1), (1, 16), (17, 11), (11, 17), (18, 16), (16, 18), (19, 11), (11, 19), (20, 18), (18, 20), (21, 2), (2, 21), (22, 17), (17, 22), (23, 16), (16, 23), (24, 8), (8, 24), (25, 16), (16, 25), (26, 16), (16, 26), (27, 10), (10, 27), (28, 20), (20, 28), (29, 27), (27, 29), (30, 23), (23, 30), (31, 28), (28, 31), (32, 16), (16, 32), (33, 32), (32, 33), (34, 30), (30, 34), (35, 28), (28, 35), (36, 9), (9, 36), (37, 23), (23, 37), (38, 3), (3, 38), (39, 6), (6, 39), (40, 1), (1, 40), (41, 21), (21, 41), (42, 10), (10, 42), (43, 11), (11, 43), (44, 32), (32, 44), (45, 33), (33, 45), (46, 11), (11, 46), (47, 37), (37, 47), (48, 26), (26, 48), (49, 3), (3, 49), (50, 7), (7, 50), (51, 10), (10, 51), (52, 23), (23, 52), (53, 30), (30, 53), (54, 22), (22, 54), (55, 4), (4, 55), (56, 3), (3, 56), (57, 53), (53, 57), (58, 51), (51, 58), (59, 45), (45, 59), (60, 2), (2, 60), (61, 45), (45, 61), (62, 6), (6, 62), (63, 56), (56, 63), (64, 23), (23, 64), (65, 42), (42, 65), (66, 60), (60, 66), (67, 14), (14, 67), (68, 20), (20, 68), (69, 13), (13, 69), (70, 48), (48, 70), (71, 69), (69, 71), (72, 1), (1, 72), (73, 20), (20, 73), (74, 34), (34, 74), (75, 6), (6, 75), (76, 52), (52, 76), (77, 10), (10, 77), (78, 71), (71, 78), (79, 65), (65, 79), (80, 9), (9, 80), (81, 7), (7, 81), (82, 21), (21, 82), (83, 23), (23, 83), (84, 29), (29, 84), (85, 7), (7, 85), (86, 75), (75, 86), (87, 62), (62, 87), (88, 47), (47, 88), (89, 15), (15, 89), (90, 56), (56, 90), (91, 89), (89, 91), (92, 52), (52, 92), (93, 76), (76, 93), (94, 14), (14, 94), (95, 49), (49, 95), (96, 77), (77, 96), (97, 41), (41, 97), (98, 75), (75, 98), (99, 22), (22, 99), (100, 66), (66, 100)]
Z_dad = [1]
Y_dad = [16]
X_dad = [23]
Z_da-ad = [1]
Y_da-ad = [16]
X_da-ad = [23]
