no              #fail
2.287           #totTm
0.770           #lastADTm
5               #itDAD
1.000           #avItADGoal
8               #itADOpt
76              #opt
76              #optDA-AD
0.468           #tmDA
0.0             #relGain

V = [1, 2, 3, 4, 5, 6, 7, 8, 9, 10, 11, 12, 13, 14, 15, 16, 17, 18, 19, 20, 21, 22, 23, 24, 25, 26, 27, 28, 29, 30, 31, 32, 33, 34, 35, 36, 37, 38, 39, 40, 41, 42, 43, 44, 45, 46, 47, 48, 49, 50, 51, 52, 53, 54, 55, 56, 57, 58, 59, 60, 61, 62, 63, 64, 65, 66, 67, 68, 69, 70, 71, 72, 73, 74, 75, 76, 77, 78, 79, 80, 81, 82, 83, 84, 85, 86, 87, 88, 89, 90, 91, 92, 93, 94, 95, 96, 97, 98, 99, 100]
A = [(2, 1), (1, 2), (3, 1), (1, 3), (4, 3), (3, 4), (5, 3), (3, 5), (6, 5), (5, 6), (7, 6), (6, 7), (8, 1), (1, 8), (9, 8), (8, 9), (10, 7), (7, 10), (11, 7), (7, 11), (12, 7), (7, 12), (13, 5), (5, 13), (14, 3), (3, 14), (15, 1), (1, 15), (16, 8), (8, 16), (17, 6), (6, 17), (18, 9), (9, 18), (19, 6), (6, 19), (20, 8), (8, 20), (21, 1), (1, 21), (22, 13), (13, 22), (23, 10), (10, 23), (24, 19), (19, 24), (25, 2), (2, 25), (26, 21), (21, 26), (27, 19), (19, 27), (28, 9), (9, 28), (29, 25), (25, 29), (30, 16), (16, 30), (31, 29), (29, 31), (32, 26), (26, 32), (33, 12), (12, 33), (34, 25), (25, 34), (35, 4), (4, 35), (36, 21), (21, 36), (37, 34), (34, 37), (38, 18), (18, 38), (39, 22), (22, 39), (40, 30), (30, 40), (41, 25), (25, 41), (42, 12), (12, 42), (43, 42), (42, 43), (44, 7), (7, 44), (45, 19), (19, 45), (46, 36), (36, 46), (47, 12), (12, 47), (48, 13), (13, 48), (49, 47), (47, 49), (50, 48), (48, 50), (51, 6), (6, 51), (52, 28), (28, 52), (53, 43), (43, 53), (54, 2), (2, 54), (55, 4), (4, 55), (56, 18), (18, 56), (57, 55), (55, 57), (58, 52), (52, 58), (59, 55), (55, 59), (60, 59), (59, 60), (61, 60), (60, 61), (62, 44), (44, 62), (63, 59), (59, 63), (64, 24), (24, 64), (65, 51), (51, 65), (66, 64), (64, 66), (67, 23), (23, 67), (68, 29), (29, 68), (69, 28), (28, 69), (70, 58), (58, 70), (71, 23), (23, 71), (72, 49), (49, 72), (73, 31), (31, 73), (74, 52), (52, 74), (75, 64), (64, 75), (76, 45), (45, 76), (77, 9), (9, 77), (78, 16), (16, 78), (79, 59), (59, 79), (80, 45), (45, 80), (81, 73), (73, 81), (82, 67), (67, 82), (83, 43), (43, 83), (84, 9), (9, 84), (85, 7), (7, 85), (86, 41), (41, 86), (87, 9), (9, 87), (88, 22), (22, 88), (89, 31), (31, 89), (90, 7), (7, 90), (91, 79), (79, 91), (92, 66), (66, 92), (93, 79), (79, 93), (94, 71), (71, 94), (95, 53), (53, 95), (96, 23), (23, 96), (97, 29), (29, 97), (98, 65), (65, 98), (99, 47), (47, 99), (100, 25), (25, 100)]
Z_dad = [3]
Y_dad = [7]
X_dad = [6]
Z_da-ad = [3]
Y_da-ad = [7]
X_da-ad = [6]
