no              #fail
1.605           #totTm
1.106           #lastADTm
3               #itDAD
1.000           #avItADGoal
18              #itADOpt
65              #opt
65              #optDA-AD
0.611           #tmDA
0.0             #relGain

V = [1, 2, 3, 4, 5, 6, 7, 8, 9, 10, 11, 12, 13, 14, 15, 16, 17, 18, 19, 20, 21, 22, 23, 24, 25, 26, 27, 28, 29, 30, 31, 32, 33, 34, 35, 36, 37, 38, 39, 40, 41, 42, 43, 44, 45, 46, 47, 48, 49, 50, 51, 52, 53, 54, 55, 56, 57, 58, 59, 60, 61, 62, 63, 64, 65, 66, 67, 68, 69, 70, 71, 72, 73, 74, 75, 76, 77, 78, 79, 80, 81, 82, 83, 84, 85, 86, 87, 88, 89, 90, 91, 92, 93, 94, 95, 96, 97, 98, 99, 100]
A = [(2, 1), (1, 2), (3, 2), (2, 3), (4, 2), (2, 4), (5, 3), (3, 5), (6, 4), (4, 6), (7, 4), (4, 7), (8, 3), (3, 8), (9, 4), (4, 9), (10, 1), (1, 10), (11, 8), (8, 11), (12, 4), (4, 12), (13, 6), (6, 13), (14, 12), (12, 14), (15, 3), (3, 15), (16, 4), (4, 16), (17, 15), (15, 17), (18, 1), (1, 18), (19, 16), (16, 19), (20, 6), (6, 20), (21, 4), (4, 21), (22, 17), (17, 22), (23, 21), (21, 23), (24, 23), (23, 24), (25, 22), (22, 25), (26, 6), (6, 26), (27, 22), (22, 27), (28, 7), (7, 28), (29, 19), (19, 29), (30, 7), (7, 30), (31, 7), (7, 31), (32, 4), (4, 32), (33, 7), (7, 33), (34, 10), (10, 34), (35, 7), (7, 35), (36, 27), (27, 36), (37, 4), (4, 37), (38, 1), (1, 38), (39, 3), (3, 39), (40, 39), (39, 40), (41, 37), (37, 41), (42, 39), (39, 42), (43, 38), (38, 43), (44, 13), (13, 44), (45, 25), (25, 45), (46, 11), (11, 46), (47, 12), (12, 47), (48, 43), (43, 48), (49, 8), (8, 49), (50, 49), (49, 50), (51, 13), (13, 51), (52, 13), (13, 52), (53, 40), (40, 53), (54, 46), (46, 54), (55, 26), (26, 55), (56, 42), (42, 56), (57, 32), (32, 57), (58, 13), (13, 58), (59, 3), (3, 59), (60, 31), (31, 60), (61, 19), (19, 61), (62, 21), (21, 62), (63, 33), (33, 63), (64, 50), (50, 64), (65, 57), (57, 65), (66, 13), (13, 66), (67, 29), (29, 67), (68, 35), (35, 68), (69, 13), (13, 69), (70, 31), (31, 70), (71, 20), (20, 71), (72, 19), (19, 72), (73, 62), (62, 73), (74, 45), (45, 74), (75, 15), (15, 75), (76, 34), (34, 76), (77, 43), (43, 77), (78, 24), (24, 78), (79, 19), (19, 79), (80, 18), (18, 80), (81, 14), (14, 81), (82, 27), (27, 82), (83, 64), (64, 83), (84, 48), (48, 84), (85, 3), (3, 85), (86, 72), (72, 86), (87, 51), (51, 87), (88, 25), (25, 88), (89, 56), (56, 89), (90, 26), (26, 90), (91, 39), (39, 91), (92, 91), (91, 92), (93, 64), (64, 93), (94, 42), (42, 94), (95, 28), (28, 95), (96, 17), (17, 96), (97, 13), (13, 97), (98, 74), (74, 98), (99, 92), (92, 99), (100, 60), (60, 100)]
Z_dad = [4]
Y_dad = [3]
X_dad = [15]
Z_da-ad = [4]
Y_da-ad = [3]
X_da-ad = [15]
