no              #fail
2.288           #totTm
0.739           #lastADTm
5               #itDAD
1.000           #avItADGoal
9               #itADOpt
70              #opt
70              #optDA-AD
0.48            #tmDA
0.0             #relGain

V = [1, 2, 3, 4, 5, 6, 7, 8, 9, 10, 11, 12, 13, 14, 15, 16, 17, 18, 19, 20, 21, 22, 23, 24, 25, 26, 27, 28, 29, 30, 31, 32, 33, 34, 35, 36, 37, 38, 39, 40, 41, 42, 43, 44, 45, 46, 47, 48, 49, 50, 51, 52, 53, 54, 55, 56, 57, 58, 59, 60, 61, 62, 63, 64, 65, 66, 67, 68, 69, 70, 71, 72, 73, 74, 75, 76, 77, 78, 79, 80, 81, 82, 83, 84, 85, 86, 87, 88, 89, 90, 91, 92, 93, 94, 95, 96, 97, 98, 99, 100]
A = [(2, 1), (1, 2), (3, 1), (1, 3), (4, 3), (3, 4), (5, 2), (2, 5), (6, 1), (1, 6), (7, 3), (3, 7), (8, 7), (7, 8), (9, 3), (3, 9), (10, 4), (4, 10), (11, 4), (4, 11), (12, 11), (11, 12), (13, 12), (12, 13), (14, 2), (2, 14), (15, 12), (12, 15), (16, 7), (7, 16), (17, 14), (14, 17), (18, 4), (4, 18), (19, 5), (5, 19), (20, 13), (13, 20), (21, 18), (18, 21), (22, 9), (9, 22), (23, 20), (20, 23), (24, 11), (11, 24), (25, 10), (10, 25), (26, 14), (14, 26), (27, 15), (15, 27), (28, 20), (20, 28), (29, 11), (11, 29), (30, 24), (24, 30), (31, 14), (14, 31), (32, 10), (10, 32), (33, 31), (31, 33), (34, 22), (22, 34), (35, 17), (17, 35), (36, 16), (16, 36), (37, 27), (27, 37), (38, 12), (12, 38), (39, 27), (27, 39), (40, 28), (28, 40), (41, 20), (20, 41), (42, 35), (35, 42), (43, 34), (34, 43), (44, 20), (20, 44), (45, 6), (6, 45), (46, 15), (15, 46), (47, 38), (38, 47), (48, 46), (46, 48), (49, 39), (39, 49), (50, 11), (11, 50), (51, 13), (13, 51), (52, 19), (19, 52), (53, 23), (23, 53), (54, 48), (48, 54), (55, 52), (52, 55), (56, 1), (1, 56), (57, 6), (6, 57), (58, 39), (39, 58), (59, 31), (31, 59), (60, 26), (26, 60), (61, 30), (30, 61), (62, 55), (55, 62), (63, 51), (51, 63), (64, 7), (7, 64), (65, 1), (1, 65), (66, 53), (53, 66), (67, 47), (47, 67), (68, 48), (48, 68), (69, 24), (24, 69), (70, 3), (3, 70), (71, 43), (43, 71), (72, 64), (64, 72), (73, 38), (38, 73), (74, 12), (12, 74), (75, 69), (69, 75), (76, 3), (3, 76), (77, 9), (9, 77), (78, 41), (41, 78), (79, 15), (15, 79), (80, 46), (46, 80), (81, 23), (23, 81), (82, 42), (42, 82), (83, 50), (50, 83), (84, 11), (11, 84), (85, 20), (20, 85), (86, 62), (62, 86), (87, 7), (7, 87), (88, 59), (59, 88), (89, 26), (26, 89), (90, 47), (47, 90), (91, 25), (25, 91), (92, 21), (21, 92), (93, 35), (35, 93), (94, 19), (19, 94), (95, 82), (82, 95), (96, 45), (45, 96), (97, 31), (31, 97), (98, 55), (55, 98), (99, 48), (48, 99), (100, 55), (55, 100)]
Z_dad = [4]
Y_dad = [12]
X_dad = [13]
Z_da-ad = [4]
Y_da-ad = [12]
X_da-ad = [13]
