no              #fail
1.544           #totTm
0.959           #lastADTm
3               #itDAD
1.000           #avItADGoal
14              #itADOpt
77              #opt
77              #optDA-AD
0.543           #tmDA
0.0             #relGain

V = [1, 2, 3, 4, 5, 6, 7, 8, 9, 10, 11, 12, 13, 14, 15, 16, 17, 18, 19, 20, 21, 22, 23, 24, 25, 26, 27, 28, 29, 30, 31, 32, 33, 34, 35, 36, 37, 38, 39, 40, 41, 42, 43, 44, 45, 46, 47, 48, 49, 50, 51, 52, 53, 54, 55, 56, 57, 58, 59, 60, 61, 62, 63, 64, 65, 66, 67, 68, 69, 70, 71, 72, 73, 74, 75, 76, 77, 78, 79, 80, 81, 82, 83, 84, 85, 86, 87, 88, 89, 90, 91, 92, 93, 94, 95, 96, 97, 98, 99, 100]
A = [(2, 1), (1, 2), (3, 1), (1, 3), (4, 3), (3, 4), (5, 4), (4, 5), (6, 5), (5, 6), (7, 1), (1, 7), (8, 6), (6, 8), (9, 7), (7, 9), (10, 4), (4, 10), (11, 10), (10, 11), (12, 7), (7, 12), (13, 7), (7, 13), (14, 3), (3, 14), (15, 9), (9, 15), (16, 4), (4, 16), (17, 11), (11, 17), (18, 9), (9, 18), (19, 1), (1, 19), (20, 2), (2, 20), (21, 13), (13, 21), (22, 18), (18, 22), (23, 13), (13, 23), (24, 5), (5, 24), (25, 22), (22, 25), (26, 3), (3, 26), (27, 1), (1, 27), (28, 24), (24, 28), (29, 9), (9, 29), (30, 1), (1, 30), (31, 9), (9, 31), (32, 2), (2, 32), (33, 15), (15, 33), (34, 9), (9, 34), (35, 19), (19, 35), (36, 2), (2, 36), (37, 34), (34, 37), (38, 9), (9, 38), (39, 9), (9, 39), (40, 9), (9, 40), (41, 6), (6, 41), (42, 20), (20, 42), (43, 17), (17, 43), (44, 17), (17, 44), (45, 24), (24, 45), (46, 30), (30, 46), (47, 8), (8, 47), (48, 1), (1, 48), (49, 28), (28, 49), (50, 38), (38, 50), (51, 25), (25, 51), (52, 42), (42, 52), (53, 11), (11, 53), (54, 10), (10, 54), (55, 49), (49, 55), (56, 15), (15, 56), (57, 11), (11, 57), (58, 14), (14, 58), (59, 34), (34, 59), (60, 56), (56, 60), (61, 32), (32, 61), (62, 18), (18, 62), (63, 17), (17, 63), (64, 27), (27, 64), (65, 46), (46, 65), (66, 19), (19, 66), (67, 46), (46, 67), (68, 28), (28, 68), (69, 30), (30, 69), (70, 44), (44, 70), (71, 23), (23, 71), (72, 44), (44, 72), (73, 47), (47, 73), (74, 27), (27, 74), (75, 36), (36, 75), (76, 14), (14, 76), (77, 52), (52, 77), (78, 56), (56, 78), (79, 10), (10, 79), (80, 64), (64, 80), (81, 63), (63, 81), (82, 70), (70, 82), (83, 31), (31, 83), (84, 20), (20, 84), (85, 11), (11, 85), (86, 2), (2, 86), (87, 15), (15, 87), (88, 85), (85, 88), (89, 9), (9, 89), (90, 11), (11, 90), (91, 27), (27, 91), (92, 6), (6, 92), (93, 87), (87, 93), (94, 2), (2, 94), (95, 45), (45, 95), (96, 46), (46, 96), (97, 69), (69, 97), (98, 60), (60, 98), (99, 43), (43, 99), (100, 78), (78, 100)]
Z_dad = [1]
Y_dad = [9]
X_dad = [15]
Z_da-ad = [1]
Y_da-ad = [9]
X_da-ad = [15]
