no              #fail
32.385          #totTm
32.257          #lastADTm
4               #itDAD
1.000           #avItADGoal
383             #itADOpt
11              #opt
11              #optDA-AD
0.612           #tmDA
0.0             #relGain

V = [1, 2, 3, 4, 5, 6, 7, 8, 9, 10, 11, 12, 13, 14, 15, 16, 17, 18, 19, 20]
A = [(2, 1), (1, 2), (3, 1), (1, 3), (4, 1), (1, 4), (5, 1), (1, 5), (6, 1), (1, 6), (7, 6), (6, 7), (8, 7), (7, 8), (9, 7), (7, 9), (10, 4), (4, 10), (11, 5), (5, 11), (12, 1), (1, 12), (13, 1), (1, 13), (14, 4), (4, 14), (15, 7), (7, 15), (16, 4), (4, 16), (17, 2), (2, 17), (18, 11), (11, 18), (19, 9), (9, 19), (20, 9), (9, 20)]
Z_dad = [1]
Y_dad = [4, 7, 11]
X_dad = [5, 6, 9]
Z_da-ad = [1]
Y_da-ad = [4, 7, 11]
X_da-ad = [5, 6, 9]
