no              #fail
29.023          #totTm
28.855          #lastADTm
4               #itDAD
1.000           #avItADGoal
317             #itADOpt
12              #opt
12              #optDA-AD
0.286           #tmDA
0.0             #relGain

V = [1, 2, 3, 4, 5, 6, 7, 8, 9, 10, 11, 12, 13, 14, 15, 16, 17, 18, 19, 20]
A = [(2, 1), (1, 2), (3, 1), (1, 3), (4, 3), (3, 4), (5, 1), (1, 5), (6, 3), (3, 6), (7, 4), (4, 7), (8, 2), (2, 8), (9, 7), (7, 9), (10, 1), (1, 10), (11, 5), (5, 11), (12, 5), (5, 12), (13, 8), (8, 13), (14, 6), (6, 14), (15, 6), (6, 15), (16, 5), (5, 16), (17, 5), (5, 17), (18, 4), (4, 18), (19, 16), (16, 19), (20, 16), (16, 20)]
Z_dad = [5]
Y_dad = [2, 4, 20]
X_dad = [1, 3, 7]
Z_da-ad = [5]
Y_da-ad = [2, 4, 20]
X_da-ad = [1, 3, 7]
