no              #fail
13.221          #totTm
13.033          #lastADTm
4               #itDAD
1.000           #avItADGoal
160             #itADOpt
11              #opt
11              #optDA-AD
0.253           #tmDA
0.0             #relGain

V = [1, 2, 3, 4, 5, 6, 7, 8, 9, 10, 11, 12, 13, 14, 15, 16, 17, 18, 19, 20]
A = [(2, 1), (1, 2), (3, 1), (1, 3), (4, 1), (1, 4), (5, 4), (4, 5), (6, 3), (3, 6), (7, 2), (2, 7), (8, 5), (5, 8), (9, 2), (2, 9), (10, 9), (9, 10), (11, 10), (10, 11), (12, 7), (7, 12), (13, 6), (6, 13), (14, 13), (13, 14), (15, 6), (6, 15), (16, 13), (13, 16), (17, 14), (14, 17), (18, 9), (9, 18), (19, 6), (6, 19), (20, 11), (11, 20)]
Z_dad = [13]
Y_dad = [5, 6, 9]
X_dad = [2, 8, 10]
Z_da-ad = [6]
Y_da-ad = [1, 10, 14]
X_da-ad = [2, 4, 9]
