no              #fail
13.973          #totTm
13.759          #lastADTm
5               #itDAD
1.000           #avItADGoal
190             #itADOpt
11              #opt
10              #optDA-AD
0.278           #tmDA
9.1             #relGain

V = [1, 2, 3, 4, 5, 6, 7, 8, 9, 10, 11, 12, 13, 14, 15, 16, 17, 18, 19, 20]
A = [(2, 1), (1, 2), (3, 1), (1, 3), (4, 3), (3, 4), (5, 4), (4, 5), (6, 2), (2, 6), (7, 3), (3, 7), (8, 4), (4, 8), (9, 5), (5, 9), (10, 2), (2, 10), (11, 9), (9, 11), (12, 2), (2, 12), (13, 7), (7, 13), (14, 11), (11, 14), (15, 13), (13, 15), (16, 9), (9, 16), (17, 3), (3, 17), (18, 13), (13, 18), (19, 14), (14, 19), (20, 17), (17, 20)]
Z_dad = [2]
Y_dad = [3, 9, 13]
X_dad = [4, 11, 17]
Z_da-ad = [3]
Y_da-ad = [2, 9, 13]
X_da-ad = [1, 5, 11]
