no              #fail
20.941          #totTm
20.615          #lastADTm
5               #itDAD
1.000           #avItADGoal
245             #itADOpt
11              #opt
11              #optDA-AD
0.228           #tmDA
0.0             #relGain

V = [1, 2, 3, 4, 5, 6, 7, 8, 9, 10, 11, 12, 13, 14, 15, 16, 17, 18, 19, 20]
A = [(2, 1), (1, 2), (3, 2), (2, 3), (4, 3), (3, 4), (5, 1), (1, 5), (6, 1), (1, 6), (7, 1), (1, 7), (8, 5), (5, 8), (9, 7), (7, 9), (10, 1), (1, 10), (11, 8), (8, 11), (12, 2), (2, 12), (13, 6), (6, 13), (14, 4), (4, 14), (15, 6), (6, 15), (16, 13), (13, 16), (17, 6), (6, 17), (18, 4), (4, 18), (19, 15), (15, 19), (20, 11), (11, 20)]
Z_dad = [1]
Y_dad = [4, 6, 8]
X_dad = [3, 11, 13]
Z_da-ad = [1]
Y_da-ad = [4, 6, 8]
X_da-ad = [3, 11, 13]
