no              #fail
15.673          #totTm
15.520          #lastADTm
4               #itDAD
1.000           #avItADGoal
200             #itADOpt
12              #opt
12              #optDA-AD
0.207           #tmDA
0.0             #relGain

V = [1, 2, 3, 4, 5, 6, 7, 8, 9, 10, 11, 12, 13, 14, 15, 16, 17, 18, 19, 20]
A = [(2, 1), (1, 2), (3, 1), (1, 3), (4, 3), (3, 4), (5, 2), (2, 5), (6, 2), (2, 6), (7, 3), (3, 7), (8, 6), (6, 8), (9, 1), (1, 9), (10, 2), (2, 10), (11, 3), (3, 11), (12, 1), (1, 12), (13, 8), (8, 13), (14, 11), (11, 14), (15, 9), (9, 15), (16, 5), (5, 16), (17, 10), (10, 17), (18, 9), (9, 18), (19, 17), (17, 19), (20, 15), (15, 20)]
Z_dad = [2]
Y_dad = [3, 9, 19]
X_dad = [1, 15, 17]
Z_da-ad = [2]
Y_da-ad = [3, 9, 19]
X_da-ad = [1, 15, 17]
