no              #fail
24.959          #totTm
24.739          #lastADTm
5               #itDAD
1.000           #avItADGoal
302             #itADOpt
12              #opt
12              #optDA-AD
0.272           #tmDA
0.0             #relGain

V = [1, 2, 3, 4, 5, 6, 7, 8, 9, 10, 11, 12, 13, 14, 15, 16, 17, 18, 19, 20]
A = [(2, 1), (1, 2), (3, 2), (2, 3), (4, 1), (1, 4), (5, 3), (3, 5), (6, 3), (3, 6), (7, 3), (3, 7), (8, 5), (5, 8), (9, 7), (7, 9), (10, 1), (1, 10), (11, 7), (7, 11), (12, 8), (8, 12), (13, 8), (8, 13), (14, 8), (8, 14), (15, 12), (12, 15), (16, 5), (5, 16), (17, 5), (5, 17), (18, 8), (8, 18), (19, 17), (17, 19), (20, 4), (4, 20)]
Z_dad = [8]
Y_dad = [1, 5, 7]
X_dad = [3, 4, 17]
Z_da-ad = [8]
Y_da-ad = [1, 5, 7]
X_da-ad = [3, 4, 17]
