no              #fail
21.513          #totTm
21.303          #lastADTm
5               #itDAD
1.000           #avItADGoal
255             #itADOpt
12              #opt
11              #optDA-AD
0.196           #tmDA
8.3             #relGain

V = [1, 2, 3, 4, 5, 6, 7, 8, 9, 10, 11, 12, 13, 14, 15, 16, 17, 18, 19, 20]
A = [(2, 1), (1, 2), (3, 1), (1, 3), (4, 2), (2, 4), (5, 4), (4, 5), (6, 1), (1, 6), (7, 1), (1, 7), (8, 4), (4, 8), (9, 8), (8, 9), (10, 9), (9, 10), (11, 8), (8, 11), (12, 8), (8, 12), (13, 10), (10, 13), (14, 4), (4, 14), (15, 5), (5, 15), (16, 12), (12, 16), (17, 6), (6, 17), (18, 7), (7, 18), (19, 14), (14, 19), (20, 16), (16, 20)]
Z_dad = [1]
Y_dad = [4, 10, 16]
X_dad = [5, 8, 14]
Z_da-ad = [4]
Y_da-ad = [1, 9, 12]
X_da-ad = [6, 7, 8]
