no              #fail
12.921          #totTm
12.721          #lastADTm
5               #itDAD
1.000           #avItADGoal
190             #itADOpt
10              #opt
10              #optDA-AD
0.243           #tmDA
0.0             #relGain

V = [1, 2, 3, 4, 5, 6, 7, 8, 9, 10, 11, 12, 13, 14, 15, 16, 17, 18, 19, 20]
A = [(2, 1), (1, 2), (3, 1), (1, 3), (4, 3), (3, 4), (5, 3), (3, 5), (6, 2), (2, 6), (7, 1), (1, 7), (8, 6), (6, 8), (9, 1), (1, 9), (10, 6), (6, 10), (11, 6), (6, 11), (12, 4), (4, 12), (13, 4), (4, 13), (14, 4), (4, 14), (15, 8), (8, 15), (16, 8), (8, 16), (17, 13), (13, 17), (18, 1), (1, 18), (19, 9), (9, 19), (20, 6), (6, 20)]
Z_dad = [4]
Y_dad = [1, 6, 13]
X_dad = [3, 8, 9]
Z_da-ad = [6]
Y_da-ad = [1, 4, 16]
X_da-ad = [3, 8, 9]
