no              #fail
15.811          #totTm
15.642          #lastADTm
4               #itDAD
1.000           #avItADGoal
204             #itADOpt
12              #opt
12              #optDA-AD
0.179           #tmDA
0.0             #relGain

V = [1, 2, 3, 4, 5, 6, 7, 8, 9, 10, 11, 12, 13, 14, 15, 16, 17, 18, 19, 20]
A = [(2, 1), (1, 2), (3, 1), (1, 3), (4, 2), (2, 4), (5, 4), (4, 5), (6, 2), (2, 6), (7, 4), (4, 7), (8, 4), (4, 8), (9, 8), (8, 9), (10, 7), (7, 10), (11, 8), (8, 11), (12, 10), (10, 12), (13, 12), (12, 13), (14, 3), (3, 14), (15, 3), (3, 15), (16, 14), (14, 16), (17, 6), (6, 17), (18, 12), (12, 18), (19, 3), (3, 19), (20, 7), (7, 20)]
Z_dad = [3]
Y_dad = [2, 8, 12]
X_dad = [4, 6, 10]
Z_da-ad = [3]
Y_da-ad = [2, 8, 12]
X_da-ad = [4, 6, 10]
