no              #fail
16.813          #totTm
16.638          #lastADTm
4               #itDAD
1.000           #avItADGoal
201             #itADOpt
12              #opt
12              #optDA-AD
0.200           #tmDA
0.0             #relGain

V = [1, 2, 3, 4, 5, 6, 7, 8, 9, 10, 11, 12, 13, 14, 15, 16, 17, 18, 19, 20]
A = [(2, 1), (1, 2), (3, 1), (1, 3), (4, 1), (1, 4), (5, 2), (2, 5), (6, 2), (2, 6), (7, 1), (1, 7), (8, 5), (5, 8), (9, 8), (8, 9), (10, 4), (4, 10), (11, 5), (5, 11), (12, 8), (8, 12), (13, 2), (2, 13), (14, 9), (9, 14), (15, 3), (3, 15), (16, 12), (12, 16), (17, 13), (13, 17), (18, 10), (10, 18), (19, 16), (16, 19), (20, 16), (16, 20)]
Z_dad = [1]
Y_dad = [2, 9, 16]
X_dad = [5, 6, 13]
Z_da-ad = [1]
Y_da-ad = [2, 9, 16]
X_da-ad = [5, 6, 13]
