no              #fail
16.226          #totTm
16.108          #lastADTm
3               #itDAD
1.000           #avItADGoal
211             #itADOpt
12              #opt
11              #optDA-AD
0.239           #tmDA
8.3             #relGain

V = [1, 2, 3, 4, 5, 6, 7, 8, 9, 10, 11, 12, 13, 14, 15, 16, 17, 18, 19, 20]
A = [(2, 1), (1, 2), (3, 2), (2, 3), (4, 3), (3, 4), (5, 4), (4, 5), (6, 2), (2, 6), (7, 3), (3, 7), (8, 7), (7, 8), (9, 4), (4, 9), (10, 4), (4, 10), (11, 10), (10, 11), (12, 2), (2, 12), (13, 11), (11, 13), (14, 5), (5, 14), (15, 11), (11, 15), (16, 14), (14, 16), (17, 10), (10, 17), (18, 4), (4, 18), (19, 3), (3, 19), (20, 12), (12, 20)]
Z_dad = [2]
Y_dad = [3, 11, 14]
X_dad = [4, 7, 10]
Z_da-ad = [4]
Y_da-ad = [2, 5, 11]
X_da-ad = [3, 12, 14]
