no              #fail
13.230          #totTm
13.064          #lastADTm
4               #itDAD
1.000           #avItADGoal
171             #itADOpt
11              #opt
11              #optDA-AD
0.354           #tmDA
0.0             #relGain

V = [1, 2, 3, 4, 5, 6, 7, 8, 9, 10, 11, 12, 13, 14, 15, 16, 17, 18, 19, 20]
A = [(2, 1), (1, 2), (3, 2), (2, 3), (4, 3), (3, 4), (5, 1), (1, 5), (6, 3), (3, 6), (7, 6), (6, 7), (8, 6), (6, 8), (9, 5), (5, 9), (10, 9), (9, 10), (11, 10), (10, 11), (12, 1), (1, 12), (13, 8), (8, 13), (14, 11), (11, 14), (15, 9), (9, 15), (16, 6), (6, 16), (17, 14), (14, 17), (18, 13), (13, 18), (19, 4), (4, 19), (20, 9), (9, 20)]
Z_dad = [6]
Y_dad = [3, 8, 9]
X_dad = [2, 5, 10]
Z_da-ad = [6]
Y_da-ad = [3, 8, 9]
X_da-ad = [2, 5, 10]
