no              #fail
1.620           #totTm
0.208           #lastADTm
6               #itDAD
1.200           #avItADGoal
7               #itADOpt
22              #opt
14              #optDA-AD
0.604           #tmDA
36.4            #relGain

V = [1, 2, 3, 4, 5, 6, 7, 8, 9, 10, 11, 12, 13, 14, 15, 16, 17, 18, 19, 20, 21, 22, 23, 24, 25, 26, 27, 28, 29, 30, 31, 32, 33, 34, 35, 36, 37, 38, 39, 40]
A = [(1, 12), (12, 1), (1, 37), (37, 1), (2, 4), (4, 2), (2, 8), (8, 2), (2, 12), (12, 2), (2, 13), (13, 2), (2, 15), (15, 2), (2, 21), (21, 2), (2, 22), (22, 2), (2, 36), (36, 2), (3, 7), (7, 3), (3, 8), (8, 3), (3, 20), (20, 3), (3, 21), (21, 3), (3, 23), (23, 3), (3, 32), (32, 3), (3, 33), (33, 3), (3, 36), (36, 3), (4, 6), (6, 4), (4, 28), (28, 4), (4, 35), (35, 4), (4, 37), (37, 4), (6, 16), (16, 6), (7, 13), (13, 7), (7, 18), (18, 7), (7, 23), (23, 7), (7, 24), (24, 7), (7, 36), (36, 7), (8, 22), (22, 8), (8, 24), (24, 8), (8, 28), (28, 8), (8, 36), (36, 8), (9, 26), (26, 9), (9, 30), (30, 9), (10, 30), (30, 10), (10, 32), (32, 10), (11, 26), (26, 11), (12, 21), (21, 12), (12, 38), (38, 12), (13, 18), (18, 13), (13, 22), (22, 13), (13, 32), (32, 13), (13, 33), (33, 13), (14, 24), (24, 14), (14, 25), (25, 14), (14, 36), (36, 14), (15, 21), (21, 15), (16, 28), (28, 16), (16, 40), (40, 16), (17, 19), (19, 17), (17, 31), (31, 17), (17, 33), (33, 17), (17, 34), (34, 17), (17, 38), (38, 17), (18, 23), (23, 18), (18, 32), (32, 18), (19, 31), (31, 19), (19, 37), (37, 19), (20, 40), (40, 20), (21, 29), (29, 21), (21, 35), (35, 21), (22, 26), (26, 22), (22, 36), (36, 22), (24, 28), (28, 24), (25, 26), (26, 25), (25, 29), (29, 25), (26, 36), (36, 26), (27, 30), (30, 27), (28, 35), (35, 28), (29, 30), (30, 29), (30, 33), (33, 30), (32, 36), (36, 32), (34, 36), (36, 34), (34, 37), (37, 34), (36, 38), (38, 36), (37, 39), (39, 37), (37, 40), (40, 37), (38, 39), (39, 38)]
Z_dad = [2, 28, 36]
Y_dad = [3]
X_dad = [20, 21, 33]
Z_da-ad = [26, 30, 32]
Y_da-ad = [17]
X_da-ad = [2, 14, 21]
