no              #fail
26.695          #totTm
0.287           #lastADTm
8               #itDAD
1.429           #avItADGoal
10              #itADOpt
15              #opt
12              #optDA-AD
0.518           #tmDA
20.0            #relGain

V = [1, 2, 3, 4, 5, 6, 7, 8, 9, 10, 11, 12, 13, 14, 15, 16, 17, 18, 19, 20, 21, 22, 23, 24, 25, 26, 27, 28, 29, 30, 31, 32, 33, 34, 35, 36, 37, 38, 39, 40]
A = [(1, 14), (14, 1), (1, 22), (22, 1), (2, 7), (7, 2), (2, 11), (11, 2), (2, 14), (14, 2), (2, 22), (22, 2), (2, 29), (29, 2), (2, 37), (37, 2), (3, 6), (6, 3), (3, 16), (16, 3), (3, 18), (18, 3), (3, 20), (20, 3), (3, 31), (31, 3), (3, 38), (38, 3), (4, 8), (8, 4), (4, 22), (22, 4), (4, 32), (32, 4), (5, 10), (10, 5), (5, 19), (19, 5), (5, 31), (31, 5), (5, 39), (39, 5), (6, 21), (21, 6), (6, 28), (28, 6), (6, 36), (36, 6), (7, 23), (23, 7), (7, 25), (25, 7), (7, 39), (39, 7), (8, 20), (20, 8), (8, 22), (22, 8), (8, 26), (26, 8), (8, 38), (38, 8), (8, 40), (40, 8), (9, 18), (18, 9), (9, 27), (27, 9), (9, 38), (38, 9), (10, 11), (11, 10), (10, 13), (13, 10), (10, 22), (22, 10), (10, 23), (23, 10), (10, 27), (27, 10), (11, 25), (25, 11), (11, 28), (28, 11), (12, 17), (17, 12), (12, 31), (31, 12), (13, 32), (32, 13), (13, 35), (35, 13), (14, 23), (23, 14), (14, 34), (34, 14), (15, 17), (17, 15), (15, 18), (18, 15), (15, 20), (20, 15), (16, 30), (30, 16), (17, 33), (33, 17), (17, 39), (39, 17), (18, 21), (21, 18), (19, 40), (40, 19), (20, 27), (27, 20), (20, 33), (33, 20), (21, 27), (27, 21), (21, 38), (38, 21), (22, 28), (28, 22), (23, 31), (31, 23), (23, 36), (36, 23), (24, 37), (37, 24), (25, 33), (33, 25), (25, 38), (38, 25), (26, 29), (29, 26), (27, 33), (33, 27), (27, 39), (39, 27), (28, 30), (30, 28), (30, 32), (32, 30), (30, 35), (35, 30), (30, 39), (39, 30), (31, 32), (32, 31), (31, 39), (39, 31), (32, 37), (37, 32), (36, 39), (39, 36), (37, 40), (40, 37)]
Z_dad = [2, 8, 32]
Y_dad = [23]
X_dad = [5, 14, 22]
Z_da-ad = [2, 22, 23]
Y_da-ad = [8]
X_da-ad = [5, 32, 40]
