no              #fail
5.305           #totTm
0.245           #lastADTm
7               #itDAD
1.167           #avItADGoal
10              #itADOpt
14              #opt
13              #optDA-AD
0.792           #tmDA
7.1             #relGain

V = [1, 2, 3, 4, 5, 6, 7, 8, 9, 10, 11, 12, 13, 14, 15, 16, 17, 18, 19, 20, 21, 22, 23, 24, 25, 26, 27, 28, 29, 30, 31, 32, 33, 34, 35, 36, 37, 38, 39, 40]
A = [(1, 12), (12, 1), (1, 14), (14, 1), (1, 19), (19, 1), (1, 21), (21, 1), (1, 24), (24, 1), (1, 25), (25, 1), (1, 38), (38, 1), (2, 3), (3, 2), (2, 34), (34, 2), (3, 14), (14, 3), (3, 32), (32, 3), (3, 34), (34, 3), (3, 37), (37, 3), (4, 19), (19, 4), (4, 30), (30, 4), (5, 8), (8, 5), (5, 17), (17, 5), (5, 20), (20, 5), (5, 35), (35, 5), (5, 36), (36, 5), (5, 37), (37, 5), (6, 14), (14, 6), (6, 37), (37, 6), (6, 38), (38, 6), (7, 10), (10, 7), (7, 16), (16, 7), (7, 25), (25, 7), (7, 28), (28, 7), (7, 30), (30, 7), (7, 38), (38, 7), (8, 9), (9, 8), (8, 23), (23, 8), (8, 24), (24, 8), (8, 27), (27, 8), (9, 14), (14, 9), (9, 22), (22, 9), (9, 24), (24, 9), (9, 30), (30, 9), (10, 20), (20, 10), (11, 34), (34, 11), (11, 38), (38, 11), (12, 20), (20, 12), (12, 22), (22, 12), (12, 28), (28, 12), (12, 32), (32, 12), (12, 33), (33, 12), (13, 15), (15, 13), (13, 36), (36, 13), (15, 16), (16, 15), (16, 24), (24, 16), (16, 27), (27, 16), (17, 25), (25, 17), (17, 28), (28, 17), (18, 24), (24, 18), (18, 37), (37, 18), (19, 36), (36, 19), (20, 31), (31, 20), (20, 33), (33, 20), (20, 35), (35, 20), (20, 36), (36, 20), (21, 25), (25, 21), (21, 40), (40, 21), (22, 26), (26, 22), (23, 37), (37, 23), (23, 38), (38, 23), (24, 32), (32, 24), (25, 38), (38, 25), (26, 31), (31, 26), (27, 37), (37, 27), (27, 39), (39, 27), (28, 39), (39, 28), (30, 31), (31, 30), (30, 37), (37, 30), (31, 33), (33, 31), (33, 36), (36, 33), (33, 39), (39, 33), (33, 40), (40, 33), (38, 39), (39, 38)]
Z_dad = [24, 37, 38]
Y_dad = [12]
X_dad = [1, 9, 32]
Z_da-ad = [1, 3, 38]
Y_da-ad = [16]
X_da-ad = [15, 30, 36]
