no              #fail
4.758           #totTm
0.330           #lastADTm
7               #itDAD
1.333           #avItADGoal
12              #itADOpt
15              #opt
15              #optDA-AD
0.502           #tmDA
0.0             #relGain

V = [1, 2, 3, 4, 5, 6, 7, 8, 9, 10, 11, 12, 13, 14, 15, 16, 17, 18, 19, 20, 21, 22, 23, 24, 25, 26, 27, 28, 29, 30, 31, 32, 33, 34, 35, 36, 37, 38, 39, 40]
A = [(1, 5), (5, 1), (1, 10), (10, 1), (1, 11), (11, 1), (1, 39), (39, 1), (2, 16), (16, 2), (2, 17), (17, 2), (3, 13), (13, 3), (3, 17), (17, 3), (3, 23), (23, 3), (3, 35), (35, 3), (3, 38), (38, 3), (3, 40), (40, 3), (4, 12), (12, 4), (4, 13), (13, 4), (4, 15), (15, 4), (4, 24), (24, 4), (4, 28), (28, 4), (4, 32), (32, 4), (4, 40), (40, 4), (5, 8), (8, 5), (5, 28), (28, 5), (5, 32), (32, 5), (6, 32), (32, 6), (6, 39), (39, 6), (6, 40), (40, 6), (7, 21), (21, 7), (7, 40), (40, 7), (9, 33), (33, 9), (11, 12), (12, 11), (11, 19), (19, 11), (12, 23), (23, 12), (12, 37), (37, 12), (13, 22), (22, 13), (13, 30), (30, 13), (13, 36), (36, 13), (13, 38), (38, 13), (13, 40), (40, 13), (14, 17), (17, 14), (14, 26), (26, 14), (14, 32), (32, 14), (15, 25), (25, 15), (16, 20), (20, 16), (17, 35), (35, 17), (18, 28), (28, 18), (18, 29), (29, 18), (18, 30), (30, 18), (19, 39), (39, 19), (20, 36), (36, 20), (21, 33), (33, 21), (22, 27), (27, 22), (23, 33), (33, 23), (25, 26), (26, 25), (25, 27), (27, 25), (25, 39), (39, 25), (26, 28), (28, 26), (26, 29), (29, 26), (26, 38), (38, 26), (27, 37), (37, 27), (27, 39), (39, 27), (27, 40), (40, 27), (29, 30), (30, 29), (29, 31), (31, 29), (29, 32), (32, 29), (29, 35), (35, 29), (29, 36), (36, 29), (29, 37), (37, 29), (29, 38), (38, 29), (30, 33), (33, 30), (30, 34), (34, 30), (30, 36), (36, 30), (30, 37), (37, 30), (31, 40), (40, 31), (32, 33), (33, 32), (32, 36), (36, 32), (33, 38), (38, 33), (34, 35), (35, 34), (34, 39), (39, 34), (39, 40), (40, 39)]
Z_dad = [32, 39, 40]
Y_dad = [12]
X_dad = [11, 28, 33]
Z_da-ad = [5, 12, 39]
Y_da-ad = [33]
X_da-ad = [4, 17, 36]
