no              #fail
8.270           #totTm
0.158           #lastADTm
8               #itDAD
1.429           #avItADGoal
5               #itADOpt
13              #opt
13              #optDA-AD
0.541           #tmDA
0.0             #relGain

V = [1, 2, 3, 4, 5, 6, 7, 8, 9, 10, 11, 12, 13, 14, 15, 16, 17, 18, 19, 20, 21, 22, 23, 24, 25, 26, 27, 28, 29, 30, 31, 32, 33, 34, 35, 36, 37, 38, 39, 40]
A = [(1, 2), (2, 1), (1, 11), (11, 1), (1, 25), (25, 1), (1, 37), (37, 1), (1, 38), (38, 1), (2, 3), (3, 2), (2, 18), (18, 2), (2, 20), (20, 2), (2, 35), (35, 2), (2, 37), (37, 2), (3, 6), (6, 3), (3, 8), (8, 3), (3, 14), (14, 3), (3, 17), (17, 3), (4, 6), (6, 4), (4, 12), (12, 4), (4, 27), (27, 4), (4, 30), (30, 4), (5, 39), (39, 5), (6, 25), (25, 6), (6, 37), (37, 6), (7, 16), (16, 7), (7, 23), (23, 7), (7, 25), (25, 7), (7, 26), (26, 7), (8, 19), (19, 8), (8, 38), (38, 8), (9, 27), (27, 9), (9, 29), (29, 9), (9, 37), (37, 9), (10, 17), (17, 10), (10, 28), (28, 10), (11, 23), (23, 11), (11, 27), (27, 11), (12, 20), (20, 12), (13, 17), (17, 13), (13, 18), (18, 13), (13, 40), (40, 13), (14, 19), (19, 14), (14, 40), (40, 14), (15, 20), (20, 15), (15, 23), (23, 15), (15, 31), (31, 15), (15, 33), (33, 15), (15, 36), (36, 15), (16, 17), (17, 16), (16, 22), (22, 16), (16, 25), (25, 16), (16, 27), (27, 16), (17, 18), (18, 17), (17, 19), (19, 17), (17, 21), (21, 17), (17, 26), (26, 17), (17, 37), (37, 17), (18, 37), (37, 18), (20, 25), (25, 20), (20, 29), (29, 20), (20, 33), (33, 20), (21, 33), (33, 21), (21, 34), (34, 21), (24, 26), (26, 24), (24, 28), (28, 24), (24, 35), (35, 24), (25, 34), (34, 25), (27, 34), (34, 27), (27, 37), (37, 27), (28, 37), (37, 28), (29, 31), (31, 29), (29, 35), (35, 29), (29, 37), (37, 29), (31, 37), (37, 31), (31, 39), (39, 31), (32, 37), (37, 32), (33, 35), (35, 33), (33, 40), (40, 33), (37, 40), (40, 37), (38, 40), (40, 38), (39, 40), (40, 39)]
Z_dad = [17, 37, 40]
Y_dad = [2]
X_dad = [1, 3, 24]
Z_da-ad = [4, 15, 37]
Y_da-ad = [29]
X_da-ad = [7, 17, 35]
