no              #fail
4.073           #totTm
0.314           #lastADTm
6               #itDAD
1.200           #avItADGoal
11              #itADOpt
15              #opt
13              #optDA-AD
0.757           #tmDA
13.3            #relGain

V = [1, 2, 3, 4, 5, 6, 7, 8, 9, 10, 11, 12, 13, 14, 15, 16, 17, 18, 19, 20, 21, 22, 23, 24, 25, 26, 27, 28, 29, 30, 31, 32, 33, 34, 35, 36, 37, 38, 39, 40]
A = [(1, 4), (4, 1), (1, 11), (11, 1), (1, 14), (14, 1), (1, 19), (19, 1), (1, 22), (22, 1), (1, 23), (23, 1), (2, 9), (9, 2), (2, 26), (26, 2), (3, 8), (8, 3), (3, 10), (10, 3), (3, 35), (35, 3), (3, 36), (36, 3), (4, 7), (7, 4), (4, 38), (38, 4), (5, 12), (12, 5), (5, 15), (15, 5), (6, 7), (7, 6), (6, 12), (12, 6), (6, 24), (24, 6), (6, 30), (30, 6), (6, 34), (34, 6), (6, 40), (40, 6), (8, 22), (22, 8), (8, 25), (25, 8), (8, 29), (29, 8), (10, 20), (20, 10), (10, 23), (23, 10), (10, 24), (24, 10), (10, 37), (37, 10), (10, 39), (39, 10), (11, 12), (12, 11), (11, 13), (13, 11), (11, 18), (18, 11), (11, 19), (19, 11), (11, 31), (31, 11), (11, 40), (40, 11), (12, 18), (18, 12), (12, 27), (27, 12), (12, 34), (34, 12), (12, 35), (35, 12), (13, 19), (19, 13), (14, 25), (25, 14), (14, 29), (29, 14), (14, 30), (30, 14), (14, 34), (34, 14), (15, 16), (16, 15), (15, 20), (20, 15), (15, 22), (22, 15), (15, 34), (34, 15), (15, 35), (35, 15), (15, 36), (36, 15), (15, 39), (39, 15), (16, 20), (20, 16), (16, 21), (21, 16), (16, 34), (34, 16), (16, 36), (36, 16), (17, 20), (20, 17), (17, 24), (24, 17), (17, 33), (33, 17), (19, 20), (20, 19), (19, 39), (39, 19), (21, 25), (25, 21), (21, 29), (29, 21), (21, 38), (38, 21), (23, 26), (26, 23), (23, 28), (28, 23), (23, 40), (40, 23), (24, 35), (35, 24), (25, 32), (32, 25), (27, 33), (33, 27), (28, 30), (30, 28), (30, 39), (39, 30), (31, 34), (34, 31), (31, 40), (40, 31), (32, 39), (39, 32), (33, 36), (36, 33), (34, 36), (36, 34), (35, 39), (39, 35)]
Z_dad = [1, 6, 10]
Y_dad = [15]
X_dad = [21, 30, 40]
Z_da-ad = [10, 23, 30]
Y_da-ad = [6]
X_da-ad = [1, 7, 21]
