no              #fail
35.700          #totTm
0.148           #lastADTm
9               #itDAD
1.625           #avItADGoal
5               #itADOpt
14              #opt
12              #optDA-AD
0.621           #tmDA
14.3            #relGain

V = [1, 2, 3, 4, 5, 6, 7, 8, 9, 10, 11, 12, 13, 14, 15, 16, 17, 18, 19, 20, 21, 22, 23, 24, 25, 26, 27, 28, 29, 30, 31, 32, 33, 34, 35, 36, 37, 38, 39, 40]
A = [(1, 9), (9, 1), (1, 11), (11, 1), (1, 15), (15, 1), (1, 20), (20, 1), (3, 23), (23, 3), (3, 28), (28, 3), (3, 39), (39, 3), (4, 31), (31, 4), (4, 36), (36, 4), (4, 40), (40, 4), (5, 12), (12, 5), (5, 31), (31, 5), (6, 29), (29, 6), (6, 33), (33, 6), (6, 38), (38, 6), (7, 13), (13, 7), (7, 14), (14, 7), (8, 27), (27, 8), (8, 34), (34, 8), (8, 35), (35, 8), (8, 37), (37, 8), (9, 23), (23, 9), (9, 29), (29, 9), (10, 27), (27, 10), (10, 29), (29, 10), (10, 30), (30, 10), (11, 23), (23, 11), (12, 13), (13, 12), (12, 30), (30, 12), (13, 18), (18, 13), (13, 24), (24, 13), (13, 33), (33, 13), (14, 27), (27, 14), (14, 28), (28, 14), (14, 33), (33, 14), (14, 36), (36, 14), (14, 38), (38, 14), (15, 17), (17, 15), (15, 25), (25, 15), (15, 27), (27, 15), (16, 29), (29, 16), (17, 23), (23, 17), (17, 32), (32, 17), (18, 23), (23, 18), (18, 25), (25, 18), (18, 29), (29, 18), (18, 30), (30, 18), (18, 37), (37, 18), (19, 21), (21, 19), (19, 28), (28, 19), (20, 21), (21, 20), (20, 28), (28, 20), (20, 32), (32, 20), (20, 35), (35, 20), (22, 33), (33, 22), (23, 26), (26, 23), (24, 35), (35, 24), (25, 33), (33, 25), (25, 34), (34, 25), (25, 35), (35, 25), (25, 39), (39, 25), (26, 27), (27, 26), (26, 32), (32, 26), (26, 34), (34, 26), (27, 32), (32, 27), (27, 37), (37, 27), (27, 38), (38, 27), (27, 39), (39, 27), (28, 29), (29, 28), (28, 35), (35, 28), (29, 31), (31, 29), (30, 39), (39, 30), (30, 40), (40, 30), (31, 35), (35, 31), (33, 36), (36, 33), (35, 36), (36, 35), (36, 37), (37, 36), (37, 38), (38, 37)]
Z_dad = [23, 29, 35]
Y_dad = [15]
X_dad = [13, 30, 36]
Z_da-ad = [20, 28, 29]
Y_da-ad = [23]
X_da-ad = [3, 33, 38]
