no              #fail
4.140           #totTm
0.362           #lastADTm
6               #itDAD
1.200           #avItADGoal
12              #itADOpt
16              #opt
15              #optDA-AD
0.552           #tmDA
6.2             #relGain

V = [1, 2, 3, 4, 5, 6, 7, 8, 9, 10, 11, 12, 13, 14, 15, 16, 17, 18, 19, 20, 21, 22, 23, 24, 25, 26, 27, 28, 29, 30, 31, 32, 33, 34, 35, 36, 37, 38, 39, 40]
A = [(1, 9), (9, 1), (1, 16), (16, 1), (1, 29), (29, 1), (2, 4), (4, 2), (2, 30), (30, 2), (2, 31), (31, 2), (3, 9), (9, 3), (3, 13), (13, 3), (3, 14), (14, 3), (3, 15), (15, 3), (3, 25), (25, 3), (3, 32), (32, 3), (3, 36), (36, 3), (4, 23), (23, 4), (4, 32), (32, 4), (5, 8), (8, 5), (5, 11), (11, 5), (5, 12), (12, 5), (5, 38), (38, 5), (5, 40), (40, 5), (6, 15), (15, 6), (7, 9), (9, 7), (7, 26), (26, 7), (8, 24), (24, 8), (8, 34), (34, 8), (9, 17), (17, 9), (9, 18), (18, 9), (9, 21), (21, 9), (9, 39), (39, 9), (10, 13), (13, 10), (10, 14), (14, 10), (10, 19), (19, 10), (12, 14), (14, 12), (12, 16), (16, 12), (12, 21), (21, 12), (13, 15), (15, 13), (13, 21), (21, 13), (13, 26), (26, 13), (13, 30), (30, 13), (13, 39), (39, 13), (14, 23), (23, 14), (15, 17), (17, 15), (15, 25), (25, 15), (15, 29), (29, 15), (15, 34), (34, 15), (15, 40), (40, 15), (16, 18), (18, 16), (16, 23), (23, 16), (16, 24), (24, 16), (16, 32), (32, 16), (16, 34), (34, 16), (17, 25), (25, 17), (18, 21), (21, 18), (18, 27), (27, 18), (19, 21), (21, 19), (19, 24), (24, 19), (19, 27), (27, 19), (19, 32), (32, 19), (19, 36), (36, 19), (20, 26), (26, 20), (20, 33), (33, 20), (20, 38), (38, 20), (20, 39), (39, 20), (21, 33), (33, 21), (22, 23), (23, 22), (22, 38), (38, 22), (23, 29), (29, 23), (23, 38), (38, 23), (24, 29), (29, 24), (24, 38), (38, 24), (26, 29), (29, 26), (26, 35), (35, 26), (29, 39), (39, 29), (30, 31), (31, 30), (33, 34), (34, 33), (33, 38), (38, 33), (34, 38), (38, 34), (37, 39), (39, 37)]
Z_dad = [9, 13, 29]
Y_dad = [16]
X_dad = [4, 15, 20]
Z_da-ad = [5, 15, 39]
Y_da-ad = [9]
X_da-ad = [4, 13, 26]
