no              #fail
17.190          #totTm
0.253           #lastADTm
7               #itDAD
1.500           #avItADGoal
9               #itADOpt
13              #opt
13              #optDA-AD
0.555           #tmDA
0.0             #relGain

V = [1, 2, 3, 4, 5, 6, 7, 8, 9, 10, 11, 12, 13, 14, 15, 16, 17, 18, 19, 20, 21, 22, 23, 24, 25, 26, 27, 28, 29, 30, 31, 32, 33, 34, 35, 36, 37, 38, 39, 40]
A = [(1, 6), (6, 1), (1, 10), (10, 1), (1, 11), (11, 1), (1, 19), (19, 1), (1, 28), (28, 1), (2, 6), (6, 2), (2, 37), (37, 2), (2, 40), (40, 2), (3, 15), (15, 3), (3, 32), (32, 3), (4, 6), (6, 4), (4, 12), (12, 4), (4, 17), (17, 4), (4, 18), (18, 4), (4, 20), (20, 4), (4, 27), (27, 4), (4, 29), (29, 4), (4, 40), (40, 4), (5, 9), (9, 5), (5, 24), (24, 5), (5, 40), (40, 5), (6, 9), (9, 6), (6, 22), (22, 6), (7, 9), (9, 7), (7, 15), (15, 7), (7, 20), (20, 7), (7, 22), (22, 7), (7, 24), (24, 7), (7, 30), (30, 7), (7, 33), (33, 7), (8, 13), (13, 8), (9, 19), (19, 9), (9, 27), (27, 9), (9, 34), (34, 9), (10, 22), (22, 10), (10, 29), (29, 10), (10, 32), (32, 10), (10, 36), (36, 10), (11, 13), (13, 11), (11, 35), (35, 11), (13, 21), (21, 13), (13, 25), (25, 13), (13, 30), (30, 13), (13, 31), (31, 13), (14, 40), (40, 14), (15, 18), (18, 15), (15, 33), (33, 15), (15, 38), (38, 15), (16, 24), (24, 16), (16, 25), (25, 16), (16, 28), (28, 16), (16, 38), (38, 16), (17, 20), (20, 17), (17, 26), (26, 17), (17, 35), (35, 17), (18, 39), (39, 18), (19, 29), (29, 19), (19, 40), (40, 19), (20, 23), (23, 20), (21, 39), (39, 21), (23, 28), (28, 23), (23, 40), (40, 23), (24, 27), (27, 24), (25, 39), (39, 25), (26, 31), (31, 26), (26, 37), (37, 26), (26, 38), (38, 26), (26, 40), (40, 26), (27, 32), (32, 27), (27, 33), (33, 27), (27, 38), (38, 27), (29, 38), (38, 29), (30, 36), (36, 30), (33, 37), (37, 33), (33, 38), (38, 33), (37, 38), (38, 37), (38, 40), (40, 38), (39, 40), (40, 39)]
Z_dad = [13, 16, 40]
Y_dad = [4]
X_dad = [1, 17, 18]
Z_da-ad = [9, 13, 40]
Y_da-ad = [4]
X_da-ad = [16, 18, 26]
