no              #fail
17.688          #totTm
0.129           #lastADTm
6               #itDAD
1.200           #avItADGoal
3               #itADOpt
12              #opt
11              #optDA-AD
0.475           #tmDA
8.3             #relGain

V = [1, 2, 3, 4, 5, 6, 7, 8, 9, 10, 11, 12, 13, 14, 15, 16, 17, 18, 19, 20, 21, 22, 23, 24, 25, 26, 27, 28, 29, 30, 31, 32, 33, 34, 35, 36, 37, 38, 39, 40]
A = [(1, 9), (9, 1), (1, 10), (10, 1), (1, 23), (23, 1), (1, 25), (25, 1), (1, 38), (38, 1), (2, 19), (19, 2), (2, 26), (26, 2), (2, 29), (29, 2), (3, 10), (10, 3), (3, 16), (16, 3), (3, 19), (19, 3), (3, 26), (26, 3), (3, 27), (27, 3), (4, 7), (7, 4), (4, 11), (11, 4), (4, 31), (31, 4), (5, 6), (6, 5), (5, 25), (25, 5), (6, 11), (11, 6), (6, 18), (18, 6), (6, 25), (25, 6), (6, 26), (26, 6), (6, 27), (27, 6), (7, 30), (30, 7), (8, 13), (13, 8), (8, 21), (21, 8), (8, 28), (28, 8), (8, 38), (38, 8), (8, 40), (40, 8), (9, 13), (13, 9), (9, 19), (19, 9), (9, 22), (22, 9), (9, 23), (23, 9), (9, 30), (30, 9), (9, 35), (35, 9), (9, 37), (37, 9), (10, 23), (23, 10), (11, 26), (26, 11), (11, 31), (31, 11), (12, 14), (14, 12), (12, 34), (34, 12), (12, 36), (36, 12), (13, 20), (20, 13), (13, 23), (23, 13), (13, 24), (24, 13), (13, 40), (40, 13), (14, 29), (29, 14), (14, 40), (40, 14), (15, 19), (19, 15), (15, 25), (25, 15), (15, 31), (31, 15), (15, 32), (32, 15), (15, 34), (34, 15), (16, 22), (22, 16), (16, 31), (31, 16), (16, 32), (32, 16), (16, 36), (36, 16), (17, 18), (18, 17), (17, 23), (23, 17), (17, 28), (28, 17), (17, 32), (32, 17), (18, 26), (26, 18), (18, 29), (29, 18), (18, 34), (34, 18), (19, 26), (26, 19), (21, 23), (23, 21), (21, 33), (33, 21), (21, 37), (37, 21), (21, 39), (39, 21), (22, 24), (24, 22), (25, 38), (38, 25), (27, 31), (31, 27), (28, 30), (30, 28), (28, 39), (39, 28), (29, 30), (30, 29), (30, 33), (33, 30), (33, 36), (36, 33), (35, 38), (38, 35)]
Z_dad = [8, 9, 23]
Y_dad = [26]
X_dad = [12, 16, 29]
Z_da-ad = [9, 13, 16]
Y_da-ad = [21]
X_da-ad = [8, 14, 38]
