no              #fail
1.167           #totTm
0.194           #lastADTm
5               #itDAD
1.000           #avItADGoal
7               #itADOpt
15              #opt
13              #optDA-AD
0.496           #tmDA
13.3            #relGain

V = [1, 2, 3, 4, 5, 6, 7, 8, 9, 10, 11, 12, 13, 14, 15, 16, 17, 18, 19, 20, 21, 22, 23, 24, 25, 26, 27, 28, 29, 30, 31, 32, 33, 34, 35, 36, 37, 38, 39, 40]
A = [(1, 3), (3, 1), (1, 5), (5, 1), (1, 12), (12, 1), (2, 9), (9, 2), (2, 36), (36, 2), (2, 37), (37, 2), (3, 4), (4, 3), (3, 20), (20, 3), (3, 23), (23, 3), (3, 28), (28, 3), (3, 36), (36, 3), (3, 38), (38, 3), (4, 5), (5, 4), (4, 8), (8, 4), (4, 11), (11, 4), (4, 12), (12, 4), (4, 16), (16, 4), (4, 27), (27, 4), (4, 33), (33, 4), (4, 38), (38, 4), (4, 40), (40, 4), (5, 18), (18, 5), (5, 31), (31, 5), (5, 33), (33, 5), (6, 14), (14, 6), (6, 27), (27, 6), (7, 19), (19, 7), (8, 27), (27, 8), (8, 32), (32, 8), (9, 18), (18, 9), (9, 19), (19, 9), (9, 26), (26, 9), (9, 34), (34, 9), (9, 35), (35, 9), (10, 22), (22, 10), (11, 37), (37, 11), (12, 22), (22, 12), (12, 39), (39, 12), (13, 19), (19, 13), (13, 38), (38, 13), (14, 15), (15, 14), (14, 18), (18, 14), (14, 27), (27, 14), (14, 29), (29, 14), (15, 29), (29, 15), (15, 36), (36, 15), (16, 17), (17, 16), (16, 39), (39, 16), (17, 22), (22, 17), (17, 29), (29, 17), (17, 35), (35, 17), (18, 39), (39, 18), (18, 40), (40, 18), (19, 21), (21, 19), (19, 25), (25, 19), (20, 34), (34, 20), (20, 37), (37, 20), (20, 39), (39, 20), (21, 32), (32, 21), (22, 24), (24, 22), (22, 25), (25, 22), (22, 28), (28, 22), (23, 30), (30, 23), (23, 33), (33, 23), (23, 40), (40, 23), (25, 36), (36, 25), (26, 37), (37, 26), (26, 38), (38, 26), (27, 29), (29, 27), (27, 31), (31, 27), (27, 32), (32, 27), (27, 34), (34, 27), (27, 36), (36, 27), (29, 30), (30, 29), (29, 31), (31, 29), (33, 34), (34, 33), (33, 39), (39, 33), (35, 40), (40, 35)]
Z_dad = [3, 4, 27]
Y_dad = [9]
X_dad = [19, 22, 26]
Z_da-ad = [3, 19, 22]
Y_da-ad = [4]
X_da-ad = [32, 36, 38]
