no              #fail
5.988           #totTm
0.259           #lastADTm
6               #itDAD
1.200           #avItADGoal
9               #itADOpt
14              #opt
13              #optDA-AD
0.651           #tmDA
7.1             #relGain

V = [1, 2, 3, 4, 5, 6, 7, 8, 9, 10, 11, 12, 13, 14, 15, 16, 17, 18, 19, 20, 21, 22, 23, 24, 25, 26, 27, 28, 29, 30, 31, 32, 33, 34, 35, 36, 37, 38, 39, 40]
A = [(1, 13), (13, 1), (1, 16), (16, 1), (1, 19), (19, 1), (1, 24), (24, 1), (1, 26), (26, 1), (2, 8), (8, 2), (2, 19), (19, 2), (2, 26), (26, 2), (2, 37), (37, 2), (3, 10), (10, 3), (4, 7), (7, 4), (4, 16), (16, 4), (4, 31), (31, 4), (5, 6), (6, 5), (5, 7), (7, 5), (5, 19), (19, 5), (5, 20), (20, 5), (5, 25), (25, 5), (5, 28), (28, 5), (5, 36), (36, 5), (6, 8), (8, 6), (6, 10), (10, 6), (6, 12), (12, 6), (7, 22), (22, 7), (7, 31), (31, 7), (8, 15), (15, 8), (8, 16), (16, 8), (8, 24), (24, 8), (8, 39), (39, 8), (9, 31), (31, 9), (9, 32), (32, 9), (9, 35), (35, 9), (9, 36), (36, 9), (10, 11), (11, 10), (10, 21), (21, 10), (10, 33), (33, 10), (10, 34), (34, 10), (11, 15), (15, 11), (11, 17), (17, 11), (11, 21), (21, 11), (11, 22), (22, 11), (11, 35), (35, 11), (12, 15), (15, 12), (12, 16), (16, 12), (12, 17), (17, 12), (12, 24), (24, 12), (12, 33), (33, 12), (14, 31), (31, 14), (14, 35), (35, 14), (15, 17), (17, 15), (15, 22), (22, 15), (15, 30), (30, 15), (15, 37), (37, 15), (15, 40), (40, 15), (16, 23), (23, 16), (17, 32), (32, 17), (17, 35), (35, 17), (18, 23), (23, 18), (18, 29), (29, 18), (18, 36), (36, 18), (18, 37), (37, 18), (19, 37), (37, 19), (20, 32), (32, 20), (22, 26), (26, 22), (22, 31), (31, 22), (23, 28), (28, 23), (24, 25), (25, 24), (24, 28), (28, 24), (24, 32), (32, 24), (25, 27), (27, 25), (28, 39), (39, 28), (29, 33), (33, 29), (30, 31), (31, 30), (32, 33), (33, 32), (33, 36), (36, 33), (35, 40), (40, 35), (36, 39), (39, 36), (37, 40), (40, 37)]
Z_dad = [5, 11, 24]
Y_dad = [15]
X_dad = [1, 10, 32]
Z_da-ad = [1, 10, 25]
Y_da-ad = [18]
X_da-ad = [11, 31, 35]
