no              #fail
5.270           #totTm
0.324           #lastADTm
7               #itDAD
1.333           #avItADGoal
12              #itADOpt
14              #opt
13              #optDA-AD
0.667           #tmDA
7.1             #relGain

V = [1, 2, 3, 4, 5, 6, 7, 8, 9, 10, 11, 12, 13, 14, 15, 16, 17, 18, 19, 20, 21, 22, 23, 24, 25, 26, 27, 28, 29, 30, 31, 32, 33, 34, 35, 36, 37, 38, 39, 40]
A = [(1, 15), (15, 1), (1, 28), (28, 1), (1, 32), (32, 1), (2, 14), (14, 2), (2, 35), (35, 2), (3, 4), (4, 3), (3, 5), (5, 3), (3, 6), (6, 3), (3, 8), (8, 3), (3, 20), (20, 3), (3, 22), (22, 3), (3, 40), (40, 3), (4, 19), (19, 4), (4, 24), (24, 4), (4, 25), (25, 4), (4, 26), (26, 4), (4, 39), (39, 4), (5, 29), (29, 5), (5, 33), (33, 5), (6, 7), (7, 6), (6, 22), (22, 6), (6, 24), (24, 6), (6, 30), (30, 6), (6, 34), (34, 6), (7, 20), (20, 7), (7, 29), (29, 7), (7, 31), (31, 7), (8, 22), (22, 8), (8, 26), (26, 8), (8, 39), (39, 8), (9, 38), (38, 9), (9, 40), (40, 9), (10, 21), (21, 10), (10, 29), (29, 10), (11, 17), (17, 11), (11, 19), (19, 11), (11, 29), (29, 11), (13, 22), (22, 13), (13, 33), (33, 13), (14, 29), (29, 14), (14, 34), (34, 14), (14, 36), (36, 14), (14, 39), (39, 14), (15, 21), (21, 15), (15, 27), (27, 15), (15, 38), (38, 15), (16, 25), (25, 16), (16, 34), (34, 16), (17, 30), (30, 17), (17, 38), (38, 17), (18, 24), (24, 18), (18, 39), (39, 18), (19, 29), (29, 19), (20, 23), (23, 20), (20, 26), (26, 20), (20, 30), (30, 20), (20, 36), (36, 20), (20, 39), (39, 20), (21, 29), (29, 21), (21, 39), (39, 21), (22, 30), (30, 22), (22, 31), (31, 22), (22, 33), (33, 22), (23, 27), (27, 23), (23, 33), (33, 23), (23, 37), (37, 23), (24, 28), (28, 24), (24, 36), (36, 24), (25, 26), (26, 25), (25, 28), (28, 25), (25, 29), (29, 25), (25, 33), (33, 25), (26, 28), (28, 26), (27, 33), (33, 27), (30, 35), (35, 30), (31, 33), (33, 31), (32, 33), (33, 32), (36, 37), (37, 36)]
Z_dad = [3, 4, 29]
Y_dad = [30]
X_dad = [15, 17, 39]
Z_da-ad = [3, 15, 17]
Y_da-ad = [39]
X_da-ad = [22, 28, 33]
