no              #fail
6.738           #totTm
0.240           #lastADTm
5               #itDAD
1.000           #avItADGoal
8               #itADOpt
13              #opt
12              #optDA-AD
0.585           #tmDA
7.7             #relGain

V = [1, 2, 3, 4, 5, 6, 7, 8, 9, 10, 11, 12, 13, 14, 15, 16, 17, 18, 19, 20, 21, 22, 23, 24, 25, 26, 27, 28, 29, 30, 31, 32, 33, 34, 35, 36, 37, 38, 39, 40]
A = [(1, 13), (13, 1), (2, 15), (15, 2), (2, 36), (36, 2), (3, 4), (4, 3), (3, 7), (7, 3), (3, 8), (8, 3), (3, 16), (16, 3), (4, 10), (10, 4), (4, 17), (17, 4), (4, 26), (26, 4), (4, 27), (27, 4), (5, 21), (21, 5), (6, 17), (17, 6), (6, 20), (20, 6), (6, 21), (21, 6), (6, 32), (32, 6), (6, 34), (34, 6), (7, 10), (10, 7), (7, 18), (18, 7), (8, 21), (21, 8), (9, 27), (27, 9), (9, 28), (28, 9), (9, 34), (34, 9), (9, 39), (39, 9), (10, 17), (17, 10), (10, 19), (19, 10), (10, 21), (21, 10), (10, 34), (34, 10), (10, 36), (36, 10), (11, 27), (27, 11), (11, 34), (34, 11), (11, 36), (36, 11), (12, 25), (25, 12), (12, 33), (33, 12), (12, 36), (36, 12), (12, 39), (39, 12), (13, 27), (27, 13), (13, 28), (28, 13), (13, 30), (30, 13), (13, 31), (31, 13), (14, 21), (21, 14), (14, 22), (22, 14), (14, 25), (25, 14), (14, 29), (29, 14), (14, 30), (30, 14), (15, 16), (16, 15), (15, 23), (23, 15), (15, 25), (25, 15), (15, 33), (33, 15), (15, 35), (35, 15), (16, 28), (28, 16), (16, 29), (29, 16), (17, 22), (22, 17), (18, 33), (33, 18), (18, 40), (40, 18), (19, 24), (24, 19), (19, 32), (32, 19), (19, 34), (34, 19), (20, 37), (37, 20), (20, 39), (39, 20), (21, 24), (24, 21), (21, 26), (26, 21), (21, 33), (33, 21), (22, 26), (26, 22), (22, 31), (31, 22), (23, 25), (25, 23), (23, 38), (38, 23), (24, 29), (29, 24), (24, 36), (36, 24), (25, 34), (34, 25), (25, 37), (37, 25), (25, 38), (38, 25), (26, 27), (27, 26), (26, 33), (33, 26), (29, 35), (35, 29), (29, 36), (36, 29), (31, 32), (32, 31), (31, 33), (33, 31)]
Z_dad = [10, 21, 33]
Y_dad = [25]
X_dad = [3, 13, 14]
Z_da-ad = [13, 18, 21]
Y_da-ad = [15]
X_da-ad = [4, 10, 16]
