no              #fail
11.699          #totTm
0.162           #lastADTm
9               #itDAD
1.625           #avItADGoal
5               #itADOpt
15              #opt
14              #optDA-AD
0.556           #tmDA
6.7             #relGain

V = [1, 2, 3, 4, 5, 6, 7, 8, 9, 10, 11, 12, 13, 14, 15, 16, 17, 18, 19, 20, 21, 22, 23, 24, 25, 26, 27, 28, 29, 30, 31, 32, 33, 34, 35, 36, 37, 38, 39, 40]
A = [(1, 11), (11, 1), (1, 38), (38, 1), (2, 8), (8, 2), (2, 13), (13, 2), (2, 27), (27, 2), (2, 36), (36, 2), (3, 16), (16, 3), (3, 26), (26, 3), (4, 15), (15, 4), (4, 18), (18, 4), (4, 25), (25, 4), (4, 38), (38, 4), (4, 39), (39, 4), (5, 25), (25, 5), (5, 33), (33, 5), (6, 14), (14, 6), (6, 16), (16, 6), (6, 40), (40, 6), (7, 25), (25, 7), (8, 9), (9, 8), (8, 11), (11, 8), (8, 17), (17, 8), (8, 26), (26, 8), (8, 36), (36, 8), (9, 33), (33, 9), (10, 15), (15, 10), (10, 28), (28, 10), (11, 14), (14, 11), (11, 16), (16, 11), (11, 20), (20, 11), (11, 25), (25, 11), (11, 28), (28, 11), (11, 29), (29, 11), (12, 15), (15, 12), (12, 20), (20, 12), (12, 25), (25, 12), (12, 31), (31, 12), (13, 35), (35, 13), (13, 38), (38, 13), (15, 20), (20, 15), (15, 26), (26, 15), (15, 35), (35, 15), (15, 37), (37, 15), (16, 21), (21, 16), (16, 27), (27, 16), (16, 37), (37, 16), (16, 38), (38, 16), (17, 32), (32, 17), (17, 35), (35, 17), (18, 25), (25, 18), (18, 28), (28, 18), (18, 35), (35, 18), (18, 37), (37, 18), (19, 22), (22, 19), (19, 26), (26, 19), (19, 31), (31, 19), (20, 22), (22, 20), (20, 36), (36, 20), (21, 23), (23, 21), (23, 35), (35, 23), (23, 39), (39, 23), (24, 26), (26, 24), (24, 40), (40, 24), (25, 29), (29, 25), (25, 30), (30, 25), (27, 34), (34, 27), (27, 38), (38, 27), (29, 35), (35, 29), (29, 38), (38, 29), (30, 31), (31, 30), (30, 33), (33, 30), (31, 36), (36, 31), (32, 35), (35, 32), (32, 38), (38, 32), (33, 36), (36, 33), (36, 37), (37, 36), (37, 39), (39, 37), (38, 39), (39, 38)]
Z_dad = [15, 25, 36]
Y_dad = [11]
X_dad = [8, 20, 26]
Z_da-ad = [11, 16, 26]
Y_da-ad = [2]
X_da-ad = [23, 27, 38]
