no              #fail
17.877          #totTm
0.231           #lastADTm
8               #itDAD
1.714           #avItADGoal
7               #itADOpt
15              #opt
14              #optDA-AD
0.634           #tmDA
6.7             #relGain

V = [1, 2, 3, 4, 5, 6, 7, 8, 9, 10, 11, 12, 13, 14, 15, 16, 17, 18, 19, 20, 21, 22, 23, 24, 25, 26, 27, 28, 29, 30, 31, 32, 33, 34, 35, 36, 37, 38, 39, 40]
A = [(1, 2), (2, 1), (1, 6), (6, 1), (1, 15), (15, 1), (1, 20), (20, 1), (1, 31), (31, 1), (1, 37), (37, 1), (2, 7), (7, 2), (2, 31), (31, 2), (2, 39), (39, 2), (3, 15), (15, 3), (3, 18), (18, 3), (3, 21), (21, 3), (3, 36), (36, 3), (4, 14), (14, 4), (4, 18), (18, 4), (4, 26), (26, 4), (4, 29), (29, 4), (4, 33), (33, 4), (4, 38), (38, 4), (5, 9), (9, 5), (6, 33), (33, 6), (6, 39), (39, 6), (7, 10), (10, 7), (7, 14), (14, 7), (7, 18), (18, 7), (7, 24), (24, 7), (9, 15), (15, 9), (10, 14), (14, 10), (10, 18), (18, 10), (10, 30), (30, 10), (11, 12), (12, 11), (11, 30), (30, 11), (11, 38), (38, 11), (12, 14), (14, 12), (12, 27), (27, 12), (12, 30), (30, 12), (12, 34), (34, 12), (12, 36), (36, 12), (13, 32), (32, 13), (13, 33), (33, 13), (13, 37), (37, 13), (14, 27), (27, 14), (14, 31), (31, 14), (15, 21), (21, 15), (15, 27), (27, 15), (15, 30), (30, 15), (16, 31), (31, 16), (16, 34), (34, 16), (17, 19), (19, 17), (17, 25), (25, 17), (17, 32), (32, 17), (18, 25), (25, 18), (18, 30), (30, 18), (18, 32), (32, 18), (18, 36), (36, 18), (18, 38), (38, 18), (20, 23), (23, 20), (20, 40), (40, 20), (21, 23), (23, 21), (21, 26), (26, 21), (21, 30), (30, 21), (21, 31), (31, 21), (21, 36), (36, 21), (22, 38), (38, 22), (22, 40), (40, 22), (23, 35), (35, 23), (25, 26), (26, 25), (25, 30), (30, 25), (26, 30), (30, 26), (26, 34), (34, 26), (29, 31), (31, 29), (29, 36), (36, 29), (29, 37), (37, 29), (30, 40), (40, 30), (32, 34), (34, 32), (32, 35), (35, 32), (32, 36), (36, 32), (33, 37), (37, 33)]
Z_dad = [1, 7, 31]
Y_dad = [32]
X_dad = [15, 17, 33]
Z_da-ad = [7, 15, 17]
Y_da-ad = [33]
X_da-ad = [1, 6, 31]
