no              #fail
5.787           #totTm
4.453           #lastADTm
6               #itDAD
1.000           #avItADGoal
65              #itADOpt
76              #opt
76              #optDA-AD
0.962           #tmDA
0.0             #relGain

V = [1, 2, 3, 4, 5, 6, 7, 8, 9, 10, 11, 12, 13, 14, 15, 16, 17, 18, 19, 20, 21, 22, 23, 24, 25, 26, 27, 28, 29, 30, 31, 32, 33, 34, 35, 36, 37, 38, 39, 40, 41, 42, 43, 44, 45, 46, 47, 48, 49, 50, 51, 52, 53, 54, 55, 56, 57, 58, 59, 60, 61, 62, 63, 64, 65, 66, 67, 68, 69, 70, 71, 72, 73, 74, 75, 76, 77, 78, 79, 80]
A = [(2, 1), (1, 2), (3, 2), (2, 3), (4, 2), (2, 4), (5, 1), (1, 5), (6, 3), (3, 6), (7, 4), (4, 7), (8, 1), (1, 8), (9, 8), (8, 9), (10, 9), (9, 10), (11, 1), (1, 11), (12, 5), (5, 12), (13, 7), (7, 13), (14, 6), (6, 14), (15, 1), (1, 15), (16, 13), (13, 16), (17, 7), (7, 17), (18, 7), (7, 18), (19, 2), (2, 19), (20, 2), (2, 20), (21, 13), (13, 21), (22, 9), (9, 22), (23, 13), (13, 23), (24, 3), (3, 24), (25, 20), (20, 25), (26, 23), (23, 26), (27, 10), (10, 27), (28, 19), (19, 28), (29, 20), (20, 29), (30, 5), (5, 30), (31, 30), (30, 31), (32, 7), (7, 32), (33, 18), (18, 33), (34, 3), (3, 34), (35, 25), (25, 35), (36, 7), (7, 36), (37, 29), (29, 37), (38, 21), (21, 38), (39, 20), (20, 39), (40, 30), (30, 40), (41, 16), (16, 41), (42, 13), (13, 42), (43, 39), (39, 43), (44, 25), (25, 44), (45, 13), (13, 45), (46, 29), (29, 46), (47, 1), (1, 47), (48, 18), (18, 48), (49, 18), (18, 49), (50, 44), (44, 50), (51, 25), (25, 51), (52, 29), (29, 52), (53, 25), (25, 53), (54, 30), (30, 54), (55, 3), (3, 55), (56, 17), (17, 56), (57, 42), (42, 57), (58, 2), (2, 58), (59, 36), (36, 59), (60, 19), (19, 60), (61, 29), (29, 61), (62, 20), (20, 62), (63, 17), (17, 63), (64, 35), (35, 64), (65, 59), (59, 65), (66, 26), (26, 66), (67, 34), (34, 67), (68, 35), (35, 68), (69, 32), (32, 69), (70, 21), (21, 70), (71, 3), (3, 71), (72, 25), (25, 72), (73, 34), (34, 73), (74, 54), (54, 74), (75, 42), (42, 75), (76, 19), (19, 76), (77, 53), (53, 77), (78, 17), (17, 78), (79, 54), (54, 79), (80, 7), (7, 80)]
Z_dad = [7, 13, 20]
Y_dad = [3]
X_dad = [2, 6, 34]
Z_da-ad = [1, 7, 20]
Y_da-ad = [3]
X_da-ad = [2, 6, 34]
