no              #fail
13.059          #totTm
11.620          #lastADTm
5               #itDAD
1.000           #avItADGoal
72              #itADOpt
76              #opt
75              #optDA-AD
1.14            #tmDA
1.3             #relGain

V = [1, 2, 3, 4, 5, 6, 7, 8, 9, 10, 11, 12, 13, 14, 15, 16, 17, 18, 19, 20, 21, 22, 23, 24, 25, 26, 27, 28, 29, 30, 31, 32, 33, 34, 35, 36, 37, 38, 39, 40, 41, 42, 43, 44, 45, 46, 47, 48, 49, 50, 51, 52, 53, 54, 55, 56, 57, 58, 59, 60, 61, 62, 63, 64, 65, 66, 67, 68, 69, 70, 71, 72, 73, 74, 75, 76, 77, 78, 79, 80]
A = [(2, 1), (1, 2), (3, 1), (1, 3), (4, 2), (2, 4), (5, 2), (2, 5), (6, 4), (4, 6), (7, 1), (1, 7), (8, 5), (5, 8), (9, 1), (1, 9), (10, 1), (1, 10), (11, 9), (9, 11), (12, 6), (6, 12), (13, 1), (1, 13), (14, 6), (6, 14), (15, 11), (11, 15), (16, 2), (2, 16), (17, 11), (11, 17), (18, 7), (7, 18), (19, 8), (8, 19), (20, 13), (13, 20), (21, 6), (6, 21), (22, 3), (3, 22), (23, 14), (14, 23), (24, 13), (13, 24), (25, 1), (1, 25), (26, 13), (13, 26), (27, 7), (7, 27), (28, 5), (5, 28), (29, 18), (18, 29), (30, 6), (6, 30), (31, 12), (12, 31), (32, 19), (19, 32), (33, 25), (25, 33), (34, 23), (23, 34), (35, 8), (8, 35), (36, 10), (10, 36), (37, 8), (8, 37), (38, 3), (3, 38), (39, 32), (32, 39), (40, 1), (1, 40), (41, 15), (15, 41), (42, 41), (41, 42), (43, 11), (11, 43), (44, 17), (17, 44), (45, 19), (19, 45), (46, 29), (29, 46), (47, 35), (35, 47), (48, 11), (11, 48), (49, 35), (35, 49), (50, 31), (31, 50), (51, 11), (11, 51), (52, 31), (31, 52), (53, 14), (14, 53), (54, 6), (6, 54), (55, 20), (20, 55), (56, 33), (33, 56), (57, 53), (53, 57), (58, 6), (6, 58), (59, 48), (48, 59), (60, 14), (14, 60), (61, 13), (13, 61), (62, 56), (56, 62), (63, 51), (51, 63), (64, 5), (5, 64), (65, 32), (32, 65), (66, 16), (16, 66), (67, 21), (21, 67), (68, 56), (56, 68), (69, 10), (10, 69), (70, 5), (5, 70), (71, 16), (16, 71), (72, 25), (25, 72), (73, 31), (31, 73), (74, 61), (61, 74), (75, 64), (64, 75), (76, 3), (3, 76), (77, 42), (42, 77), (78, 41), (41, 78), (79, 47), (47, 79), (80, 5), (5, 80)]
Z_dad = [1, 6, 11]
Y_dad = [5]
X_dad = [2, 8, 64]
Z_da-ad = [1, 5, 6]
Y_da-ad = [11]
X_da-ad = [15, 17, 48]
