no              #fail
12.256          #totTm
10.862          #lastADTm
5               #itDAD
1.000           #avItADGoal
74              #itADOpt
78              #opt
77              #optDA-AD
1.268           #tmDA
1.3             #relGain

V = [1, 2, 3, 4, 5, 6, 7, 8, 9, 10, 11, 12, 13, 14, 15, 16, 17, 18, 19, 20, 21, 22, 23, 24, 25, 26, 27, 28, 29, 30, 31, 32, 33, 34, 35, 36, 37, 38, 39, 40, 41, 42, 43, 44, 45, 46, 47, 48, 49, 50, 51, 52, 53, 54, 55, 56, 57, 58, 59, 60, 61, 62, 63, 64, 65, 66, 67, 68, 69, 70, 71, 72, 73, 74, 75, 76, 77, 78, 79, 80]
A = [(2, 1), (1, 2), (3, 1), (1, 3), (4, 3), (3, 4), (5, 4), (4, 5), (6, 2), (2, 6), (7, 3), (3, 7), (8, 1), (1, 8), (9, 7), (7, 9), (10, 7), (7, 10), (11, 7), (7, 11), (12, 7), (7, 12), (13, 5), (5, 13), (14, 9), (9, 14), (15, 2), (2, 15), (16, 15), (15, 16), (17, 3), (3, 17), (18, 10), (10, 18), (19, 9), (9, 19), (20, 6), (6, 20), (21, 4), (4, 21), (22, 3), (3, 22), (23, 19), (19, 23), (24, 10), (10, 24), (25, 21), (21, 25), (26, 11), (11, 26), (27, 9), (9, 27), (28, 4), (4, 28), (29, 7), (7, 29), (30, 22), (22, 30), (31, 7), (7, 31), (32, 8), (8, 32), (33, 12), (12, 33), (34, 28), (28, 34), (35, 24), (24, 35), (36, 18), (18, 36), (37, 25), (25, 37), (38, 31), (31, 38), (39, 9), (9, 39), (40, 13), (13, 40), (41, 5), (5, 41), (42, 36), (36, 42), (43, 40), (40, 43), (44, 25), (25, 44), (45, 41), (41, 45), (46, 35), (35, 46), (47, 41), (41, 47), (48, 36), (36, 48), (49, 12), (12, 49), (50, 15), (15, 50), (51, 49), (49, 51), (52, 23), (23, 52), (53, 29), (29, 53), (54, 34), (34, 54), (55, 9), (9, 55), (56, 6), (6, 56), (57, 18), (18, 57), (58, 43), (43, 58), (59, 8), (8, 59), (60, 49), (49, 60), (61, 27), (27, 61), (62, 61), (61, 62), (63, 6), (6, 63), (64, 4), (4, 64), (65, 46), (46, 65), (66, 23), (23, 66), (67, 17), (17, 67), (68, 18), (18, 68), (69, 50), (50, 69), (70, 1), (1, 70), (71, 68), (68, 71), (72, 12), (12, 72), (73, 21), (21, 73), (74, 60), (60, 74), (75, 7), (7, 75), (76, 73), (73, 76), (77, 8), (8, 77), (78, 28), (28, 78), (79, 4), (4, 79), (80, 62), (62, 80)]
Z_dad = [4, 7, 9]
Y_dad = [6]
X_dad = [2, 20, 56]
Z_da-ad = [1, 4, 7]
Y_da-ad = [9]
X_da-ad = [14, 19, 27]
