no              #fail
13.352          #totTm
11.856          #lastADTm
5               #itDAD
1.000           #avItADGoal
74              #itADOpt
78              #opt
76              #optDA-AD
0.921           #tmDA
2.6             #relGain

V = [1, 2, 3, 4, 5, 6, 7, 8, 9, 10, 11, 12, 13, 14, 15, 16, 17, 18, 19, 20, 21, 22, 23, 24, 25, 26, 27, 28, 29, 30, 31, 32, 33, 34, 35, 36, 37, 38, 39, 40, 41, 42, 43, 44, 45, 46, 47, 48, 49, 50, 51, 52, 53, 54, 55, 56, 57, 58, 59, 60, 61, 62, 63, 64, 65, 66, 67, 68, 69, 70, 71, 72, 73, 74, 75, 76, 77, 78, 79, 80]
A = [(2, 1), (1, 2), (3, 2), (2, 3), (4, 3), (3, 4), (5, 1), (1, 5), (6, 1), (1, 6), (7, 4), (4, 7), (8, 6), (6, 8), (9, 7), (7, 9), (10, 6), (6, 10), (11, 9), (9, 11), (12, 10), (10, 12), (13, 12), (12, 13), (14, 12), (12, 14), (15, 11), (11, 15), (16, 7), (7, 16), (17, 12), (12, 17), (18, 12), (12, 18), (19, 15), (15, 19), (20, 16), (16, 20), (21, 18), (18, 21), (22, 5), (5, 22), (23, 8), (8, 23), (24, 5), (5, 24), (25, 23), (23, 25), (26, 8), (8, 26), (27, 21), (21, 27), (28, 19), (19, 28), (29, 9), (9, 29), (30, 3), (3, 30), (31, 19), (19, 31), (32, 10), (10, 32), (33, 2), (2, 33), (34, 15), (15, 34), (35, 27), (27, 35), (36, 32), (32, 36), (37, 13), (13, 37), (38, 35), (35, 38), (39, 7), (7, 39), (40, 4), (4, 40), (41, 4), (4, 41), (42, 11), (11, 42), (43, 33), (33, 43), (44, 19), (19, 44), (45, 39), (39, 45), (46, 28), (28, 46), (47, 41), (41, 47), (48, 14), (14, 48), (49, 26), (26, 49), (50, 25), (25, 50), (51, 2), (2, 51), (52, 4), (4, 52), (53, 14), (14, 53), (54, 36), (36, 54), (55, 50), (50, 55), (56, 10), (10, 56), (57, 17), (17, 57), (58, 32), (32, 58), (59, 1), (1, 59), (60, 16), (16, 60), (61, 17), (17, 61), (62, 58), (58, 62), (63, 61), (61, 63), (64, 13), (13, 64), (65, 15), (15, 65), (66, 32), (32, 66), (67, 66), (66, 67), (68, 40), (40, 68), (69, 46), (46, 69), (70, 50), (50, 70), (71, 41), (41, 71), (72, 55), (55, 72), (73, 54), (54, 73), (74, 45), (45, 74), (75, 24), (24, 75), (76, 22), (22, 76), (77, 10), (10, 77), (78, 34), (34, 78), (79, 56), (56, 79), (80, 40), (40, 80)]
Z_dad = [4, 12, 32]
Y_dad = [1]
X_dad = [2, 5, 6]
Z_da-ad = [1, 7, 10]
Y_da-ad = [12]
X_da-ad = [13, 17, 18]
