no              #fail
14.432          #totTm
12.525          #lastADTm
6               #itDAD
1.000           #avItADGoal
73              #itADOpt
77              #opt
76              #optDA-AD
0.835           #tmDA
1.3             #relGain

V = [1, 2, 3, 4, 5, 6, 7, 8, 9, 10, 11, 12, 13, 14, 15, 16, 17, 18, 19, 20, 21, 22, 23, 24, 25, 26, 27, 28, 29, 30, 31, 32, 33, 34, 35, 36, 37, 38, 39, 40, 41, 42, 43, 44, 45, 46, 47, 48, 49, 50, 51, 52, 53, 54, 55, 56, 57, 58, 59, 60, 61, 62, 63, 64, 65, 66, 67, 68, 69, 70, 71, 72, 73, 74, 75, 76, 77, 78, 79, 80]
A = [(2, 1), (1, 2), (3, 2), (2, 3), (4, 1), (1, 4), (5, 2), (2, 5), (6, 4), (4, 6), (7, 6), (6, 7), (8, 4), (4, 8), (9, 2), (2, 9), (10, 9), (9, 10), (11, 3), (3, 11), (12, 3), (3, 12), (13, 10), (10, 13), (14, 5), (5, 14), (15, 5), (5, 15), (16, 15), (15, 16), (17, 3), (3, 17), (18, 5), (5, 18), (19, 7), (7, 19), (20, 13), (13, 20), (21, 1), (1, 21), (22, 14), (14, 22), (23, 12), (12, 23), (24, 9), (9, 24), (25, 5), (5, 25), (26, 18), (18, 26), (27, 12), (12, 27), (28, 27), (27, 28), (29, 27), (27, 29), (30, 20), (20, 30), (31, 9), (9, 31), (32, 26), (26, 32), (33, 29), (29, 33), (34, 29), (29, 34), (35, 12), (12, 35), (36, 34), (34, 36), (37, 21), (21, 37), (38, 24), (24, 38), (39, 35), (35, 39), (40, 10), (10, 40), (41, 33), (33, 41), (42, 29), (29, 42), (43, 25), (25, 43), (44, 4), (4, 44), (45, 18), (18, 45), (46, 42), (42, 46), (47, 15), (15, 47), (48, 25), (25, 48), (49, 37), (37, 49), (50, 7), (7, 50), (51, 43), (43, 51), (52, 26), (26, 52), (53, 21), (21, 53), (54, 1), (1, 54), (55, 30), (30, 55), (56, 53), (53, 56), (57, 39), (39, 57), (58, 50), (50, 58), (59, 36), (36, 59), (60, 52), (52, 60), (61, 57), (57, 61), (62, 59), (59, 62), (63, 22), (22, 63), (64, 1), (1, 64), (65, 44), (44, 65), (66, 56), (56, 66), (67, 3), (3, 67), (68, 42), (42, 68), (69, 68), (68, 69), (70, 34), (34, 70), (71, 27), (27, 71), (72, 5), (5, 72), (73, 27), (27, 73), (74, 63), (63, 74), (75, 3), (3, 75), (76, 47), (47, 76), (77, 33), (33, 77), (78, 55), (55, 78), (79, 63), (63, 79), (80, 44), (44, 80)]
Z_dad = [3, 5, 29]
Y_dad = [1]
X_dad = [2, 4, 21]
Z_da-ad = [1, 5, 12]
Y_da-ad = [29]
X_da-ad = [27, 34, 42]
