no              #fail
10.476          #totTm
8.604           #lastADTm
6               #itDAD
1.000           #avItADGoal
71              #itADOpt
78              #opt
77              #optDA-AD
1.035           #tmDA
1.3             #relGain

V = [1, 2, 3, 4, 5, 6, 7, 8, 9, 10, 11, 12, 13, 14, 15, 16, 17, 18, 19, 20, 21, 22, 23, 24, 25, 26, 27, 28, 29, 30, 31, 32, 33, 34, 35, 36, 37, 38, 39, 40, 41, 42, 43, 44, 45, 46, 47, 48, 49, 50, 51, 52, 53, 54, 55, 56, 57, 58, 59, 60, 61, 62, 63, 64, 65, 66, 67, 68, 69, 70, 71, 72, 73, 74, 75, 76, 77, 78, 79, 80]
A = [(2, 1), (1, 2), (3, 2), (2, 3), (4, 2), (2, 4), (5, 4), (4, 5), (6, 5), (5, 6), (7, 1), (1, 7), (8, 4), (4, 8), (9, 8), (8, 9), (10, 5), (5, 10), (11, 1), (1, 11), (12, 9), (9, 12), (13, 4), (4, 13), (14, 12), (12, 14), (15, 14), (14, 15), (16, 12), (12, 16), (17, 15), (15, 17), (18, 10), (10, 18), (19, 17), (17, 19), (20, 9), (9, 20), (21, 16), (16, 21), (22, 19), (19, 22), (23, 13), (13, 23), (24, 10), (10, 24), (25, 7), (7, 25), (26, 13), (13, 26), (27, 11), (11, 27), (28, 2), (2, 28), (29, 24), (24, 29), (30, 16), (16, 30), (31, 10), (10, 31), (32, 31), (31, 32), (33, 17), (17, 33), (34, 7), (7, 34), (35, 9), (9, 35), (36, 8), (8, 36), (37, 22), (22, 37), (38, 22), (22, 38), (39, 24), (24, 39), (40, 27), (27, 40), (41, 16), (16, 41), (42, 33), (33, 42), (43, 38), (38, 43), (44, 8), (8, 44), (45, 42), (42, 45), (46, 8), (8, 46), (47, 42), (42, 47), (48, 16), (16, 48), (49, 46), (46, 49), (50, 49), (49, 50), (51, 7), (7, 51), (52, 28), (28, 52), (53, 47), (47, 53), (54, 2), (2, 54), (55, 54), (54, 55), (56, 26), (26, 56), (57, 20), (20, 57), (58, 43), (43, 58), (59, 28), (28, 59), (60, 19), (19, 60), (61, 40), (40, 61), (62, 6), (6, 62), (63, 41), (41, 63), (64, 39), (39, 64), (65, 21), (21, 65), (66, 58), (58, 66), (67, 25), (25, 67), (68, 43), (43, 68), (69, 19), (19, 69), (70, 53), (53, 70), (71, 43), (43, 71), (72, 36), (36, 72), (73, 20), (20, 73), (74, 7), (7, 74), (75, 58), (58, 75), (76, 49), (49, 76), (77, 17), (17, 77), (78, 12), (12, 78), (79, 66), (66, 79), (80, 64), (64, 80)]
Z_dad = [1, 4, 16]
Y_dad = [17]
X_dad = [15, 19, 33]
Z_da-ad = [2, 8, 17]
Y_da-ad = [7]
X_da-ad = [1, 25, 34]
