no              #fail
12.496          #totTm
11.181          #lastADTm
5               #itDAD
1.000           #avItADGoal
74              #itADOpt
78              #opt
78              #optDA-AD
1.1             #tmDA
0.0             #relGain

V = [1, 2, 3, 4, 5, 6, 7, 8, 9, 10, 11, 12, 13, 14, 15, 16, 17, 18, 19, 20, 21, 22, 23, 24, 25, 26, 27, 28, 29, 30, 31, 32, 33, 34, 35, 36, 37, 38, 39, 40, 41, 42, 43, 44, 45, 46, 47, 48, 49, 50, 51, 52, 53, 54, 55, 56, 57, 58, 59, 60, 61, 62, 63, 64, 65, 66, 67, 68, 69, 70, 71, 72, 73, 74, 75, 76, 77, 78, 79, 80]
A = [(2, 1), (1, 2), (3, 1), (1, 3), (4, 1), (1, 4), (5, 3), (3, 5), (6, 3), (3, 6), (7, 1), (1, 7), (8, 2), (2, 8), (9, 4), (4, 9), (10, 3), (3, 10), (11, 1), (1, 11), (12, 3), (3, 12), (13, 1), (1, 13), (14, 10), (10, 14), (15, 11), (11, 15), (16, 4), (4, 16), (17, 6), (6, 17), (18, 17), (17, 18), (19, 10), (10, 19), (20, 2), (2, 20), (21, 4), (4, 21), (22, 1), (1, 22), (23, 1), (1, 23), (24, 1), (1, 24), (25, 9), (9, 25), (26, 9), (9, 26), (27, 26), (26, 27), (28, 25), (25, 28), (29, 9), (9, 29), (30, 2), (2, 30), (31, 2), (2, 31), (32, 1), (1, 32), (33, 18), (18, 33), (34, 30), (30, 34), (35, 25), (25, 35), (36, 33), (33, 36), (37, 11), (11, 37), (38, 12), (12, 38), (39, 22), (22, 39), (40, 1), (1, 40), (41, 38), (38, 41), (42, 34), (34, 42), (43, 18), (18, 43), (44, 24), (24, 44), (45, 20), (20, 45), (46, 5), (5, 46), (47, 10), (10, 47), (48, 43), (43, 48), (49, 45), (45, 49), (50, 32), (32, 50), (51, 48), (48, 51), (52, 46), (46, 52), (53, 36), (36, 53), (54, 40), (40, 54), (55, 24), (24, 55), (56, 49), (49, 56), (57, 33), (33, 57), (58, 49), (49, 58), (59, 28), (28, 59), (60, 25), (25, 60), (61, 55), (55, 61), (62, 55), (55, 62), (63, 21), (21, 63), (64, 61), (61, 64), (65, 28), (28, 65), (66, 13), (13, 66), (67, 39), (39, 67), (68, 64), (64, 68), (69, 55), (55, 69), (70, 18), (18, 70), (71, 33), (33, 71), (72, 47), (47, 72), (73, 32), (32, 73), (74, 67), (67, 74), (75, 68), (68, 75), (76, 17), (17, 76), (77, 75), (75, 77), (78, 74), (74, 78), (79, 54), (54, 79), (80, 53), (53, 80)]
Z_dad = [1, 3, 9]
Y_dad = [2]
X_dad = [8, 20, 30]
Z_da-ad = [1, 6, 28]
Y_da-ad = [2]
X_da-ad = [8, 20, 30]
