no              #fail
10.132          #totTm
9.105           #lastADTm
6               #itDAD
1.000           #avItADGoal
77              #itADOpt
78              #opt
78              #optDA-AD
0.782           #tmDA
0.0             #relGain

V = [1, 2, 3, 4, 5, 6, 7, 8, 9, 10, 11, 12, 13, 14, 15, 16, 17, 18, 19, 20, 21, 22, 23, 24, 25, 26, 27, 28, 29, 30, 31, 32, 33, 34, 35, 36, 37, 38, 39, 40, 41, 42, 43, 44, 45, 46, 47, 48, 49, 50, 51, 52, 53, 54, 55, 56, 57, 58, 59, 60, 61, 62, 63, 64, 65, 66, 67, 68, 69, 70, 71, 72, 73, 74, 75, 76, 77, 78, 79, 80]
A = [(2, 1), (1, 2), (3, 1), (1, 3), (4, 2), (2, 4), (5, 4), (4, 5), (6, 2), (2, 6), (7, 2), (2, 7), (8, 2), (2, 8), (9, 7), (7, 9), (10, 1), (1, 10), (11, 1), (1, 11), (12, 5), (5, 12), (13, 6), (6, 13), (14, 7), (7, 14), (15, 4), (4, 15), (16, 5), (5, 16), (17, 8), (8, 17), (18, 6), (6, 18), (19, 1), (1, 19), (20, 18), (18, 20), (21, 17), (17, 21), (22, 13), (13, 22), (23, 13), (13, 23), (24, 15), (15, 24), (25, 18), (18, 25), (26, 22), (22, 26), (27, 12), (12, 27), (28, 11), (11, 28), (29, 25), (25, 29), (30, 12), (12, 30), (31, 30), (30, 31), (32, 11), (11, 32), (33, 25), (25, 33), (34, 16), (16, 34), (35, 4), (4, 35), (36, 9), (9, 36), (37, 14), (14, 37), (38, 37), (37, 38), (39, 5), (5, 39), (40, 15), (15, 40), (41, 10), (10, 41), (42, 24), (24, 42), (43, 39), (39, 43), (44, 22), (22, 44), (45, 21), (21, 45), (46, 36), (36, 46), (47, 10), (10, 47), (48, 42), (42, 48), (49, 48), (48, 49), (50, 39), (39, 50), (51, 39), (39, 51), (52, 49), (49, 52), (53, 49), (49, 53), (54, 15), (15, 54), (55, 40), (40, 55), (56, 47), (47, 56), (57, 16), (16, 57), (58, 38), (38, 58), (59, 27), (27, 59), (60, 58), (58, 60), (61, 24), (24, 61), (62, 42), (42, 62), (63, 20), (20, 63), (64, 2), (2, 64), (65, 64), (64, 65), (66, 32), (32, 66), (67, 66), (66, 67), (68, 2), (2, 68), (69, 51), (51, 69), (70, 3), (3, 70), (71, 6), (6, 71), (72, 27), (27, 72), (73, 46), (46, 73), (74, 59), (59, 74), (75, 37), (37, 75), (76, 64), (64, 76), (77, 52), (52, 77), (78, 56), (56, 78), (79, 44), (44, 79), (80, 76), (76, 80)]
Z_dad = [2, 4, 11]
Y_dad = [39]
X_dad = [5, 43, 51]
Z_da-ad = [2, 4, 27]
Y_da-ad = [1]
X_da-ad = [3, 10, 11]
