no              #fail
10.253          #totTm
8.800           #lastADTm
5               #itDAD
1.000           #avItADGoal
74              #itADOpt
78              #opt
78              #optDA-AD
1.156           #tmDA
0.0             #relGain

V = [1, 2, 3, 4, 5, 6, 7, 8, 9, 10, 11, 12, 13, 14, 15, 16, 17, 18, 19, 20, 21, 22, 23, 24, 25, 26, 27, 28, 29, 30, 31, 32, 33, 34, 35, 36, 37, 38, 39, 40, 41, 42, 43, 44, 45, 46, 47, 48, 49, 50, 51, 52, 53, 54, 55, 56, 57, 58, 59, 60, 61, 62, 63, 64, 65, 66, 67, 68, 69, 70, 71, 72, 73, 74, 75, 76, 77, 78, 79, 80]
A = [(2, 1), (1, 2), (3, 2), (2, 3), (4, 1), (1, 4), (5, 3), (3, 5), (6, 5), (5, 6), (7, 3), (3, 7), (8, 3), (3, 8), (9, 7), (7, 9), (10, 3), (3, 10), (11, 5), (5, 11), (12, 8), (8, 12), (13, 3), (3, 13), (14, 3), (3, 14), (15, 5), (5, 15), (16, 11), (11, 16), (17, 7), (7, 17), (18, 10), (10, 18), (19, 14), (14, 19), (20, 15), (15, 20), (21, 17), (17, 21), (22, 10), (10, 22), (23, 15), (15, 23), (24, 1), (1, 24), (25, 18), (18, 25), (26, 5), (5, 26), (27, 26), (26, 27), (28, 1), (1, 28), (29, 12), (12, 29), (30, 21), (21, 30), (31, 30), (30, 31), (32, 16), (16, 32), (33, 20), (20, 33), (34, 10), (10, 34), (35, 28), (28, 35), (36, 32), (32, 36), (37, 18), (18, 37), (38, 36), (36, 38), (39, 17), (17, 39), (40, 16), (16, 40), (41, 25), (25, 41), (42, 4), (4, 42), (43, 18), (18, 43), (44, 26), (26, 44), (45, 28), (28, 45), (46, 33), (33, 46), (47, 26), (26, 47), (48, 26), (26, 48), (49, 23), (23, 49), (50, 30), (30, 50), (51, 3), (3, 51), (52, 45), (45, 52), (53, 41), (41, 53), (54, 8), (8, 54), (55, 36), (36, 55), (56, 11), (11, 56), (57, 23), (23, 57), (58, 43), (43, 58), (59, 23), (23, 59), (60, 29), (29, 60), (61, 60), (60, 61), (62, 59), (59, 62), (63, 27), (27, 63), (64, 63), (63, 64), (65, 31), (31, 65), (66, 60), (60, 66), (67, 32), (32, 67), (68, 59), (59, 68), (69, 4), (4, 69), (70, 58), (58, 70), (71, 62), (62, 71), (72, 53), (53, 72), (73, 35), (35, 73), (74, 61), (61, 74), (75, 5), (5, 75), (76, 62), (62, 76), (77, 35), (35, 77), (78, 36), (36, 78), (79, 50), (50, 79), (80, 76), (76, 80)]
Z_dad = [3, 5, 26]
Y_dad = [36]
X_dad = [32, 38, 55]
Z_da-ad = [3, 5, 80]
Y_da-ad = [26]
X_da-ad = [27, 44, 47]
