no              #fail
13.127          #totTm
11.654          #lastADTm
5               #itDAD
1.000           #avItADGoal
72              #itADOpt
76              #opt
75              #optDA-AD
1.305           #tmDA
1.3             #relGain

V = [1, 2, 3, 4, 5, 6, 7, 8, 9, 10, 11, 12, 13, 14, 15, 16, 17, 18, 19, 20, 21, 22, 23, 24, 25, 26, 27, 28, 29, 30, 31, 32, 33, 34, 35, 36, 37, 38, 39, 40, 41, 42, 43, 44, 45, 46, 47, 48, 49, 50, 51, 52, 53, 54, 55, 56, 57, 58, 59, 60, 61, 62, 63, 64, 65, 66, 67, 68, 69, 70, 71, 72, 73, 74, 75, 76, 77, 78, 79, 80]
A = [(2, 1), (1, 2), (3, 2), (2, 3), (4, 1), (1, 4), (5, 4), (4, 5), (6, 2), (2, 6), (7, 4), (4, 7), (8, 5), (5, 8), (9, 4), (4, 9), (10, 8), (8, 10), (11, 6), (6, 11), (12, 2), (2, 12), (13, 10), (10, 13), (14, 9), (9, 14), (15, 10), (10, 15), (16, 7), (7, 16), (17, 13), (13, 17), (18, 7), (7, 18), (19, 13), (13, 19), (20, 15), (15, 20), (21, 6), (6, 21), (22, 1), (1, 22), (23, 5), (5, 23), (24, 19), (19, 24), (25, 18), (18, 25), (26, 20), (20, 26), (27, 17), (17, 27), (28, 26), (26, 28), (29, 14), (14, 29), (30, 10), (10, 30), (31, 3), (3, 31), (32, 9), (9, 32), (33, 25), (25, 33), (34, 19), (19, 34), (35, 14), (14, 35), (36, 19), (19, 36), (37, 32), (32, 37), (38, 19), (19, 38), (39, 24), (24, 39), (40, 1), (1, 40), (41, 2), (2, 41), (42, 20), (20, 42), (43, 37), (37, 43), (44, 20), (20, 44), (45, 8), (8, 45), (46, 27), (27, 46), (47, 3), (3, 47), (48, 12), (12, 48), (49, 1), (1, 49), (50, 26), (26, 50), (51, 11), (11, 51), (52, 2), (2, 52), (53, 45), (45, 53), (54, 35), (35, 54), (55, 7), (7, 55), (56, 22), (22, 56), (57, 44), (44, 57), (58, 46), (46, 58), (59, 27), (27, 59), (60, 41), (41, 60), (61, 20), (20, 61), (62, 19), (19, 62), (63, 62), (62, 63), (64, 53), (53, 64), (65, 9), (9, 65), (66, 13), (13, 66), (67, 54), (54, 67), (68, 49), (49, 68), (69, 2), (2, 69), (70, 59), (59, 70), (71, 7), (7, 71), (72, 58), (58, 72), (73, 3), (3, 73), (74, 18), (18, 74), (75, 53), (53, 75), (76, 15), (15, 76), (77, 14), (14, 77), (78, 45), (45, 78), (79, 74), (74, 79), (80, 61), (61, 80)]
Z_dad = [2, 4, 19]
Y_dad = [20]
X_dad = [15, 26, 44]
Z_da-ad = [3, 4, 10]
Y_da-ad = [2]
X_da-ad = [1, 6, 12]
