no              #fail
10.198          #totTm
8.699           #lastADTm
5               #itDAD
1.000           #avItADGoal
72              #itADOpt
77              #opt
76              #optDA-AD
1.198           #tmDA
1.3             #relGain

V = [1, 2, 3, 4, 5, 6, 7, 8, 9, 10, 11, 12, 13, 14, 15, 16, 17, 18, 19, 20, 21, 22, 23, 24, 25, 26, 27, 28, 29, 30, 31, 32, 33, 34, 35, 36, 37, 38, 39, 40, 41, 42, 43, 44, 45, 46, 47, 48, 49, 50, 51, 52, 53, 54, 55, 56, 57, 58, 59, 60, 61, 62, 63, 64, 65, 66, 67, 68, 69, 70, 71, 72, 73, 74, 75, 76, 77, 78, 79, 80]
A = [(2, 1), (1, 2), (3, 1), (1, 3), (4, 3), (3, 4), (5, 2), (2, 5), (6, 2), (2, 6), (7, 6), (6, 7), (8, 5), (5, 8), (9, 5), (5, 9), (10, 1), (1, 10), (11, 2), (2, 11), (12, 4), (4, 12), (13, 6), (6, 13), (14, 2), (2, 14), (15, 14), (14, 15), (16, 1), (1, 16), (17, 3), (3, 17), (18, 16), (16, 18), (19, 3), (3, 19), (20, 19), (19, 20), (21, 1), (1, 21), (22, 7), (7, 22), (23, 22), (22, 23), (24, 2), (2, 24), (25, 10), (10, 25), (26, 16), (16, 26), (27, 16), (16, 27), (28, 20), (20, 28), (29, 14), (14, 29), (30, 16), (16, 30), (31, 7), (7, 31), (32, 6), (6, 32), (33, 6), (6, 33), (34, 13), (13, 34), (35, 9), (9, 35), (36, 10), (10, 36), (37, 6), (6, 37), (38, 4), (4, 38), (39, 31), (31, 39), (40, 38), (38, 40), (41, 8), (8, 41), (42, 41), (41, 42), (43, 27), (27, 43), (44, 16), (16, 44), (45, 12), (12, 45), (46, 37), (37, 46), (47, 30), (30, 47), (48, 30), (30, 48), (49, 23), (23, 49), (50, 3), (3, 50), (51, 45), (45, 51), (52, 13), (13, 52), (53, 20), (20, 53), (54, 20), (20, 54), (55, 44), (44, 55), (56, 6), (6, 56), (57, 39), (39, 57), (58, 21), (21, 58), (59, 37), (37, 59), (60, 22), (22, 60), (61, 5), (5, 61), (62, 24), (24, 62), (63, 38), (38, 63), (64, 54), (54, 64), (65, 3), (3, 65), (66, 49), (49, 66), (67, 35), (35, 67), (68, 55), (55, 68), (69, 42), (42, 69), (70, 23), (23, 70), (71, 8), (8, 71), (72, 39), (39, 72), (73, 61), (61, 73), (74, 2), (2, 74), (75, 74), (74, 75), (76, 48), (48, 76), (77, 34), (34, 77), (78, 20), (20, 78), (79, 31), (31, 79), (80, 47), (47, 80)]
Z_dad = [1, 2, 6]
Y_dad = [3]
X_dad = [4, 17, 19]
Z_da-ad = [1, 2, 31]
Y_da-ad = [6]
X_da-ad = [7, 13, 37]
