no              #fail
13.850          #totTm
12.413          #lastADTm
5               #itDAD
1.000           #avItADGoal
72              #itADOpt
77              #opt
76              #optDA-AD
1.256           #tmDA
1.3             #relGain

V = [1, 2, 3, 4, 5, 6, 7, 8, 9, 10, 11, 12, 13, 14, 15, 16, 17, 18, 19, 20, 21, 22, 23, 24, 25, 26, 27, 28, 29, 30, 31, 32, 33, 34, 35, 36, 37, 38, 39, 40, 41, 42, 43, 44, 45, 46, 47, 48, 49, 50, 51, 52, 53, 54, 55, 56, 57, 58, 59, 60, 61, 62, 63, 64, 65, 66, 67, 68, 69, 70, 71, 72, 73, 74, 75, 76, 77, 78, 79, 80]
A = [(2, 1), (1, 2), (3, 1), (1, 3), (4, 1), (1, 4), (5, 3), (3, 5), (6, 1), (1, 6), (7, 6), (6, 7), (8, 7), (7, 8), (9, 7), (7, 9), (10, 8), (8, 10), (11, 4), (4, 11), (12, 3), (3, 12), (13, 3), (3, 13), (14, 12), (12, 14), (15, 13), (13, 15), (16, 15), (15, 16), (17, 11), (11, 17), (18, 9), (9, 18), (19, 13), (13, 19), (20, 7), (7, 20), (21, 7), (7, 21), (22, 8), (8, 22), (23, 10), (10, 23), (24, 6), (6, 24), (25, 19), (19, 25), (26, 15), (15, 26), (27, 4), (4, 27), (28, 26), (26, 28), (29, 4), (4, 29), (30, 24), (24, 30), (31, 1), (1, 31), (32, 3), (3, 32), (33, 2), (2, 33), (34, 5), (5, 34), (35, 31), (31, 35), (36, 14), (14, 36), (37, 26), (26, 37), (38, 11), (11, 38), (39, 20), (20, 39), (40, 23), (23, 40), (41, 34), (34, 41), (42, 9), (9, 42), (43, 4), (4, 43), (44, 37), (37, 44), (45, 21), (21, 45), (46, 44), (44, 46), (47, 42), (42, 47), (48, 47), (47, 48), (49, 17), (17, 49), (50, 38), (38, 50), (51, 27), (27, 51), (52, 38), (38, 52), (53, 25), (25, 53), (54, 13), (13, 54), (55, 44), (44, 55), (56, 55), (55, 56), (57, 24), (24, 57), (58, 43), (43, 58), (59, 19), (19, 59), (60, 30), (30, 60), (61, 32), (32, 61), (62, 1), (1, 62), (63, 27), (27, 63), (64, 26), (26, 64), (65, 45), (45, 65), (66, 42), (42, 66), (67, 49), (49, 67), (68, 11), (11, 68), (69, 46), (46, 69), (70, 8), (8, 70), (71, 1), (1, 71), (72, 29), (29, 72), (73, 38), (38, 73), (74, 62), (62, 74), (75, 49), (49, 75), (76, 16), (16, 76), (77, 74), (74, 77), (78, 50), (50, 78), (79, 50), (50, 79), (80, 42), (42, 80)]
Z_dad = [1, 4, 7]
Y_dad = [3]
X_dad = [5, 12, 13]
Z_da-ad = [3, 4, 7]
Y_da-ad = [1]
X_da-ad = [2, 6, 62]
