no              #fail
12.696          #totTm
11.248          #lastADTm
5               #itDAD
1.000           #avItADGoal
73              #itADOpt
78              #opt
77              #optDA-AD
1.078           #tmDA
1.3             #relGain

V = [1, 2, 3, 4, 5, 6, 7, 8, 9, 10, 11, 12, 13, 14, 15, 16, 17, 18, 19, 20, 21, 22, 23, 24, 25, 26, 27, 28, 29, 30, 31, 32, 33, 34, 35, 36, 37, 38, 39, 40, 41, 42, 43, 44, 45, 46, 47, 48, 49, 50, 51, 52, 53, 54, 55, 56, 57, 58, 59, 60, 61, 62, 63, 64, 65, 66, 67, 68, 69, 70, 71, 72, 73, 74, 75, 76, 77, 78, 79, 80]
A = [(2, 1), (1, 2), (3, 1), (1, 3), (4, 3), (3, 4), (5, 3), (3, 5), (6, 5), (5, 6), (7, 3), (3, 7), (8, 5), (5, 8), (9, 7), (7, 9), (10, 4), (4, 10), (11, 2), (2, 11), (12, 3), (3, 12), (13, 7), (7, 13), (14, 1), (1, 14), (15, 8), (8, 15), (16, 8), (8, 16), (17, 2), (2, 17), (18, 13), (13, 18), (19, 4), (4, 19), (20, 6), (6, 20), (21, 11), (11, 21), (22, 12), (12, 22), (23, 18), (18, 23), (24, 22), (22, 24), (25, 18), (18, 25), (26, 17), (17, 26), (27, 19), (19, 27), (28, 12), (12, 28), (29, 19), (19, 29), (30, 21), (21, 30), (31, 7), (7, 31), (32, 29), (29, 32), (33, 27), (27, 33), (34, 23), (23, 34), (35, 16), (16, 35), (36, 27), (27, 36), (37, 7), (7, 37), (38, 28), (28, 38), (39, 1), (1, 39), (40, 34), (34, 40), (41, 13), (13, 41), (42, 41), (41, 42), (43, 15), (15, 43), (44, 11), (11, 44), (45, 38), (38, 45), (46, 28), (28, 46), (47, 36), (36, 47), (48, 2), (2, 48), (49, 32), (32, 49), (50, 34), (34, 50), (51, 21), (21, 51), (52, 45), (45, 52), (53, 48), (48, 53), (54, 28), (28, 54), (55, 22), (22, 55), (56, 4), (4, 56), (57, 55), (55, 57), (58, 53), (53, 58), (59, 1), (1, 59), (60, 20), (20, 60), (61, 13), (13, 61), (62, 7), (7, 62), (63, 61), (61, 63), (64, 23), (23, 64), (65, 24), (24, 65), (66, 40), (40, 66), (67, 36), (36, 67), (68, 36), (36, 68), (69, 60), (60, 69), (70, 13), (13, 70), (71, 24), (24, 71), (72, 20), (20, 72), (73, 30), (30, 73), (74, 22), (22, 74), (75, 46), (46, 75), (76, 24), (24, 76), (77, 42), (42, 77), (78, 59), (59, 78), (79, 68), (68, 79), (80, 18), (18, 80)]
Z_dad = [2, 3, 13]
Y_dad = [24]
X_dad = [22, 65, 71]
Z_da-ad = [3, 7, 51]
Y_da-ad = [2]
X_da-ad = [1, 11, 48]
