no              #fail
9.552           #totTm
7.788           #lastADTm
6               #itDAD
1.000           #avItADGoal
73              #itADOpt
78              #opt
78              #optDA-AD
0.925           #tmDA
0.0             #relGain

V = [1, 2, 3, 4, 5, 6, 7, 8, 9, 10, 11, 12, 13, 14, 15, 16, 17, 18, 19, 20, 21, 22, 23, 24, 25, 26, 27, 28, 29, 30, 31, 32, 33, 34, 35, 36, 37, 38, 39, 40, 41, 42, 43, 44, 45, 46, 47, 48, 49, 50, 51, 52, 53, 54, 55, 56, 57, 58, 59, 60, 61, 62, 63, 64, 65, 66, 67, 68, 69, 70, 71, 72, 73, 74, 75, 76, 77, 78, 79, 80]
A = [(2, 1), (1, 2), (3, 2), (2, 3), (4, 2), (2, 4), (5, 3), (3, 5), (6, 2), (2, 6), (7, 3), (3, 7), (8, 6), (6, 8), (9, 4), (4, 9), (10, 5), (5, 10), (11, 3), (3, 11), (12, 4), (4, 12), (13, 5), (5, 13), (14, 13), (13, 14), (15, 6), (6, 15), (16, 3), (3, 16), (17, 2), (2, 17), (18, 16), (16, 18), (19, 7), (7, 19), (20, 2), (2, 20), (21, 14), (14, 21), (22, 14), (14, 22), (23, 5), (5, 23), (24, 7), (7, 24), (25, 11), (11, 25), (26, 22), (22, 26), (27, 20), (20, 27), (28, 14), (14, 28), (29, 20), (20, 29), (30, 21), (21, 30), (31, 8), (8, 31), (32, 22), (22, 32), (33, 9), (9, 33), (34, 7), (7, 34), (35, 21), (21, 35), (36, 22), (22, 36), (37, 21), (21, 37), (38, 25), (25, 38), (39, 30), (30, 39), (40, 38), (38, 40), (41, 14), (14, 41), (42, 25), (25, 42), (43, 18), (18, 43), (44, 24), (24, 44), (45, 37), (37, 45), (46, 12), (12, 46), (47, 39), (39, 47), (48, 30), (30, 48), (49, 4), (4, 49), (50, 17), (17, 50), (51, 21), (21, 51), (52, 33), (33, 52), (53, 24), (24, 53), (54, 19), (19, 54), (55, 16), (16, 55), (56, 14), (14, 56), (57, 53), (53, 57), (58, 22), (22, 58), (59, 20), (20, 59), (60, 11), (11, 60), (61, 45), (45, 61), (62, 7), (7, 62), (63, 41), (41, 63), (64, 18), (18, 64), (65, 52), (52, 65), (66, 45), (45, 66), (67, 57), (57, 67), (68, 59), (59, 68), (69, 51), (51, 69), (70, 31), (31, 70), (71, 5), (5, 71), (72, 62), (62, 72), (73, 40), (40, 73), (74, 54), (54, 74), (75, 42), (42, 75), (76, 37), (37, 76), (77, 29), (29, 77), (78, 25), (25, 78), (79, 48), (48, 79), (80, 46), (46, 80)]
Z_dad = [2, 3, 14]
Y_dad = [7]
X_dad = [19, 24, 62]
Z_da-ad = [2, 3, 14]
Y_da-ad = [7]
X_da-ad = [19, 24, 62]
