no              #fail
346.800         #totTm
344.385         #lastADTm
8               #itDAD
1.143           #avItADGoal
595             #itADOpt
18              #opt
17              #optDA-AD
1.746           #tmDA
5.6             #relGain

V = [1, 2, 3, 4, 5, 6, 7, 8, 9, 10, 11, 12, 13, 14, 15, 16, 17, 18, 19, 20, 21, 22, 23, 24, 25, 26, 27, 28, 29, 30, 31, 32, 33, 34, 35, 36, 37, 38, 39, 40]
A = [(1, 9), (9, 1), (1, 13), (13, 1), (1, 26), (26, 1), (2, 19), (19, 2), (2, 28), (28, 2), (3, 14), (14, 3), (3, 39), (39, 3), (5, 10), (10, 5), (5, 14), (14, 5), (5, 16), (16, 5), (5, 23), (23, 5), (6, 16), (16, 6), (6, 19), (19, 6), (6, 32), (32, 6), (6, 35), (35, 6), (7, 17), (17, 7), (7, 25), (25, 7), (7, 39), (39, 7), (8, 28), (28, 8), (9, 10), (10, 9), (10, 17), (17, 10), (13, 21), (21, 13), (13, 35), (35, 13), (14, 24), (24, 14), (14, 28), (28, 14), (15, 26), (26, 15), (16, 22), (22, 16), (17, 19), (19, 17), (17, 22), (22, 17), (19, 32), (32, 19), (19, 40), (40, 19), (22, 30), (30, 22), (24, 27), (27, 24), (25, 40), (40, 25), (26, 34), (34, 26), (27, 36), (36, 27), (32, 39), (39, 32), (35, 38), (38, 35), (37, 39), (39, 37)]
Z_dad = [6]
Y_dad = [13, 14, 17]
X_dad = [1, 24, 35]
Z_da-ad = [26]
Y_da-ad = [12, 14, 21]
X_da-ad = [5, 24, 28]
