no              #fail
13.969          #totTm
12.877          #lastADTm
5               #itDAD
1.000           #avItADGoal
91              #itADOpt
97              #opt
96              #optDA-AD
1.279           #tmDA
1.0             #relGain

V = [1, 2, 3, 4, 5, 6, 7, 8, 9, 10, 11, 12, 13, 14, 15, 16, 17, 18, 19, 20, 21, 22, 23, 24, 25, 26, 27, 28, 29, 30, 31, 32, 33, 34, 35, 36, 37, 38, 39, 40, 41, 42, 43, 44, 45, 46, 47, 48, 49, 50, 51, 52, 53, 54, 55, 56, 57, 58, 59, 60, 61, 62, 63, 64, 65, 66, 67, 68, 69, 70, 71, 72, 73, 74, 75, 76, 77, 78, 79, 80, 81, 82, 83, 84, 85, 86, 87, 88, 89, 90, 91, 92, 93, 94, 95, 96, 97, 98, 99, 100]
A = [(2, 1), (1, 2), (3, 1), (1, 3), (4, 2), (2, 4), (5, 4), (4, 5), (6, 5), (5, 6), (7, 3), (3, 7), (8, 6), (6, 8), (9, 4), (4, 9), (10, 6), (6, 10), (11, 2), (2, 11), (12, 9), (9, 12), (13, 10), (10, 13), (14, 1), (1, 14), (15, 1), (1, 15), (16, 2), (2, 16), (17, 5), (5, 17), (18, 3), (3, 18), (19, 18), (18, 19), (20, 4), (4, 20), (21, 4), (4, 21), (22, 15), (15, 22), (23, 19), (19, 23), (24, 12), (12, 24), (25, 1), (1, 25), (26, 13), (13, 26), (27, 2), (2, 27), (28, 26), (26, 28), (29, 10), (10, 29), (30, 27), (27, 30), (31, 30), (30, 31), (32, 23), (23, 32), (33, 9), (9, 33), (34, 10), (10, 34), (35, 18), (18, 35), (36, 23), (23, 36), (37, 13), (13, 37), (38, 11), (11, 38), (39, 32), (32, 39), (40, 35), (35, 40), (41, 37), (37, 41), (42, 28), (28, 42), (43, 3), (3, 43), (44, 1), (1, 44), (45, 2), (2, 45), (46, 40), (40, 46), (47, 40), (40, 47), (48, 10), (10, 48), (49, 37), (37, 49), (50, 35), (35, 50), (51, 1), (1, 51), (52, 38), (38, 52), (53, 15), (15, 53), (54, 20), (20, 54), (55, 24), (24, 55), (56, 30), (30, 56), (57, 38), (38, 57), (58, 28), (28, 58), (59, 21), (21, 59), (60, 16), (16, 60), (61, 19), (19, 61), (62, 2), (2, 62), (63, 56), (56, 63), (64, 39), (39, 64), (65, 25), (25, 65), (66, 17), (17, 66), (67, 61), (61, 67), (68, 30), (30, 68), (69, 31), (31, 69), (70, 21), (21, 70), (71, 47), (47, 71), (72, 59), (59, 72), (73, 53), (53, 73), (74, 10), (10, 74), (75, 26), (26, 75), (76, 17), (17, 76), (77, 46), (46, 77), (78, 10), (10, 78), (79, 54), (54, 79), (80, 49), (49, 80), (81, 80), (80, 81), (82, 76), (76, 82), (83, 73), (73, 83), (84, 79), (79, 84), (85, 71), (71, 85), (86, 70), (70, 86), (87, 21), (21, 87), (88, 8), (8, 88), (89, 59), (59, 89), (90, 42), (42, 90), (91, 18), (18, 91), (92, 17), (17, 92), (93, 78), (78, 93), (94, 5), (5, 94), (95, 12), (12, 95), (96, 90), (90, 96), (97, 40), (40, 97), (98, 9), (9, 98), (99, 96), (96, 99), (100, 23), (23, 100)]
Z_dad = [1, 4, 10]
Y_dad = [2]
X_dad = [11, 16, 27]
Z_da-ad = [1, 4, 6]
Y_da-ad = [10]
X_da-ad = [13, 29, 78]
