no              #fail
14.361          #totTm
13.373          #lastADTm
5               #itDAD
1.000           #avItADGoal
95              #itADOpt
98              #opt
94              #optDA-AD
1.56            #tmDA
4.1             #relGain

V = [1, 2, 3, 4, 5, 6, 7, 8, 9, 10, 11, 12, 13, 14, 15, 16, 17, 18, 19, 20, 21, 22, 23, 24, 25, 26, 27, 28, 29, 30, 31, 32, 33, 34, 35, 36, 37, 38, 39, 40, 41, 42, 43, 44, 45, 46, 47, 48, 49, 50, 51, 52, 53, 54, 55, 56, 57, 58, 59, 60, 61, 62, 63, 64, 65, 66, 67, 68, 69, 70, 71, 72, 73, 74, 75, 76, 77, 78, 79, 80, 81, 82, 83, 84, 85, 86, 87, 88, 89, 90, 91, 92, 93, 94, 95, 96, 97, 98, 99, 100]
A = [(2, 1), (1, 2), (3, 1), (1, 3), (4, 2), (2, 4), (5, 1), (1, 5), (6, 1), (1, 6), (7, 3), (3, 7), (8, 3), (3, 8), (9, 1), (1, 9), (10, 6), (6, 10), (11, 1), (1, 11), (12, 1), (1, 12), (13, 5), (5, 13), (14, 10), (10, 14), (15, 5), (5, 15), (16, 9), (9, 16), (17, 14), (14, 17), (18, 9), (9, 18), (19, 11), (11, 19), (20, 12), (12, 20), (21, 18), (18, 21), (22, 11), (11, 22), (23, 20), (20, 23), (24, 6), (6, 24), (25, 17), (17, 25), (26, 21), (21, 26), (27, 9), (9, 27), (28, 11), (11, 28), (29, 21), (21, 29), (30, 26), (26, 30), (31, 20), (20, 31), (32, 22), (22, 32), (33, 26), (26, 33), (34, 20), (20, 34), (35, 20), (20, 35), (36, 30), (30, 36), (37, 30), (30, 37), (38, 1), (1, 38), (39, 26), (26, 39), (40, 10), (10, 40), (41, 15), (15, 41), (42, 1), (1, 42), (43, 4), (4, 43), (44, 19), (19, 44), (45, 13), (13, 45), (46, 42), (42, 46), (47, 33), (33, 47), (48, 45), (45, 48), (49, 20), (20, 49), (50, 10), (10, 50), (51, 39), (39, 51), (52, 44), (44, 52), (53, 46), (46, 53), (54, 27), (27, 54), (55, 22), (22, 55), (56, 47), (47, 56), (57, 50), (50, 57), (58, 11), (11, 58), (59, 33), (33, 59), (60, 47), (47, 60), (61, 38), (38, 61), (62, 42), (42, 62), (63, 5), (5, 63), (64, 8), (8, 64), (65, 61), (61, 65), (66, 43), (43, 66), (67, 25), (25, 67), (68, 1), (1, 68), (69, 1), (1, 69), (70, 67), (67, 70), (71, 53), (53, 71), (72, 23), (23, 72), (73, 13), (13, 73), (74, 70), (70, 74), (75, 2), (2, 75), (76, 57), (57, 76), (77, 65), (65, 77), (78, 49), (49, 78), (79, 36), (36, 79), (80, 33), (33, 80), (81, 20), (20, 81), (82, 26), (26, 82), (83, 43), (43, 83), (84, 34), (34, 84), (85, 51), (51, 85), (86, 70), (70, 86), (87, 32), (32, 87), (88, 22), (22, 88), (89, 67), (67, 89), (90, 81), (81, 90), (91, 31), (31, 91), (92, 68), (68, 92), (93, 12), (12, 93), (94, 77), (77, 94), (95, 16), (16, 95), (96, 8), (8, 96), (97, 19), (19, 97), (98, 78), (78, 98), (99, 78), (78, 99), (100, 98), (98, 100)]
Z_dad = [1, 20, 26]
Y_dad = [10]
X_dad = [6, 14, 50]
Z_da-ad = [1, 12, 26]
Y_da-ad = [20]
X_da-ad = [23, 34, 49]
