no              #fail
13.115          #totTm
11.908          #lastADTm
5               #itDAD
1.000           #avItADGoal
88              #itADOpt
94              #opt
94              #optDA-AD
1.178           #tmDA
0.0             #relGain

V = [1, 2, 3, 4, 5, 6, 7, 8, 9, 10, 11, 12, 13, 14, 15, 16, 17, 18, 19, 20, 21, 22, 23, 24, 25, 26, 27, 28, 29, 30, 31, 32, 33, 34, 35, 36, 37, 38, 39, 40, 41, 42, 43, 44, 45, 46, 47, 48, 49, 50, 51, 52, 53, 54, 55, 56, 57, 58, 59, 60, 61, 62, 63, 64, 65, 66, 67, 68, 69, 70, 71, 72, 73, 74, 75, 76, 77, 78, 79, 80, 81, 82, 83, 84, 85, 86, 87, 88, 89, 90, 91, 92, 93, 94, 95, 96, 97, 98, 99, 100]
A = [(2, 1), (1, 2), (3, 2), (2, 3), (4, 2), (2, 4), (5, 3), (3, 5), (6, 1), (1, 6), (7, 3), (3, 7), (8, 5), (5, 8), (9, 1), (1, 9), (10, 5), (5, 10), (11, 5), (5, 11), (12, 7), (7, 12), (13, 1), (1, 13), (14, 11), (11, 14), (15, 4), (4, 15), (16, 3), (3, 16), (17, 10), (10, 17), (18, 7), (7, 18), (19, 6), (6, 19), (20, 18), (18, 20), (21, 1), (1, 21), (22, 2), (2, 22), (23, 2), (2, 23), (24, 23), (23, 24), (25, 7), (7, 25), (26, 1), (1, 26), (27, 18), (18, 27), (28, 2), (2, 28), (29, 5), (5, 29), (30, 12), (12, 30), (31, 4), (4, 31), (32, 29), (29, 32), (33, 8), (8, 33), (34, 24), (24, 34), (35, 31), (31, 35), (36, 25), (25, 36), (37, 32), (32, 37), (38, 3), (3, 38), (39, 13), (13, 39), (40, 3), (3, 40), (41, 7), (7, 41), (42, 28), (28, 42), (43, 40), (40, 43), (44, 23), (23, 44), (45, 40), (40, 45), (46, 7), (7, 46), (47, 7), (7, 47), (48, 10), (10, 48), (49, 17), (17, 49), (50, 34), (34, 50), (51, 12), (12, 51), (52, 30), (30, 52), (53, 7), (7, 53), (54, 44), (44, 54), (55, 40), (40, 55), (56, 52), (52, 56), (57, 31), (31, 57), (58, 21), (21, 58), (59, 3), (3, 59), (60, 9), (9, 60), (61, 44), (44, 61), (62, 5), (5, 62), (63, 16), (16, 63), (64, 26), (26, 64), (65, 16), (16, 65), (66, 24), (24, 66), (67, 49), (49, 67), (68, 61), (61, 68), (69, 41), (41, 69), (70, 55), (55, 70), (71, 57), (57, 71), (72, 52), (52, 72), (73, 50), (50, 73), (74, 24), (24, 74), (75, 66), (66, 75), (76, 14), (14, 76), (77, 17), (17, 77), (78, 13), (13, 78), (79, 78), (78, 79), (80, 5), (5, 80), (81, 53), (53, 81), (82, 44), (44, 82), (83, 53), (53, 83), (84, 69), (69, 84), (85, 66), (66, 85), (86, 20), (20, 86), (87, 75), (75, 87), (88, 60), (60, 88), (89, 42), (42, 89), (90, 33), (33, 90), (91, 70), (70, 91), (92, 24), (24, 92), (93, 1), (1, 93), (94, 72), (72, 94), (95, 28), (28, 95), (96, 11), (11, 96), (97, 37), (37, 97), (98, 90), (90, 98), (99, 28), (28, 99), (100, 56), (56, 100)]
Z_dad = [2, 5, 7]
Y_dad = [1]
X_dad = [6, 9, 13]
Z_da-ad = [2, 5, 7]
Y_da-ad = [1]
X_da-ad = [6, 9, 13]
