no              #fail
12.844          #totTm
11.842          #lastADTm
5               #itDAD
1.000           #avItADGoal
87              #itADOpt
97              #opt
97              #optDA-AD
1.304           #tmDA
0.0             #relGain

V = [1, 2, 3, 4, 5, 6, 7, 8, 9, 10, 11, 12, 13, 14, 15, 16, 17, 18, 19, 20, 21, 22, 23, 24, 25, 26, 27, 28, 29, 30, 31, 32, 33, 34, 35, 36, 37, 38, 39, 40, 41, 42, 43, 44, 45, 46, 47, 48, 49, 50, 51, 52, 53, 54, 55, 56, 57, 58, 59, 60, 61, 62, 63, 64, 65, 66, 67, 68, 69, 70, 71, 72, 73, 74, 75, 76, 77, 78, 79, 80, 81, 82, 83, 84, 85, 86, 87, 88, 89, 90, 91, 92, 93, 94, 95, 96, 97, 98, 99, 100]
A = [(2, 1), (1, 2), (3, 2), (2, 3), (4, 3), (3, 4), (5, 4), (4, 5), (6, 5), (5, 6), (7, 4), (4, 7), (8, 5), (5, 8), (9, 6), (6, 9), (10, 5), (5, 10), (11, 10), (10, 11), (12, 8), (8, 12), (13, 5), (5, 13), (14, 6), (6, 14), (15, 11), (11, 15), (16, 11), (11, 16), (17, 10), (10, 17), (18, 12), (12, 18), (19, 17), (17, 19), (20, 3), (3, 20), (21, 9), (9, 21), (22, 12), (12, 22), (23, 6), (6, 23), (24, 16), (16, 24), (25, 8), (8, 25), (26, 18), (18, 26), (27, 20), (20, 27), (28, 3), (3, 28), (29, 7), (7, 29), (30, 27), (27, 30), (31, 6), (6, 31), (32, 30), (30, 32), (33, 18), (18, 33), (34, 1), (1, 34), (35, 25), (25, 35), (36, 14), (14, 36), (37, 9), (9, 37), (38, 5), (5, 38), (39, 13), (13, 39), (40, 10), (10, 40), (41, 15), (15, 41), (42, 17), (17, 42), (43, 37), (37, 43), (44, 34), (34, 44), (45, 37), (37, 45), (46, 45), (45, 46), (47, 23), (23, 47), (48, 28), (28, 48), (49, 32), (32, 49), (50, 36), (36, 50), (51, 1), (1, 51), (52, 40), (40, 52), (53, 12), (12, 53), (54, 3), (3, 54), (55, 20), (20, 55), (56, 18), (18, 56), (57, 21), (21, 57), (58, 47), (47, 58), (59, 50), (50, 59), (60, 40), (40, 60), (61, 14), (14, 61), (62, 57), (57, 62), (63, 13), (13, 63), (64, 37), (37, 64), (65, 8), (8, 65), (66, 48), (48, 66), (67, 29), (29, 67), (68, 42), (42, 68), (69, 53), (53, 69), (70, 13), (13, 70), (71, 22), (22, 71), (72, 19), (19, 72), (73, 5), (5, 73), (74, 13), (13, 74), (75, 43), (43, 75), (76, 7), (7, 76), (77, 23), (23, 77), (78, 55), (55, 78), (79, 23), (23, 79), (80, 47), (47, 80), (81, 13), (13, 81), (82, 68), (68, 82), (83, 42), (42, 83), (84, 18), (18, 84), (85, 23), (23, 85), (86, 23), (23, 86), (87, 19), (19, 87), (88, 85), (85, 88), (89, 56), (56, 89), (90, 39), (39, 90), (91, 61), (61, 91), (92, 10), (10, 92), (93, 3), (3, 93), (94, 42), (42, 94), (95, 16), (16, 95), (96, 62), (62, 96), (97, 44), (44, 97), (98, 43), (43, 98), (99, 19), (19, 99), (100, 11), (11, 100)]
Z_dad = [3, 5, 23]
Y_dad = [13]
X_dad = [39, 63, 70]
Z_da-ad = [3, 5, 6]
Y_da-ad = [12]
X_da-ad = [8, 18, 53]
