no              #fail
12.980          #totTm
11.942          #lastADTm
5               #itDAD
1.000           #avItADGoal
90              #itADOpt
97              #opt
97              #optDA-AD
1.507           #tmDA
0.0             #relGain

V = [1, 2, 3, 4, 5, 6, 7, 8, 9, 10, 11, 12, 13, 14, 15, 16, 17, 18, 19, 20, 21, 22, 23, 24, 25, 26, 27, 28, 29, 30, 31, 32, 33, 34, 35, 36, 37, 38, 39, 40, 41, 42, 43, 44, 45, 46, 47, 48, 49, 50, 51, 52, 53, 54, 55, 56, 57, 58, 59, 60, 61, 62, 63, 64, 65, 66, 67, 68, 69, 70, 71, 72, 73, 74, 75, 76, 77, 78, 79, 80, 81, 82, 83, 84, 85, 86, 87, 88, 89, 90, 91, 92, 93, 94, 95, 96, 97, 98, 99, 100]
A = [(2, 1), (1, 2), (3, 1), (1, 3), (4, 3), (3, 4), (5, 1), (1, 5), (6, 1), (1, 6), (7, 5), (5, 7), (8, 1), (1, 8), (9, 4), (4, 9), (10, 9), (9, 10), (11, 10), (10, 11), (12, 9), (9, 12), (13, 9), (9, 13), (14, 1), (1, 14), (15, 10), (10, 15), (16, 4), (4, 16), (17, 7), (7, 17), (18, 5), (5, 18), (19, 7), (7, 19), (20, 17), (17, 20), (21, 2), (2, 21), (22, 7), (7, 22), (23, 2), (2, 23), (24, 22), (22, 24), (25, 12), (12, 25), (26, 16), (16, 26), (27, 5), (5, 27), (28, 21), (21, 28), (29, 10), (10, 29), (30, 4), (4, 30), (31, 19), (19, 31), (32, 6), (6, 32), (33, 30), (30, 33), (34, 3), (3, 34), (35, 21), (21, 35), (36, 26), (26, 36), (37, 18), (18, 37), (38, 2), (2, 38), (39, 7), (7, 39), (40, 32), (32, 40), (41, 31), (31, 41), (42, 33), (33, 42), (43, 20), (20, 43), (44, 40), (40, 44), (45, 21), (21, 45), (46, 3), (3, 46), (47, 4), (4, 47), (48, 9), (9, 48), (49, 3), (3, 49), (50, 14), (14, 50), (51, 30), (30, 51), (52, 7), (7, 52), (53, 47), (47, 53), (54, 10), (10, 54), (55, 26), (26, 55), (56, 7), (7, 56), (57, 53), (53, 57), (58, 6), (6, 58), (59, 33), (33, 59), (60, 16), (16, 60), (61, 53), (53, 61), (62, 4), (4, 62), (63, 18), (18, 63), (64, 17), (17, 64), (65, 53), (53, 65), (66, 42), (42, 66), (67, 60), (60, 67), (68, 4), (4, 68), (69, 56), (56, 69), (70, 61), (61, 70), (71, 63), (63, 71), (72, 52), (52, 72), (73, 65), (65, 73), (74, 20), (20, 74), (75, 44), (44, 75), (76, 73), (73, 76), (77, 54), (54, 77), (78, 33), (33, 78), (79, 28), (28, 79), (80, 51), (51, 80), (81, 4), (4, 81), (82, 41), (41, 82), (83, 38), (38, 83), (84, 78), (78, 84), (85, 5), (5, 85), (86, 78), (78, 86), (87, 9), (9, 87), (88, 76), (76, 88), (89, 56), (56, 89), (90, 63), (63, 90), (91, 43), (43, 91), (92, 66), (66, 92), (93, 19), (19, 93), (94, 16), (16, 94), (95, 50), (50, 95), (96, 62), (62, 96), (97, 73), (73, 97), (98, 73), (73, 98), (99, 24), (24, 99), (100, 60), (60, 100)]
Z_dad = [1, 4, 7]
Y_dad = [10]
X_dad = [9, 11, 54]
Z_da-ad = [1, 4, 7]
Y_da-ad = [10]
X_da-ad = [9, 11, 54]
