no              #fail
12.666          #totTm
11.492          #lastADTm
5               #itDAD
1.000           #avItADGoal
88              #itADOpt
96              #opt
96              #optDA-AD
1.98            #tmDA
0.0             #relGain

V = [1, 2, 3, 4, 5, 6, 7, 8, 9, 10, 11, 12, 13, 14, 15, 16, 17, 18, 19, 20, 21, 22, 23, 24, 25, 26, 27, 28, 29, 30, 31, 32, 33, 34, 35, 36, 37, 38, 39, 40, 41, 42, 43, 44, 45, 46, 47, 48, 49, 50, 51, 52, 53, 54, 55, 56, 57, 58, 59, 60, 61, 62, 63, 64, 65, 66, 67, 68, 69, 70, 71, 72, 73, 74, 75, 76, 77, 78, 79, 80, 81, 82, 83, 84, 85, 86, 87, 88, 89, 90, 91, 92, 93, 94, 95, 96, 97, 98, 99, 100]
A = [(2, 1), (1, 2), (3, 2), (2, 3), (4, 3), (3, 4), (5, 3), (3, 5), (6, 2), (2, 6), (7, 2), (2, 7), (8, 7), (7, 8), (9, 4), (4, 9), (10, 4), (4, 10), (11, 2), (2, 11), (12, 5), (5, 12), (13, 1), (1, 13), (14, 13), (13, 14), (15, 14), (14, 15), (16, 13), (13, 16), (17, 1), (1, 17), (18, 8), (8, 18), (19, 2), (2, 19), (20, 10), (10, 20), (21, 17), (17, 21), (22, 6), (6, 22), (23, 19), (19, 23), (24, 4), (4, 24), (25, 3), (3, 25), (26, 2), (2, 26), (27, 9), (9, 27), (28, 19), (19, 28), (29, 18), (18, 29), (30, 29), (29, 30), (31, 4), (4, 31), (32, 8), (8, 32), (33, 9), (9, 33), (34, 13), (13, 34), (35, 8), (8, 35), (36, 23), (23, 36), (37, 10), (10, 37), (38, 22), (22, 38), (39, 13), (13, 39), (40, 29), (29, 40), (41, 13), (13, 41), (42, 32), (32, 42), (43, 13), (13, 43), (44, 15), (15, 44), (45, 7), (7, 45), (46, 28), (28, 46), (47, 19), (19, 47), (48, 46), (46, 48), (49, 19), (19, 49), (50, 15), (15, 50), (51, 8), (8, 51), (52, 48), (48, 52), (53, 24), (24, 53), (54, 15), (15, 54), (55, 17), (17, 55), (56, 12), (12, 56), (57, 12), (12, 57), (58, 15), (15, 58), (59, 3), (3, 59), (60, 33), (33, 60), (61, 45), (45, 61), (62, 4), (4, 62), (63, 13), (13, 63), (64, 29), (29, 64), (65, 22), (22, 65), (66, 50), (50, 66), (67, 54), (54, 67), (68, 50), (50, 68), (69, 41), (41, 69), (70, 10), (10, 70), (71, 44), (44, 71), (72, 42), (42, 72), (73, 13), (13, 73), (74, 73), (73, 74), (75, 43), (43, 75), (76, 52), (52, 76), (77, 45), (45, 77), (78, 36), (36, 78), (79, 4), (4, 79), (80, 36), (36, 80), (81, 28), (28, 81), (82, 68), (68, 82), (83, 58), (58, 83), (84, 17), (17, 84), (85, 24), (24, 85), (86, 77), (77, 86), (87, 74), (74, 87), (88, 49), (49, 88), (89, 12), (12, 89), (90, 11), (11, 90), (91, 41), (41, 91), (92, 40), (40, 92), (93, 89), (89, 93), (94, 69), (69, 94), (95, 93), (93, 95), (96, 30), (30, 96), (97, 68), (68, 97), (98, 24), (24, 98), (99, 50), (50, 99), (100, 21), (21, 100)]
Z_dad = [2, 4, 13]
Y_dad = [15]
X_dad = [44, 50, 54]
Z_da-ad = [2, 4, 13]
Y_da-ad = [15]
X_da-ad = [44, 50, 54]
