no              #fail
12.521          #totTm
11.458          #lastADTm
5               #itDAD
1.000           #avItADGoal
85              #itADOpt
95              #opt
95              #optDA-AD
1.241           #tmDA
0.0             #relGain

V = [1, 2, 3, 4, 5, 6, 7, 8, 9, 10, 11, 12, 13, 14, 15, 16, 17, 18, 19, 20, 21, 22, 23, 24, 25, 26, 27, 28, 29, 30, 31, 32, 33, 34, 35, 36, 37, 38, 39, 40, 41, 42, 43, 44, 45, 46, 47, 48, 49, 50, 51, 52, 53, 54, 55, 56, 57, 58, 59, 60, 61, 62, 63, 64, 65, 66, 67, 68, 69, 70, 71, 72, 73, 74, 75, 76, 77, 78, 79, 80, 81, 82, 83, 84, 85, 86, 87, 88, 89, 90, 91, 92, 93, 94, 95, 96, 97, 98, 99, 100]
A = [(2, 1), (1, 2), (3, 1), (1, 3), (4, 2), (2, 4), (5, 1), (1, 5), (6, 2), (2, 6), (7, 5), (5, 7), (8, 5), (5, 8), (9, 2), (2, 9), (10, 3), (3, 10), (11, 6), (6, 11), (12, 1), (1, 12), (13, 3), (3, 13), (14, 8), (8, 14), (15, 5), (5, 15), (16, 14), (14, 16), (17, 8), (8, 17), (18, 7), (7, 18), (19, 2), (2, 19), (20, 15), (15, 20), (21, 1), (1, 21), (22, 2), (2, 22), (23, 3), (3, 23), (24, 19), (19, 24), (25, 20), (20, 25), (26, 14), (14, 26), (27, 4), (4, 27), (28, 22), (22, 28), (29, 5), (5, 29), (30, 7), (7, 30), (31, 30), (30, 31), (32, 23), (23, 32), (33, 11), (11, 33), (34, 21), (21, 34), (35, 22), (22, 35), (36, 4), (4, 36), (37, 31), (31, 37), (38, 35), (35, 38), (39, 20), (20, 39), (40, 11), (11, 40), (41, 32), (32, 41), (42, 15), (15, 42), (43, 41), (41, 43), (44, 4), (4, 44), (45, 5), (5, 45), (46, 45), (45, 46), (47, 43), (43, 47), (48, 23), (23, 48), (49, 40), (40, 49), (50, 26), (26, 50), (51, 11), (11, 51), (52, 23), (23, 52), (53, 4), (4, 53), (54, 4), (4, 54), (55, 50), (50, 55), (56, 3), (3, 56), (57, 47), (47, 57), (58, 1), (1, 58), (59, 51), (51, 59), (60, 19), (19, 60), (61, 38), (38, 61), (62, 55), (55, 62), (63, 48), (48, 63), (64, 46), (46, 64), (65, 17), (17, 65), (66, 47), (47, 66), (67, 13), (13, 67), (68, 30), (30, 68), (69, 32), (32, 69), (70, 68), (68, 70), (71, 52), (52, 71), (72, 31), (31, 72), (73, 63), (63, 73), (74, 41), (41, 74), (75, 27), (27, 75), (76, 66), (66, 76), (77, 23), (23, 77), (78, 29), (29, 78), (79, 55), (55, 79), (80, 28), (28, 80), (81, 6), (6, 81), (82, 4), (4, 82), (83, 32), (32, 83), (84, 71), (71, 84), (85, 32), (32, 85), (86, 42), (42, 86), (87, 79), (79, 87), (88, 86), (86, 88), (89, 60), (60, 89), (90, 45), (45, 90), (91, 31), (31, 91), (92, 11), (11, 92), (93, 70), (70, 93), (94, 8), (8, 94), (95, 71), (71, 95), (96, 35), (35, 96), (97, 64), (64, 97), (98, 35), (35, 98), (99, 4), (4, 99), (100, 26), (26, 100)]
Z_dad = [2, 4, 5]
Y_dad = [23]
X_dad = [3, 32, 52]
Z_da-ad = [2, 5, 23]
Y_da-ad = [4]
X_da-ad = [27, 36, 44]
