no              #fail
13.256          #totTm
12.209          #lastADTm
5               #itDAD
1.000           #avItADGoal
90              #itADOpt
97              #opt
97              #optDA-AD
1.6             #tmDA
0.0             #relGain

V = [1, 2, 3, 4, 5, 6, 7, 8, 9, 10, 11, 12, 13, 14, 15, 16, 17, 18, 19, 20, 21, 22, 23, 24, 25, 26, 27, 28, 29, 30, 31, 32, 33, 34, 35, 36, 37, 38, 39, 40, 41, 42, 43, 44, 45, 46, 47, 48, 49, 50, 51, 52, 53, 54, 55, 56, 57, 58, 59, 60, 61, 62, 63, 64, 65, 66, 67, 68, 69, 70, 71, 72, 73, 74, 75, 76, 77, 78, 79, 80, 81, 82, 83, 84, 85, 86, 87, 88, 89, 90, 91, 92, 93, 94, 95, 96, 97, 98, 99, 100]
A = [(2, 1), (1, 2), (3, 1), (1, 3), (4, 2), (2, 4), (5, 3), (3, 5), (6, 1), (1, 6), (7, 3), (3, 7), (8, 6), (6, 8), (9, 5), (5, 9), (10, 3), (3, 10), (11, 3), (3, 11), (12, 4), (4, 12), (13, 5), (5, 13), (14, 2), (2, 14), (15, 6), (6, 15), (16, 6), (6, 16), (17, 4), (4, 17), (18, 6), (6, 18), (19, 16), (16, 19), (20, 11), (11, 20), (21, 19), (19, 21), (22, 12), (12, 22), (23, 20), (20, 23), (24, 3), (3, 24), (25, 22), (22, 25), (26, 7), (7, 26), (27, 12), (12, 27), (28, 20), (20, 28), (29, 4), (4, 29), (30, 12), (12, 30), (31, 5), (5, 31), (32, 27), (27, 32), (33, 21), (21, 33), (34, 12), (12, 34), (35, 19), (19, 35), (36, 21), (21, 36), (37, 26), (26, 37), (38, 25), (25, 38), (39, 28), (28, 39), (40, 11), (11, 40), (41, 37), (37, 41), (42, 2), (2, 42), (43, 1), (1, 43), (44, 31), (31, 44), (45, 41), (41, 45), (46, 14), (14, 46), (47, 5), (5, 47), (48, 23), (23, 48), (49, 38), (38, 49), (50, 3), (3, 50), (51, 17), (17, 51), (52, 41), (41, 52), (53, 2), (2, 53), (54, 25), (25, 54), (55, 42), (42, 55), (56, 38), (38, 56), (57, 28), (28, 57), (58, 22), (22, 58), (59, 8), (8, 59), (60, 12), (12, 60), (61, 26), (26, 61), (62, 44), (44, 62), (63, 60), (60, 63), (64, 36), (36, 64), (65, 61), (61, 65), (66, 61), (61, 66), (67, 13), (13, 67), (68, 61), (61, 68), (69, 61), (61, 69), (70, 14), (14, 70), (71, 42), (42, 71), (72, 1), (1, 72), (73, 10), (10, 73), (74, 45), (45, 74), (75, 48), (48, 75), (76, 44), (44, 76), (77, 53), (53, 77), (78, 50), (50, 78), (79, 36), (36, 79), (80, 54), (54, 80), (81, 32), (32, 81), (82, 75), (75, 82), (83, 76), (76, 83), (84, 65), (65, 84), (85, 58), (58, 85), (86, 85), (85, 86), (87, 83), (83, 87), (88, 45), (45, 88), (89, 52), (52, 89), (90, 83), (83, 90), (91, 32), (32, 91), (92, 45), (45, 92), (93, 3), (3, 93), (94, 24), (24, 94), (95, 54), (54, 95), (96, 28), (28, 96), (97, 4), (4, 97), (98, 48), (48, 98), (99, 60), (60, 99), (100, 15), (15, 100)]
Z_dad = [1, 3, 4]
Y_dad = [12]
X_dad = [22, 27, 60]
Z_da-ad = [1, 3, 12]
Y_da-ad = [2]
X_da-ad = [4, 14, 42]
