no              #fail
12.665          #totTm
11.626          #lastADTm
5               #itDAD
1.000           #avItADGoal
87              #itADOpt
97              #opt
97              #optDA-AD
1.357           #tmDA
0.0             #relGain

V = [1, 2, 3, 4, 5, 6, 7, 8, 9, 10, 11, 12, 13, 14, 15, 16, 17, 18, 19, 20, 21, 22, 23, 24, 25, 26, 27, 28, 29, 30, 31, 32, 33, 34, 35, 36, 37, 38, 39, 40, 41, 42, 43, 44, 45, 46, 47, 48, 49, 50, 51, 52, 53, 54, 55, 56, 57, 58, 59, 60, 61, 62, 63, 64, 65, 66, 67, 68, 69, 70, 71, 72, 73, 74, 75, 76, 77, 78, 79, 80, 81, 82, 83, 84, 85, 86, 87, 88, 89, 90, 91, 92, 93, 94, 95, 96, 97, 98, 99, 100]
A = [(2, 1), (1, 2), (3, 2), (2, 3), (4, 2), (2, 4), (5, 2), (2, 5), (6, 2), (2, 6), (7, 3), (3, 7), (8, 6), (6, 8), (9, 5), (5, 9), (10, 5), (5, 10), (11, 9), (9, 11), (12, 2), (2, 12), (13, 2), (2, 13), (14, 11), (11, 14), (15, 14), (14, 15), (16, 9), (9, 16), (17, 6), (6, 17), (18, 10), (10, 18), (19, 1), (1, 19), (20, 9), (9, 20), (21, 14), (14, 21), (22, 7), (7, 22), (23, 7), (7, 23), (24, 4), (4, 24), (25, 23), (23, 25), (26, 19), (19, 26), (27, 13), (13, 27), (28, 18), (18, 28), (29, 6), (6, 29), (30, 24), (24, 30), (31, 9), (9, 31), (32, 26), (26, 32), (33, 21), (21, 33), (34, 32), (32, 34), (35, 18), (18, 35), (36, 22), (22, 36), (37, 33), (33, 37), (38, 20), (20, 38), (39, 33), (33, 39), (40, 29), (29, 40), (41, 10), (10, 41), (42, 24), (24, 42), (43, 15), (15, 43), (44, 9), (9, 44), (45, 20), (20, 45), (46, 26), (26, 46), (47, 40), (40, 47), (48, 33), (33, 48), (49, 39), (39, 49), (50, 40), (40, 50), (51, 21), (21, 51), (52, 37), (37, 52), (53, 22), (22, 53), (54, 44), (44, 54), (55, 40), (40, 55), (56, 36), (36, 56), (57, 32), (32, 57), (58, 24), (24, 58), (59, 27), (27, 59), (60, 36), (36, 60), (61, 56), (56, 61), (62, 26), (26, 62), (63, 36), (36, 63), (64, 49), (49, 64), (65, 44), (44, 65), (66, 18), (18, 66), (67, 44), (44, 67), (68, 57), (57, 68), (69, 64), (64, 69), (70, 50), (50, 70), (71, 41), (41, 71), (72, 27), (27, 72), (73, 61), (61, 73), (74, 27), (27, 74), (75, 63), (63, 75), (76, 18), (18, 76), (77, 43), (43, 77), (78, 31), (31, 78), (79, 37), (37, 79), (80, 34), (34, 80), (81, 80), (80, 81), (82, 47), (47, 82), (83, 56), (56, 83), (84, 31), (31, 84), (85, 9), (9, 85), (86, 30), (30, 86), (87, 12), (12, 87), (88, 48), (48, 88), (89, 44), (44, 89), (90, 31), (31, 90), (91, 47), (47, 91), (92, 22), (22, 92), (93, 63), (63, 93), (94, 35), (35, 94), (95, 7), (7, 95), (96, 30), (30, 96), (97, 22), (22, 97), (98, 41), (41, 98), (99, 59), (59, 99), (100, 65), (65, 100)]
Z_dad = [2, 9, 18]
Y_dad = [22]
X_dad = [7, 36, 53]
Z_da-ad = [2, 9, 36]
Y_da-ad = [33]
X_da-ad = [21, 37, 39]
