no              #fail
12.508          #totTm
11.356          #lastADTm
5               #itDAD
1.000           #avItADGoal
85              #itADOpt
96              #opt
96              #optDA-AD
1.158           #tmDA
0.0             #relGain

V = [1, 2, 3, 4, 5, 6, 7, 8, 9, 10, 11, 12, 13, 14, 15, 16, 17, 18, 19, 20, 21, 22, 23, 24, 25, 26, 27, 28, 29, 30, 31, 32, 33, 34, 35, 36, 37, 38, 39, 40, 41, 42, 43, 44, 45, 46, 47, 48, 49, 50, 51, 52, 53, 54, 55, 56, 57, 58, 59, 60, 61, 62, 63, 64, 65, 66, 67, 68, 69, 70, 71, 72, 73, 74, 75, 76, 77, 78, 79, 80, 81, 82, 83, 84, 85, 86, 87, 88, 89, 90, 91, 92, 93, 94, 95, 96, 97, 98, 99, 100]
A = [(2, 1), (1, 2), (3, 2), (2, 3), (4, 1), (1, 4), (5, 4), (4, 5), (6, 3), (3, 6), (7, 3), (3, 7), (8, 5), (5, 8), (9, 5), (5, 9), (10, 6), (6, 10), (11, 8), (8, 11), (12, 5), (5, 12), (13, 1), (1, 13), (14, 7), (7, 14), (15, 6), (6, 15), (16, 11), (11, 16), (17, 6), (6, 17), (18, 17), (17, 18), (19, 5), (5, 19), (20, 13), (13, 20), (21, 17), (17, 21), (22, 2), (2, 22), (23, 2), (2, 23), (24, 14), (14, 24), (25, 21), (21, 25), (26, 23), (23, 26), (27, 16), (16, 27), (28, 16), (16, 28), (29, 27), (27, 29), (30, 2), (2, 30), (31, 10), (10, 31), (32, 26), (26, 32), (33, 20), (20, 33), (34, 28), (28, 34), (35, 33), (33, 35), (36, 13), (13, 36), (37, 6), (6, 37), (38, 5), (5, 38), (39, 33), (33, 39), (40, 24), (24, 40), (41, 15), (15, 41), (42, 20), (20, 42), (43, 30), (30, 43), (44, 2), (2, 44), (45, 28), (28, 45), (46, 25), (25, 46), (47, 4), (4, 47), (48, 23), (23, 48), (49, 35), (35, 49), (50, 10), (10, 50), (51, 7), (7, 51), (52, 41), (41, 52), (53, 1), (1, 53), (54, 50), (50, 54), (55, 5), (5, 55), (56, 21), (21, 56), (57, 12), (12, 57), (58, 15), (15, 58), (59, 35), (35, 59), (60, 44), (44, 60), (61, 31), (31, 61), (62, 53), (53, 62), (63, 59), (59, 63), (64, 48), (48, 64), (65, 35), (35, 65), (66, 65), (65, 66), (67, 51), (51, 67), (68, 28), (28, 68), (69, 31), (31, 69), (70, 56), (56, 70), (71, 68), (68, 71), (72, 62), (62, 72), (73, 1), (1, 73), (74, 50), (50, 74), (75, 3), (3, 75), (76, 59), (59, 76), (77, 75), (75, 77), (78, 20), (20, 78), (79, 19), (19, 79), (80, 50), (50, 80), (81, 71), (71, 81), (82, 11), (11, 82), (83, 10), (10, 83), (84, 16), (16, 84), (85, 31), (31, 85), (86, 50), (50, 86), (87, 35), (35, 87), (88, 19), (19, 88), (89, 13), (13, 89), (90, 62), (62, 90), (91, 19), (19, 91), (92, 36), (36, 92), (93, 83), (83, 93), (94, 15), (15, 94), (95, 23), (23, 95), (96, 54), (54, 96), (97, 25), (25, 97), (98, 35), (35, 98), (99, 46), (46, 99), (100, 24), (24, 100)]
Z_dad = [1, 5, 6]
Y_dad = [35]
X_dad = [33, 59, 65]
Z_da-ad = [1, 5, 6]
Y_da-ad = [35]
X_da-ad = [33, 59, 65]
