no              #fail
13.255          #totTm
12.213          #lastADTm
5               #itDAD
1.000           #avItADGoal
90              #itADOpt
97              #opt
96              #optDA-AD
1.846           #tmDA
1.0             #relGain

V = [1, 2, 3, 4, 5, 6, 7, 8, 9, 10, 11, 12, 13, 14, 15, 16, 17, 18, 19, 20, 21, 22, 23, 24, 25, 26, 27, 28, 29, 30, 31, 32, 33, 34, 35, 36, 37, 38, 39, 40, 41, 42, 43, 44, 45, 46, 47, 48, 49, 50, 51, 52, 53, 54, 55, 56, 57, 58, 59, 60, 61, 62, 63, 64, 65, 66, 67, 68, 69, 70, 71, 72, 73, 74, 75, 76, 77, 78, 79, 80, 81, 82, 83, 84, 85, 86, 87, 88, 89, 90, 91, 92, 93, 94, 95, 96, 97, 98, 99, 100]
A = [(2, 1), (1, 2), (3, 2), (2, 3), (4, 3), (3, 4), (5, 1), (1, 5), (6, 3), (3, 6), (7, 6), (6, 7), (8, 1), (1, 8), (9, 1), (1, 9), (10, 4), (4, 10), (11, 7), (7, 11), (12, 10), (10, 12), (13, 12), (12, 13), (14, 3), (3, 14), (15, 4), (4, 15), (16, 14), (14, 16), (17, 2), (2, 17), (18, 6), (6, 18), (19, 18), (18, 19), (20, 7), (7, 20), (21, 7), (7, 21), (22, 8), (8, 22), (23, 2), (2, 23), (24, 16), (16, 24), (25, 11), (11, 25), (26, 25), (25, 26), (27, 6), (6, 27), (28, 5), (5, 28), (29, 26), (26, 29), (30, 1), (1, 30), (31, 3), (3, 31), (32, 22), (22, 32), (33, 6), (6, 33), (34, 14), (14, 34), (35, 33), (33, 35), (36, 11), (11, 36), (37, 3), (3, 37), (38, 4), (4, 38), (39, 13), (13, 39), (40, 11), (11, 40), (41, 8), (8, 41), (42, 4), (4, 42), (43, 13), (13, 43), (44, 3), (3, 44), (45, 35), (35, 45), (46, 22), (22, 46), (47, 36), (36, 47), (48, 41), (41, 48), (49, 42), (42, 49), (50, 34), (34, 50), (51, 4), (4, 51), (52, 36), (36, 52), (53, 21), (21, 53), (54, 44), (44, 54), (55, 37), (37, 55), (56, 36), (36, 56), (57, 38), (38, 57), (58, 39), (39, 58), (59, 34), (34, 59), (60, 2), (2, 60), (61, 33), (33, 61), (62, 24), (24, 62), (63, 35), (35, 63), (64, 54), (54, 64), (65, 14), (14, 65), (66, 50), (50, 66), (67, 50), (50, 67), (68, 5), (5, 68), (69, 27), (27, 69), (70, 35), (35, 70), (71, 40), (40, 71), (72, 59), (59, 72), (73, 62), (62, 73), (74, 43), (43, 74), (75, 21), (21, 75), (76, 63), (63, 76), (77, 53), (53, 77), (78, 24), (24, 78), (79, 74), (74, 79), (80, 75), (75, 80), (81, 47), (47, 81), (82, 32), (32, 82), (83, 35), (35, 83), (84, 8), (8, 84), (85, 4), (4, 85), (86, 18), (18, 86), (87, 49), (49, 87), (88, 30), (30, 88), (89, 37), (37, 89), (90, 55), (55, 90), (91, 66), (66, 91), (92, 65), (65, 92), (93, 65), (65, 93), (94, 88), (88, 94), (95, 48), (48, 95), (96, 41), (41, 96), (97, 68), (68, 97), (98, 74), (74, 98), (99, 56), (56, 99), (100, 66), (66, 100)]
Z_dad = [1, 3, 4]
Y_dad = [35]
X_dad = [33, 45, 63]
Z_da-ad = [1, 3, 7]
Y_da-ad = [4]
X_da-ad = [10, 38, 42]
