no              #fail
2776.984        #totTm
36.691          #lastADTm
15              #itDAD
9.143           #avItADGoal
94              #itADOpt
12              #opt
12              #optDA-AD
1.358           #tmDA
0.0             #relGain

V = [1, 2, 3, 4, 5, 6, 7, 8, 9, 10, 11, 12, 13, 14, 15, 16, 17, 18, 19, 20, 21, 22, 23, 24, 25, 26, 27, 28, 29, 30, 31, 32, 33, 34, 35, 36, 37, 38, 39, 40]
A = [(1, 4), (4, 1), (1, 36), (36, 1), (1, 38), (38, 1), (2, 3), (3, 2), (2, 17), (17, 2), (2, 24), (24, 2), (2, 33), (33, 2), (2, 34), (34, 2), (2, 36), (36, 2), (3, 18), (18, 3), (3, 23), (23, 3), (3, 26), (26, 3), (3, 33), (33, 3), (3, 37), (37, 3), (4, 14), (14, 4), (4, 16), (16, 4), (4, 20), (20, 4), (4, 25), (25, 4), (4, 29), (29, 4), (4, 38), (38, 4), (6, 23), (23, 6), (7, 21), (21, 7), (7, 29), (29, 7), (7, 32), (32, 7), (7, 35), (35, 7), (7, 37), (37, 7), (9, 36), (36, 9), (10, 21), (21, 10), (10, 22), (22, 10), (10, 30), (30, 10), (12, 25), (25, 12), (12, 35), (35, 12), (12, 40), (40, 12), (13, 29), (29, 13), (14, 17), (17, 14), (14, 20), (20, 14), (14, 24), (24, 14), (14, 31), (31, 14), (15, 16), (16, 15), (15, 17), (17, 15), (15, 18), (18, 15), (15, 22), (22, 15), (15, 27), (27, 15), (15, 31), (31, 15), (15, 37), (37, 15), (16, 22), (22, 16), (17, 21), (21, 17), (17, 36), (36, 17), (17, 39), (39, 17), (18, 19), (19, 18), (18, 32), (32, 18), (18, 38), (38, 18), (19, 21), (21, 19), (20, 23), (23, 20), (20, 25), (25, 20), (20, 27), (27, 20), (20, 38), (38, 20), (21, 31), (31, 21), (21, 34), (34, 21), (22, 23), (23, 22), (22, 28), (28, 22), (22, 40), (40, 22), (23, 32), (32, 23), (25, 27), (27, 25), (25, 28), (28, 25), (25, 34), (34, 25), (26, 28), (28, 26), (27, 31), (31, 27), (28, 36), (36, 28), (28, 38), (38, 28), (29, 35), (35, 29), (30, 33), (33, 30), (30, 40), (40, 30), (31, 33), (33, 31), (32, 33), (33, 32), (32, 40), (40, 32), (33, 36), (36, 33), (33, 40), (40, 33)]
Z_dad = [17, 23, 29]
Y_dad = [8, 25, 36]
X_dad = [7, 12, 33]
Z_da-ad = [23, 29, 36]
Y_da-ad = [5, 9, 17]
X_da-ad = [7, 25, 40]
