no              #fail
1647.348        #totTm
30.563          #lastADTm
19              #itDAD
5.278           #avItADGoal
95              #itADOpt
12              #opt
12              #optDA-AD
6.254           #tmDA
0.0             #relGain

V = [1, 2, 3, 4, 5, 6, 7, 8, 9, 10, 11, 12, 13, 14, 15, 16, 17, 18, 19, 20, 21, 22, 23, 24, 25, 26, 27, 28, 29, 30, 31, 32, 33, 34, 35, 36, 37, 38, 39, 40]
A = [(1, 10), (10, 1), (1, 18), (18, 1), (1, 23), (23, 1), (2, 14), (14, 2), (2, 28), (28, 2), (2, 29), (29, 2), (2, 30), (30, 2), (3, 20), (20, 3), (4, 11), (11, 4), (4, 14), (14, 4), (4, 15), (15, 4), (4, 17), (17, 4), (4, 18), (18, 4), (4, 21), (21, 4), (4, 30), (30, 4), (4, 39), (39, 4), (5, 23), (23, 5), (5, 38), (38, 5), (6, 40), (40, 6), (7, 19), (19, 7), (8, 14), (14, 8), (8, 23), (23, 8), (8, 34), (34, 8), (8, 38), (38, 8), (9, 10), (10, 9), (9, 17), (17, 9), (9, 26), (26, 9), (9, 30), (30, 9), (9, 31), (31, 9), (10, 17), (17, 10), (10, 28), (28, 10), (10, 31), (31, 10), (11, 22), (22, 11), (11, 36), (36, 11), (13, 24), (24, 13), (13, 30), (30, 13), (13, 35), (35, 13), (14, 15), (15, 14), (15, 17), (17, 15), (15, 25), (25, 15), (15, 26), (26, 15), (16, 25), (25, 16), (16, 29), (29, 16), (16, 33), (33, 16), (16, 37), (37, 16), (17, 36), (36, 17), (17, 38), (38, 17), (18, 25), (25, 18), (18, 27), (27, 18), (18, 28), (28, 18), (18, 37), (37, 18), (18, 39), (39, 18), (19, 25), (25, 19), (19, 39), (39, 19), (19, 40), (40, 19), (20, 23), (23, 20), (20, 36), (36, 20), (21, 22), (22, 21), (22, 27), (27, 22), (22, 29), (29, 22), (22, 32), (32, 22), (22, 39), (39, 22), (23, 30), (30, 23), (25, 31), (31, 25), (26, 28), (28, 26), (26, 38), (38, 26), (27, 31), (31, 27), (28, 30), (30, 28), (29, 30), (30, 29), (29, 35), (35, 29), (30, 32), (32, 30), (30, 35), (35, 30), (31, 32), (32, 31), (32, 34), (34, 32), (32, 36), (36, 32), (32, 38), (38, 32), (35, 38), (38, 35), (36, 38), (38, 36)]
Z_dad = [16, 19, 30]
Y_dad = [4, 35, 40]
X_dad = [13, 23, 36]
Z_da-ad = [16, 18, 19]
Y_da-ad = [6, 7, 30]
X_da-ad = [4, 13, 22]
