no              #fail
154.975         #totTm
7.257           #lastADTm
16              #itDAD
3.000           #avItADGoal
28              #itADOpt
11              #opt
11              #optDA-AD
26.94           #tmDA
0.0             #relGain

V = [1, 2, 3, 4, 5, 6, 7, 8, 9, 10, 11, 12, 13, 14, 15, 16, 17, 18, 19, 20, 21, 22, 23, 24, 25, 26, 27, 28, 29, 30, 31, 32, 33, 34, 35, 36, 37, 38, 39, 40]
A = [(1, 6), (6, 1), (1, 15), (15, 1), (1, 16), (16, 1), (1, 21), (21, 1), (1, 29), (29, 1), (1, 31), (31, 1), (2, 22), (22, 2), (2, 26), (26, 2), (3, 14), (14, 3), (4, 6), (6, 4), (4, 9), (9, 4), (4, 12), (12, 4), (4, 29), (29, 4), (5, 35), (35, 5), (5, 37), (37, 5), (6, 10), (10, 6), (6, 23), (23, 6), (6, 31), (31, 6), (6, 34), (34, 6), (6, 35), (35, 6), (7, 14), (14, 7), (7, 17), (17, 7), (7, 24), (24, 7), (7, 31), (31, 7), (7, 34), (34, 7), (8, 18), (18, 8), (8, 31), (31, 8), (9, 14), (14, 9), (9, 17), (17, 9), (9, 19), (19, 9), (9, 22), (22, 9), (9, 28), (28, 9), (9, 39), (39, 9), (10, 16), (16, 10), (10, 21), (21, 10), (10, 32), (32, 10), (11, 19), (19, 11), (11, 27), (27, 11), (11, 28), (28, 11), (12, 25), (25, 12), (12, 26), (26, 12), (12, 37), (37, 12), (12, 38), (38, 12), (13, 19), (19, 13), (14, 27), (27, 14), (14, 29), (29, 14), (14, 39), (39, 14), (16, 30), (30, 16), (16, 39), (39, 16), (17, 22), (22, 17), (17, 38), (38, 17), (18, 21), (21, 18), (18, 26), (26, 18), (19, 24), (24, 19), (19, 32), (32, 19), (19, 38), (38, 19), (20, 29), (29, 20), (20, 39), (39, 20), (22, 23), (23, 22), (22, 30), (30, 22), (22, 36), (36, 22), (23, 31), (31, 23), (23, 39), (39, 23), (24, 30), (30, 24), (24, 31), (31, 24), (24, 34), (34, 24), (25, 31), (31, 25), (25, 35), (35, 25), (27, 30), (30, 27), (27, 33), (33, 27), (29, 31), (31, 29), (30, 36), (36, 30), (30, 40), (40, 30), (31, 36), (36, 31), (32, 33), (33, 32), (32, 34), (34, 32), (34, 39), (39, 34), (39, 40), (40, 39)]
Z_dad = [1, 14, 19]
Y_dad = [12, 27, 31]
X_dad = [6, 25, 37]
Z_da-ad = [1, 14, 19]
Y_da-ad = [9, 15, 31]
X_da-ad = [28, 30, 32]
