no              #fail
5888.964        #totTm
3.629           #lastADTm
16              #itDAD
4.800           #avItADGoal
20              #itADOpt
10              #opt
9               #optDA-AD
4.528           #tmDA
10.0            #relGain

V = [1, 2, 3, 4, 5, 6, 7, 8, 9, 10, 11, 12, 13, 14, 15, 16, 17, 18, 19, 20, 21, 22, 23, 24, 25, 26, 27, 28, 29, 30, 31, 32, 33, 34, 35, 36, 37, 38, 39, 40]
A = [(1, 6), (6, 1), (1, 7), (7, 1), (1, 11), (11, 1), (1, 24), (24, 1), (1, 31), (31, 1), (1, 35), (35, 1), (2, 25), (25, 2), (3, 11), (11, 3), (3, 15), (15, 3), (3, 27), (27, 3), (3, 39), (39, 3), (4, 5), (5, 4), (4, 31), (31, 4), (5, 31), (31, 5), (5, 40), (40, 5), (6, 25), (25, 6), (6, 33), (33, 6), (6, 34), (34, 6), (7, 14), (14, 7), (7, 29), (29, 7), (8, 15), (15, 8), (8, 27), (27, 8), (8, 39), (39, 8), (9, 16), (16, 9), (9, 33), (33, 9), (9, 35), (35, 9), (10, 13), (13, 10), (10, 15), (15, 10), (10, 34), (34, 10), (10, 40), (40, 10), (11, 40), (40, 11), (12, 16), (16, 12), (12, 34), (34, 12), (12, 39), (39, 12), (13, 29), (29, 13), (13, 32), (32, 13), (13, 40), (40, 13), (14, 15), (15, 14), (14, 26), (26, 14), (14, 34), (34, 14), (14, 36), (36, 14), (15, 24), (24, 15), (15, 28), (28, 15), (15, 32), (32, 15), (15, 33), (33, 15), (16, 26), (26, 16), (17, 18), (18, 17), (17, 20), (20, 17), (17, 26), (26, 17), (17, 32), (32, 17), (18, 22), (22, 18), (18, 24), (24, 18), (18, 30), (30, 18), (18, 31), (31, 18), (19, 23), (23, 19), (19, 28), (28, 19), (19, 36), (36, 19), (19, 40), (40, 19), (20, 23), (23, 20), (20, 39), (39, 20), (22, 25), (25, 22), (22, 35), (35, 22), (22, 36), (36, 22), (24, 30), (30, 24), (24, 38), (38, 24), (25, 29), (29, 25), (25, 31), (31, 25), (27, 30), (30, 27), (27, 32), (32, 27), (28, 36), (36, 28), (29, 34), (34, 29), (29, 40), (40, 29), (32, 37), (37, 32), (35, 37), (37, 35), (35, 39), (39, 35), (36, 40), (40, 36), (37, 39), (39, 37), (38, 40), (40, 38)]
Z_dad = [1, 15, 40]
Y_dad = [27, 31, 36]
X_dad = [18, 25, 30]
Z_da-ad = [24, 25, 40]
Y_da-ad = [2, 19, 31]
X_da-ad = [5, 18, 27]
