no              #fail
5.659           #totTm
0.980           #lastADTm
6               #itDAD
2.400           #avItADGoal
14              #itADOpt
8               #opt
8               #optDA-AD
0.952           #tmDA
0.0             #relGain

V = [1, 2, 3, 4, 5, 6, 7, 8, 9, 10, 11, 12, 13, 14, 15, 16, 17, 18, 19, 20, 21, 22, 23, 24, 25, 26, 27, 28, 29, 30, 31, 32, 33, 34, 35, 36, 37, 38, 39, 40]
A = [(1, 31), (31, 1), (2, 5), (5, 2), (2, 11), (11, 2), (3, 5), (5, 3), (3, 14), (14, 3), (3, 22), (22, 3), (3, 26), (26, 3), (3, 28), (28, 3), (3, 36), (36, 3), (4, 9), (9, 4), (4, 10), (10, 4), (4, 20), (20, 4), (4, 29), (29, 4), (4, 34), (34, 4), (6, 9), (9, 6), (6, 12), (12, 6), (6, 25), (25, 6), (6, 36), (36, 6), (6, 37), (37, 6), (7, 24), (24, 7), (7, 31), (31, 7), (8, 9), (9, 8), (9, 20), (20, 9), (9, 22), (22, 9), (9, 25), (25, 9), (10, 20), (20, 10), (10, 21), (21, 10), (10, 23), (23, 10), (10, 30), (30, 10), (10, 33), (33, 10), (10, 39), (39, 10), (11, 17), (17, 11), (12, 17), (17, 12), (12, 19), (19, 12), (13, 18), (18, 13), (13, 19), (19, 13), (13, 34), (34, 13), (14, 17), (17, 14), (14, 20), (20, 14), (15, 23), (23, 15), (15, 26), (26, 15), (15, 27), (27, 15), (15, 38), (38, 15), (16, 36), (36, 16), (17, 27), (27, 17), (17, 28), (28, 17), (17, 35), (35, 17), (17, 38), (38, 17), (17, 40), (40, 17), (18, 24), (24, 18), (19, 20), (20, 19), (19, 34), (34, 19), (20, 35), (35, 20), (20, 37), (37, 20), (21, 31), (31, 21), (21, 35), (35, 21), (21, 36), (36, 21), (21, 39), (39, 21), (22, 30), (30, 22), (22, 37), (37, 22), (23, 27), (27, 23), (23, 31), (31, 23), (23, 39), (39, 23), (24, 26), (26, 24), (24, 33), (33, 24), (25, 30), (30, 25), (25, 38), (38, 25), (26, 31), (31, 26), (26, 34), (34, 26), (26, 38), (38, 26), (27, 31), (31, 27), (27, 33), (33, 27), (27, 37), (37, 27), (31, 33), (33, 31), (31, 35), (35, 31), (34, 39), (39, 34), (34, 40), (40, 34), (36, 37), (37, 36)]
Z_dad = [24, 31]
Y_dad = [1, 17]
X_dad = [9, 36]
Z_da-ad = [3, 17]
Y_da-ad = [5, 34]
X_da-ad = [2, 9]
