no              #fail
3.281           #totTm
1.092           #lastADTm
4               #itDAD
1.667           #avItADGoal
14              #itADOpt
8               #opt
7               #optDA-AD
0.426           #tmDA
12.5            #relGain

V = [1, 2, 3, 4, 5, 6, 7, 8, 9, 10, 11, 12, 13, 14, 15, 16, 17, 18, 19, 20, 21, 22, 23, 24, 25, 26, 27, 28, 29, 30, 31, 32, 33, 34, 35, 36, 37, 38, 39, 40]
A = [(1, 3), (3, 1), (1, 5), (5, 1), (1, 11), (11, 1), (1, 34), (34, 1), (2, 19), (19, 2), (2, 27), (27, 2), (2, 31), (31, 2), (3, 7), (7, 3), (3, 13), (13, 3), (3, 18), (18, 3), (3, 21), (21, 3), (3, 25), (25, 3), (3, 26), (26, 3), (3, 29), (29, 3), (3, 34), (34, 3), (3, 35), (35, 3), (3, 40), (40, 3), (4, 12), (12, 4), (4, 22), (22, 4), (4, 31), (31, 4), (4, 40), (40, 4), (5, 7), (7, 5), (5, 15), (15, 5), (5, 25), (25, 5), (5, 30), (30, 5), (5, 34), (34, 5), (6, 15), (15, 6), (6, 40), (40, 6), (7, 11), (11, 7), (7, 14), (14, 7), (7, 39), (39, 7), (8, 10), (10, 8), (8, 23), (23, 8), (9, 21), (21, 9), (9, 32), (32, 9), (9, 39), (39, 9), (10, 23), (23, 10), (10, 26), (26, 10), (11, 12), (12, 11), (11, 29), (29, 11), (12, 24), (24, 12), (12, 36), (36, 12), (12, 39), (39, 12), (13, 33), (33, 13), (13, 35), (35, 13), (13, 40), (40, 13), (14, 26), (26, 14), (14, 40), (40, 14), (15, 16), (16, 15), (15, 23), (23, 15), (15, 40), (40, 15), (16, 27), (27, 16), (16, 37), (37, 16), (17, 32), (32, 17), (18, 23), (23, 18), (18, 31), (31, 18), (18, 38), (38, 18), (19, 27), (27, 19), (19, 29), (29, 19), (19, 37), (37, 19), (20, 25), (25, 20), (20, 39), (39, 20), (20, 40), (40, 20), (21, 34), (34, 21), (21, 39), (39, 21), (23, 25), (25, 23), (26, 32), (32, 26), (26, 33), (33, 26), (26, 34), (34, 26), (27, 30), (30, 27), (27, 36), (36, 27), (27, 38), (38, 27), (30, 35), (35, 30), (31, 36), (36, 31), (32, 37), (37, 32), (33, 37), (37, 33), (36, 39), (39, 36), (38, 40), (40, 38)]
Z_dad = [12, 32]
Y_dad = [3, 28]
X_dad = [31, 40]
Z_da-ad = [4, 12]
Y_da-ad = [22, 26]
X_da-ad = [9, 32]
