no              #fail
21.040          #totTm
0.554           #lastADTm
10              #itDAD
2.778           #avItADGoal
10              #itADOpt
7               #opt
7               #optDA-AD
0.928           #tmDA
0.0             #relGain

V = [1, 2, 3, 4, 5, 6, 7, 8, 9, 10, 11, 12, 13, 14, 15, 16, 17, 18, 19, 20, 21, 22, 23, 24, 25, 26, 27, 28, 29, 30, 31, 32, 33, 34, 35, 36, 37, 38, 39, 40]
A = [(1, 9), (9, 1), (1, 27), (27, 1), (1, 36), (36, 1), (2, 6), (6, 2), (2, 20), (20, 2), (2, 22), (22, 2), (2, 23), (23, 2), (2, 27), (27, 2), (2, 35), (35, 2), (2, 36), (36, 2), (2, 37), (37, 2), (3, 4), (4, 3), (3, 36), (36, 3), (4, 6), (6, 4), (4, 23), (23, 4), (4, 25), (25, 4), (5, 15), (15, 5), (5, 21), (21, 5), (5, 25), (25, 5), (6, 20), (20, 6), (6, 31), (31, 6), (7, 23), (23, 7), (7, 28), (28, 7), (7, 30), (30, 7), (7, 31), (31, 7), (7, 34), (34, 7), (7, 36), (36, 7), (7, 39), (39, 7), (8, 12), (12, 8), (8, 18), (18, 8), (8, 22), (22, 8), (8, 37), (37, 8), (9, 23), (23, 9), (9, 32), (32, 9), (10, 14), (14, 10), (10, 19), (19, 10), (10, 22), (22, 10), (10, 35), (35, 10), (11, 14), (14, 11), (11, 24), (24, 11), (11, 35), (35, 11), (12, 19), (19, 12), (13, 17), (17, 13), (13, 20), (20, 13), (13, 22), (22, 13), (13, 25), (25, 13), (13, 27), (27, 13), (14, 36), (36, 14), (15, 24), (24, 15), (15, 25), (25, 15), (15, 26), (26, 15), (16, 17), (17, 16), (16, 27), (27, 16), (17, 29), (29, 17), (18, 29), (29, 18), (19, 21), (21, 19), (19, 23), (23, 19), (20, 38), (38, 20), (20, 40), (40, 20), (21, 22), (22, 21), (21, 28), (28, 21), (22, 25), (25, 22), (22, 26), (26, 22), (22, 29), (29, 22), (23, 33), (33, 23), (24, 26), (26, 24), (24, 36), (36, 24), (24, 37), (37, 24), (25, 26), (26, 25), (25, 30), (30, 25), (26, 33), (33, 26), (26, 39), (39, 26), (27, 29), (29, 27), (30, 39), (39, 30), (32, 33), (33, 32), (32, 40), (40, 32), (33, 40), (40, 33), (37, 40), (40, 37)]
Z_dad = [7, 21]
Y_dad = [20, 26]
X_dad = [6, 40]
Z_da-ad = [7, 20]
Y_da-ad = [31, 39]
X_da-ad = [16, 21]
