no              #fail
13.681          #totTm
0.906           #lastADTm
9               #itDAD
3.250           #avItADGoal
13              #itADOpt
9               #opt
8               #optDA-AD
1.49            #tmDA
11.1            #relGain

V = [1, 2, 3, 4, 5, 6, 7, 8, 9, 10, 11, 12, 13, 14, 15, 16, 17, 18, 19, 20, 21, 22, 23, 24, 25, 26, 27, 28, 29, 30, 31, 32, 33, 34, 35, 36, 37, 38, 39, 40]
A = [(1, 4), (4, 1), (1, 6), (6, 1), (1, 12), (12, 1), (1, 28), (28, 1), (1, 40), (40, 1), (2, 11), (11, 2), (2, 31), (31, 2), (3, 4), (4, 3), (3, 7), (7, 3), (3, 13), (13, 3), (3, 23), (23, 3), (3, 34), (34, 3), (4, 13), (13, 4), (4, 27), (27, 4), (5, 22), (22, 5), (6, 9), (9, 6), (6, 36), (36, 6), (6, 37), (37, 6), (8, 9), (9, 8), (8, 16), (16, 8), (8, 20), (20, 8), (9, 13), (13, 9), (9, 14), (14, 9), (9, 23), (23, 9), (9, 27), (27, 9), (9, 28), (28, 9), (9, 40), (40, 9), (10, 12), (12, 10), (10, 19), (19, 10), (10, 26), (26, 10), (10, 34), (34, 10), (11, 14), (14, 11), (11, 15), (15, 11), (11, 19), (19, 11), (11, 38), (38, 11), (12, 31), (31, 12), (12, 34), (34, 12), (13, 16), (16, 13), (13, 21), (21, 13), (13, 28), (28, 13), (14, 21), (21, 14), (14, 27), (27, 14), (14, 30), (30, 14), (14, 39), (39, 14), (15, 26), (26, 15), (15, 30), (30, 15), (15, 37), (37, 15), (15, 39), (39, 15), (16, 18), (18, 16), (16, 23), (23, 16), (16, 26), (26, 16), (16, 27), (27, 16), (16, 35), (35, 16), (16, 37), (37, 16), (17, 37), (37, 17), (18, 26), (26, 18), (18, 36), (36, 18), (19, 26), (26, 19), (19, 32), (32, 19), (19, 34), (34, 19), (20, 21), (21, 20), (21, 26), (26, 21), (21, 31), (31, 21), (21, 32), (32, 21), (21, 37), (37, 21), (22, 33), (33, 22), (24, 33), (33, 24), (24, 36), (36, 24), (25, 30), (30, 25), (25, 35), (35, 25), (26, 30), (30, 26), (26, 31), (31, 26), (26, 34), (34, 26), (27, 30), (30, 27), (30, 37), (37, 30), (30, 38), (38, 30), (32, 33), (33, 32), (32, 34), (34, 32)]
Z_dad = [3, 16]
Y_dad = [30, 32]
X_dad = [25, 33]
Z_da-ad = [3, 22]
Y_da-ad = [16, 33]
X_da-ad = [23, 37]
