no              #fail
73.684          #totTm
0.920           #lastADTm
9               #itDAD
3.250           #avItADGoal
9               #itADOpt
7               #opt
7               #optDA-AD
0.606           #tmDA
0.0             #relGain

V = [1, 2, 3, 4, 5, 6, 7, 8, 9, 10, 11, 12, 13, 14, 15, 16, 17, 18, 19, 20, 21, 22, 23, 24, 25, 26, 27, 28, 29, 30, 31, 32, 33, 34, 35, 36, 37, 38, 39, 40]
A = [(1, 7), (7, 1), (1, 11), (11, 1), (1, 40), (40, 1), (2, 7), (7, 2), (2, 8), (8, 2), (2, 13), (13, 2), (2, 17), (17, 2), (2, 24), (24, 2), (2, 25), (25, 2), (2, 34), (34, 2), (3, 8), (8, 3), (3, 10), (10, 3), (3, 11), (11, 3), (3, 39), (39, 3), (3, 40), (40, 3), (4, 8), (8, 4), (4, 24), (24, 4), (4, 30), (30, 4), (5, 13), (13, 5), (5, 18), (18, 5), (5, 23), (23, 5), (5, 25), (25, 5), (5, 33), (33, 5), (5, 39), (39, 5), (6, 10), (10, 6), (6, 37), (37, 6), (7, 34), (34, 7), (8, 11), (11, 8), (8, 17), (17, 8), (9, 25), (25, 9), (9, 28), (28, 9), (9, 39), (39, 9), (10, 22), (22, 10), (10, 26), (26, 10), (10, 36), (36, 10), (11, 21), (21, 11), (11, 24), (24, 11), (11, 36), (36, 11), (12, 13), (13, 12), (12, 29), (29, 12), (12, 33), (33, 12), (12, 35), (35, 12), (12, 39), (39, 12), (12, 40), (40, 12), (13, 23), (23, 13), (14, 15), (15, 14), (14, 17), (17, 14), (14, 25), (25, 14), (14, 29), (29, 14), (15, 17), (17, 15), (16, 24), (24, 16), (16, 35), (35, 16), (17, 32), (32, 17), (18, 21), (21, 18), (18, 35), (35, 18), (18, 37), (37, 18), (20, 29), (29, 20), (20, 31), (31, 20), (20, 38), (38, 20), (21, 23), (23, 21), (21, 29), (29, 21), (24, 28), (28, 24), (24, 36), (36, 24), (25, 27), (27, 25), (25, 32), (32, 25), (25, 37), (37, 25), (26, 40), (40, 26), (27, 30), (30, 27), (27, 31), (31, 27), (27, 34), (34, 27), (27, 35), (35, 27), (28, 37), (37, 28), (30, 37), (37, 30), (31, 33), (33, 31), (32, 36), (36, 32), (33, 38), (38, 33), (33, 40), (40, 33), (35, 40), (40, 35)]
Z_dad = [10, 27]
Y_dad = [19, 33]
X_dad = [37, 40]
Z_da-ad = [10, 40]
Y_da-ad = [22, 31]
X_da-ad = [7, 11]
