no              #fail
56.301          #totTm
1.219           #lastADTm
12              #itDAD
2.727           #avItADGoal
15              #itADOpt
7               #opt
6               #optDA-AD
1.286           #tmDA
14.3            #relGain

V = [1, 2, 3, 4, 5, 6, 7, 8, 9, 10, 11, 12, 13, 14, 15, 16, 17, 18, 19, 20, 21, 22, 23, 24, 25, 26, 27, 28, 29, 30, 31, 32, 33, 34, 35, 36, 37, 38, 39, 40]
A = [(1, 21), (21, 1), (1, 30), (30, 1), (1, 39), (39, 1), (2, 7), (7, 2), (2, 14), (14, 2), (2, 16), (16, 2), (2, 19), (19, 2), (2, 20), (20, 2), (2, 33), (33, 2), (3, 22), (22, 3), (3, 27), (27, 3), (3, 31), (31, 3), (3, 34), (34, 3), (4, 39), (39, 4), (5, 7), (7, 5), (5, 13), (13, 5), (5, 18), (18, 5), (5, 29), (29, 5), (5, 36), (36, 5), (6, 10), (10, 6), (6, 18), (18, 6), (6, 33), (33, 6), (6, 38), (38, 6), (6, 40), (40, 6), (7, 14), (14, 7), (7, 28), (28, 7), (7, 29), (29, 7), (7, 31), (31, 7), (7, 33), (33, 7), (8, 15), (15, 8), (8, 34), (34, 8), (9, 10), (10, 9), (9, 18), (18, 9), (9, 20), (20, 9), (10, 14), (14, 10), (10, 27), (27, 10), (10, 39), (39, 10), (11, 15), (15, 11), (11, 16), (16, 11), (11, 25), (25, 11), (12, 36), (36, 12), (13, 29), (29, 13), (14, 16), (16, 14), (15, 16), (16, 15), (15, 31), (31, 15), (15, 38), (38, 15), (16, 19), (19, 16), (17, 19), (19, 17), (17, 22), (22, 17), (17, 29), (29, 17), (18, 20), (20, 18), (19, 29), (29, 19), (19, 40), (40, 19), (20, 33), (33, 20), (20, 36), (36, 20), (20, 37), (37, 20), (20, 39), (39, 20), (21, 26), (26, 21), (21, 32), (32, 21), (22, 23), (23, 22), (22, 27), (27, 22), (22, 30), (30, 22), (22, 31), (31, 22), (22, 38), (38, 22), (23, 32), (32, 23), (24, 28), (28, 24), (25, 32), (32, 25), (26, 27), (27, 26), (26, 35), (35, 26), (29, 32), (32, 29), (29, 35), (35, 29), (30, 31), (31, 30), (30, 36), (36, 30), (33, 37), (37, 33), (35, 39), (39, 35), (37, 39), (39, 37), (38, 40), (40, 38), (39, 40), (40, 39)]
Z_dad = [15, 39]
Y_dad = [3, 7]
X_dad = [28, 34]
Z_da-ad = [7, 39]
Y_da-ad = [3, 24]
X_da-ad = [22, 32]
