no              #fail
18.831          #totTm
0.803           #lastADTm
10              #itDAD
3.000           #avItADGoal
10              #itADOpt
7               #opt
7               #optDA-AD
1.506           #tmDA
0.0             #relGain

V = [1, 2, 3, 4, 5, 6, 7, 8, 9, 10, 11, 12, 13, 14, 15, 16, 17, 18, 19, 20, 21, 22, 23, 24, 25, 26, 27, 28, 29, 30, 31, 32, 33, 34, 35, 36, 37, 38, 39, 40]
A = [(1, 14), (14, 1), (1, 25), (25, 1), (1, 29), (29, 1), (2, 9), (9, 2), (2, 13), (13, 2), (2, 30), (30, 2), (2, 34), (34, 2), (3, 28), (28, 3), (3, 38), (38, 3), (4, 21), (21, 4), (4, 28), (28, 4), (5, 7), (7, 5), (5, 19), (19, 5), (5, 22), (22, 5), (5, 25), (25, 5), (6, 16), (16, 6), (6, 29), (29, 6), (6, 35), (35, 6), (6, 39), (39, 6), (7, 9), (9, 7), (7, 12), (12, 7), (7, 24), (24, 7), (7, 27), (27, 7), (7, 33), (33, 7), (8, 24), (24, 8), (8, 25), (25, 8), (9, 28), (28, 9), (9, 34), (34, 9), (10, 22), (22, 10), (10, 27), (27, 10), (10, 34), (34, 10), (11, 21), (21, 11), (11, 28), (28, 11), (11, 33), (33, 11), (11, 37), (37, 11), (12, 17), (17, 12), (12, 20), (20, 12), (12, 22), (22, 12), (12, 25), (25, 12), (12, 30), (30, 12), (12, 37), (37, 12), (13, 17), (17, 13), (13, 18), (18, 13), (13, 22), (22, 13), (13, 33), (33, 13), (15, 19), (19, 15), (15, 24), (24, 15), (15, 29), (29, 15), (15, 38), (38, 15), (16, 18), (18, 16), (16, 35), (35, 16), (16, 40), (40, 16), (17, 23), (23, 17), (18, 27), (27, 18), (18, 38), (38, 18), (20, 38), (38, 20), (21, 36), (36, 21), (21, 40), (40, 21), (22, 29), (29, 22), (22, 34), (34, 22), (22, 39), (39, 22), (24, 28), (28, 24), (25, 39), (39, 25), (26, 28), (28, 26), (26, 32), (32, 26), (26, 33), (33, 26), (27, 39), (39, 27), (28, 32), (32, 28), (28, 37), (37, 28), (28, 39), (39, 28), (28, 40), (40, 28), (30, 37), (37, 30), (30, 40), (40, 30), (31, 34), (34, 31), (35, 36), (36, 35), (35, 38), (38, 35), (36, 37), (37, 36), (36, 38), (38, 36)]
Z_dad = [12, 28]
Y_dad = [33, 38]
X_dad = [13, 26]
Z_da-ad = [17, 34]
Y_da-ad = [23, 39]
X_da-ad = [28, 33]
