no              #fail
5.713           #totTm
1.283           #lastADTm
6               #itDAD
1.800           #avItADGoal
12              #itADOpt
7               #opt
6               #optDA-AD
5.86            #tmDA
14.3            #relGain

V = [1, 2, 3, 4, 5, 6, 7, 8, 9, 10, 11, 12, 13, 14, 15, 16, 17, 18, 19, 20, 21, 22, 23, 24, 25, 26, 27, 28, 29, 30, 31, 32, 33, 34, 35, 36, 37, 38, 39, 40]
A = [(1, 10), (10, 1), (1, 11), (11, 1), (1, 21), (21, 1), (1, 29), (29, 1), (1, 37), (37, 1), (1, 39), (39, 1), (1, 40), (40, 1), (2, 15), (15, 2), (2, 22), (22, 2), (2, 25), (25, 2), (2, 36), (36, 2), (3, 10), (10, 3), (3, 22), (22, 3), (3, 28), (28, 3), (3, 35), (35, 3), (4, 10), (10, 4), (4, 14), (14, 4), (4, 24), (24, 4), (5, 21), (21, 5), (5, 26), (26, 5), (6, 13), (13, 6), (6, 22), (22, 6), (6, 24), (24, 6), (7, 10), (10, 7), (7, 16), (16, 7), (7, 30), (30, 7), (7, 40), (40, 7), (8, 26), (26, 8), (8, 35), (35, 8), (9, 16), (16, 9), (9, 25), (25, 9), (9, 32), (32, 9), (10, 22), (22, 10), (10, 23), (23, 10), (10, 27), (27, 10), (11, 22), (22, 11), (11, 32), (32, 11), (11, 39), (39, 11), (12, 25), (25, 12), (12, 35), (35, 12), (13, 26), (26, 13), (14, 20), (20, 14), (14, 22), (22, 14), (15, 28), (28, 15), (15, 32), (32, 15), (15, 39), (39, 15), (16, 25), (25, 16), (16, 36), (36, 16), (16, 40), (40, 16), (17, 19), (19, 17), (17, 27), (27, 17), (17, 35), (35, 17), (18, 21), (21, 18), (18, 23), (23, 18), (19, 28), (28, 19), (19, 33), (33, 19), (19, 38), (38, 19), (20, 24), (24, 20), (20, 25), (25, 20), (20, 31), (31, 20), (22, 29), (29, 22), (23, 27), (27, 23), (23, 29), (29, 23), (23, 33), (33, 23), (24, 33), (33, 24), (24, 36), (36, 24), (25, 26), (26, 25), (25, 37), (37, 25), (25, 40), (40, 25), (27, 40), (40, 27), (29, 39), (39, 29), (30, 32), (32, 30), (31, 34), (34, 31), (32, 39), (39, 32), (32, 40), (40, 32), (34, 40), (40, 34), (35, 38), (38, 35), (37, 39), (39, 37)]
Z_dad = [25, 35]
Y_dad = [10, 26]
X_dad = [20, 40]
Z_da-ad = [6, 26]
Y_da-ad = [13, 23]
X_da-ad = [21, 35]
