no              #fail
45.430          #totTm
1.486           #lastADTm
11              #itDAD
3.400           #avItADGoal
22              #itADOpt
7               #opt
7               #optDA-AD
2.289           #tmDA
0.0             #relGain

V = [1, 2, 3, 4, 5, 6, 7, 8, 9, 10, 11, 12, 13, 14, 15, 16, 17, 18, 19, 20, 21, 22, 23, 24, 25, 26, 27, 28, 29, 30, 31, 32, 33, 34, 35, 36, 37, 38, 39, 40]
A = [(1, 2), (2, 1), (1, 18), (18, 1), (1, 32), (32, 1), (1, 33), (33, 1), (2, 6), (6, 2), (2, 12), (12, 2), (2, 15), (15, 2), (3, 4), (4, 3), (3, 8), (8, 3), (3, 26), (26, 3), (4, 17), (17, 4), (4, 24), (24, 4), (4, 34), (34, 4), (4, 39), (39, 4), (4, 40), (40, 4), (5, 14), (14, 5), (5, 38), (38, 5), (6, 14), (14, 6), (6, 15), (15, 6), (6, 31), (31, 6), (6, 39), (39, 6), (7, 22), (22, 7), (7, 30), (30, 7), (8, 23), (23, 8), (8, 33), (33, 8), (8, 35), (35, 8), (9, 20), (20, 9), (9, 21), (21, 9), (9, 27), (27, 9), (10, 20), (20, 10), (11, 16), (16, 11), (11, 27), (27, 11), (11, 28), (28, 11), (11, 37), (37, 11), (12, 38), (38, 12), (13, 15), (15, 13), (13, 39), (39, 13), (14, 24), (24, 14), (14, 34), (34, 14), (15, 16), (16, 15), (15, 36), (36, 15), (15, 37), (37, 15), (16, 20), (20, 16), (16, 28), (28, 16), (16, 29), (29, 16), (16, 30), (30, 16), (17, 20), (20, 17), (17, 33), (33, 17), (17, 37), (37, 17), (18, 33), (33, 18), (18, 35), (35, 18), (18, 39), (39, 18), (19, 20), (20, 19), (19, 28), (28, 19), (19, 32), (32, 19), (20, 24), (24, 20), (20, 27), (27, 20), (20, 39), (39, 20), (20, 40), (40, 20), (21, 23), (23, 21), (21, 25), (25, 21), (21, 29), (29, 21), (22, 34), (34, 22), (24, 29), (29, 24), (25, 39), (39, 25), (26, 27), (27, 26), (26, 31), (31, 26), (26, 36), (36, 26), (27, 28), (28, 27), (28, 29), (29, 28), (28, 31), (31, 28), (28, 32), (32, 28), (31, 32), (32, 31), (31, 33), (33, 31), (31, 37), (37, 31), (35, 37), (37, 35), (36, 39), (39, 36), (38, 39), (39, 38)]
Z_dad = [4, 20]
Y_dad = [22, 31]
X_dad = [8, 21]
Z_da-ad = [4, 20]
Y_da-ad = [22, 39]
X_da-ad = [8, 21]
