no              #fail
278.310         #totTm
0.629           #lastADTm
15              #itDAD
2.786           #avItADGoal
9               #itADOpt
7               #opt
7               #optDA-AD
0.634           #tmDA
0.0             #relGain

V = [1, 2, 3, 4, 5, 6, 7, 8, 9, 10, 11, 12, 13, 14, 15, 16, 17, 18, 19, 20, 21, 22, 23, 24, 25, 26, 27, 28, 29, 30, 31, 32, 33, 34, 35, 36, 37, 38, 39, 40]
A = [(1, 5), (5, 1), (1, 9), (9, 1), (1, 11), (11, 1), (1, 15), (15, 1), (1, 26), (26, 1), (2, 39), (39, 2), (3, 26), (26, 3), (3, 29), (29, 3), (3, 33), (33, 3), (3, 39), (39, 3), (4, 13), (13, 4), (4, 19), (19, 4), (4, 23), (23, 4), (4, 37), (37, 4), (5, 27), (27, 5), (6, 13), (13, 6), (6, 37), (37, 6), (7, 12), (12, 7), (7, 23), (23, 7), (8, 13), (13, 8), (8, 25), (25, 8), (9, 24), (24, 9), (9, 40), (40, 9), (10, 16), (16, 10), (10, 17), (17, 10), (10, 18), (18, 10), (10, 34), (34, 10), (11, 19), (19, 11), (11, 22), (22, 11), (11, 24), (24, 11), (11, 31), (31, 11), (12, 24), (24, 12), (12, 33), (33, 12), (13, 14), (14, 13), (13, 19), (19, 13), (13, 22), (22, 13), (13, 24), (24, 13), (13, 28), (28, 13), (14, 16), (16, 14), (14, 30), (30, 14), (15, 33), (33, 15), (15, 38), (38, 15), (16, 25), (25, 16), (16, 26), (26, 16), (16, 32), (32, 16), (16, 33), (33, 16), (17, 29), (29, 17), (18, 21), (21, 18), (19, 22), (22, 19), (19, 30), (30, 19), (19, 32), (32, 19), (20, 21), (21, 20), (20, 27), (27, 20), (20, 38), (38, 20), (22, 27), (27, 22), (22, 33), (33, 22), (22, 40), (40, 22), (23, 24), (24, 23), (23, 26), (26, 23), (23, 27), (27, 23), (25, 31), (31, 25), (25, 34), (34, 25), (25, 35), (35, 25), (25, 40), (40, 25), (26, 32), (32, 26), (26, 35), (35, 26), (27, 30), (30, 27), (27, 34), (34, 27), (28, 29), (29, 28), (28, 33), (33, 28), (29, 34), (34, 29), (29, 37), (37, 29), (30, 34), (34, 30), (30, 35), (35, 30), (31, 39), (39, 31), (33, 40), (40, 33), (35, 39), (39, 35), (37, 40), (40, 37)]
Z_dad = [13, 25]
Y_dad = [8, 33]
X_dad = [37, 39]
Z_da-ad = [10, 20]
Y_da-ad = [3, 18]
X_da-ad = [29, 39]
