no              #fail
37.146          #totTm
0.577           #lastADTm
14              #itDAD
3.385           #avItADGoal
10              #itADOpt
7               #opt
7               #optDA-AD
0.87            #tmDA
0.0             #relGain

V = [1, 2, 3, 4, 5, 6, 7, 8, 9, 10, 11, 12, 13, 14, 15, 16, 17, 18, 19, 20, 21, 22, 23, 24, 25, 26, 27, 28, 29, 30, 31, 32, 33, 34, 35, 36, 37, 38, 39, 40]
A = [(1, 18), (18, 1), (1, 24), (24, 1), (1, 27), (27, 1), (2, 18), (18, 2), (2, 28), (28, 2), (2, 32), (32, 2), (3, 6), (6, 3), (3, 11), (11, 3), (3, 26), (26, 3), (3, 28), (28, 3), (3, 31), (31, 3), (3, 36), (36, 3), (4, 16), (16, 4), (4, 19), (19, 4), (4, 25), (25, 4), (5, 6), (6, 5), (5, 15), (15, 5), (5, 16), (16, 5), (5, 26), (26, 5), (6, 13), (13, 6), (7, 13), (13, 7), (7, 16), (16, 7), (7, 25), (25, 7), (7, 26), (26, 7), (7, 28), (28, 7), (7, 30), (30, 7), (7, 34), (34, 7), (7, 35), (35, 7), (7, 40), (40, 7), (8, 9), (9, 8), (8, 36), (36, 8), (8, 39), (39, 8), (9, 10), (10, 9), (9, 13), (13, 9), (9, 23), (23, 9), (9, 31), (31, 9), (9, 35), (35, 9), (9, 36), (36, 9), (10, 28), (28, 10), (11, 13), (13, 11), (11, 27), (27, 11), (12, 17), (17, 12), (12, 18), (18, 12), (12, 32), (32, 12), (13, 18), (18, 13), (13, 19), (19, 13), (14, 18), (18, 14), (14, 19), (19, 14), (14, 35), (35, 14), (15, 17), (17, 15), (15, 27), (27, 15), (15, 28), (28, 15), (15, 33), (33, 15), (16, 23), (23, 16), (16, 30), (30, 16), (17, 20), (20, 17), (17, 24), (24, 17), (18, 22), (22, 18), (18, 29), (29, 18), (18, 34), (34, 18), (18, 40), (40, 18), (19, 20), (20, 19), (19, 23), (23, 19), (20, 21), (21, 20), (20, 36), (36, 20), (21, 27), (27, 21), (21, 30), (30, 21), (22, 31), (31, 22), (22, 37), (37, 22), (25, 27), (27, 25), (26, 30), (30, 26), (27, 33), (33, 27), (27, 36), (36, 27), (31, 40), (40, 31), (33, 40), (40, 33), (35, 37), (37, 35), (35, 38), (38, 35), (36, 37), (37, 36)]
Z_dad = [7, 18]
Y_dad = [28, 29]
X_dad = [19, 35]
Z_da-ad = [8, 18]
Y_da-ad = [17, 29]
X_da-ad = [7, 35]
