no              #fail
151.307         #totTm
148.341         #lastADTm
12              #itDAD
1.000           #avItADGoal
451             #itADOpt
24              #opt
24              #optDA-AD
13.23           #tmDA
0.0             #relGain

V = [1, 2, 3, 4, 5, 6, 7, 8, 9, 10, 11, 12, 13, 14, 15, 16, 17, 18, 19, 20, 21, 22, 23, 24, 25, 26, 27, 28, 29, 30, 31, 32, 33, 34, 35, 36, 37, 38, 39, 40]
A = [(2, 1), (1, 2), (3, 2), (2, 3), (4, 2), (2, 4), (5, 4), (4, 5), (6, 3), (3, 6), (7, 1), (1, 7), (8, 1), (1, 8), (9, 4), (4, 9), (10, 2), (2, 10), (11, 7), (7, 11), (12, 5), (5, 12), (13, 8), (8, 13), (14, 13), (13, 14), (15, 11), (11, 15), (16, 10), (10, 16), (17, 2), (2, 17), (18, 10), (10, 18), (19, 5), (5, 19), (20, 7), (7, 20), (21, 3), (3, 21), (22, 14), (14, 22), (23, 5), (5, 23), (24, 16), (16, 24), (25, 6), (6, 25), (26, 19), (19, 26), (27, 3), (3, 27), (28, 5), (5, 28), (29, 3), (3, 29), (30, 26), (26, 30), (31, 18), (18, 31), (32, 20), (20, 32), (33, 14), (14, 33), (34, 21), (21, 34), (35, 26), (26, 35), (36, 1), (1, 36), (37, 28), (28, 37), (38, 22), (22, 38), (39, 1), (1, 39), (40, 15), (15, 40)]
Z_dad = [1, 2, 5]
Y_dad = [3, 10, 14]
X_dad = [16]
Z_da-ad = [1, 2, 5]
Y_da-ad = [3, 10, 14]
X_da-ad = [16]
