no              #fail
189.426         #totTm
188.434         #lastADTm
7               #itDAD
1.000           #avItADGoal
504             #itADOpt
26              #opt
26              #optDA-AD
10.86           #tmDA
0.0             #relGain

V = [1, 2, 3, 4, 5, 6, 7, 8, 9, 10, 11, 12, 13, 14, 15, 16, 17, 18, 19, 20, 21, 22, 23, 24, 25, 26, 27, 28, 29, 30, 31, 32, 33, 34, 35, 36, 37, 38, 39, 40]
A = [(2, 1), (1, 2), (3, 1), (1, 3), (4, 1), (1, 4), (5, 4), (4, 5), (6, 4), (4, 6), (7, 1), (1, 7), (8, 2), (2, 8), (9, 4), (4, 9), (10, 4), (4, 10), (11, 5), (5, 11), (12, 5), (5, 12), (13, 5), (5, 13), (14, 1), (1, 14), (15, 2), (2, 15), (16, 8), (8, 16), (17, 15), (15, 17), (18, 14), (14, 18), (19, 1), (1, 19), (20, 12), (12, 20), (21, 15), (15, 21), (22, 20), (20, 22), (23, 5), (5, 23), (24, 11), (11, 24), (25, 1), (1, 25), (26, 18), (18, 26), (27, 21), (21, 27), (28, 26), (26, 28), (29, 27), (27, 29), (30, 22), (22, 30), (31, 30), (30, 31), (32, 3), (3, 32), (33, 27), (27, 33), (34, 23), (23, 34), (35, 20), (20, 35), (36, 18), (18, 36), (37, 29), (29, 37), (38, 25), (25, 38), (39, 33), (33, 39), (40, 31), (31, 40)]
Z_dad = [1, 5, 21]
Y_dad = [22, 26, 33]
X_dad = [27]
Z_da-ad = [1, 5, 21]
Y_da-ad = [22, 26, 33]
X_da-ad = [27]
