no              #fail
86.286          #totTm
84.564          #lastADTm
10              #itDAD
1.000           #avItADGoal
371             #itADOpt
25              #opt
25              #optDA-AD
17.04           #tmDA
0.0             #relGain

V = [1, 2, 3, 4, 5, 6, 7, 8, 9, 10, 11, 12, 13, 14, 15, 16, 17, 18, 19, 20, 21, 22, 23, 24, 25, 26, 27, 28, 29, 30, 31, 32, 33, 34, 35, 36, 37, 38, 39, 40]
A = [(2, 1), (1, 2), (3, 1), (1, 3), (4, 2), (2, 4), (5, 2), (2, 5), (6, 4), (4, 6), (7, 3), (3, 7), (8, 5), (5, 8), (9, 6), (6, 9), (10, 1), (1, 10), (11, 5), (5, 11), (12, 9), (9, 12), (13, 11), (11, 13), (14, 7), (7, 14), (15, 8), (8, 15), (16, 3), (3, 16), (17, 5), (5, 17), (18, 12), (12, 18), (19, 1), (1, 19), (20, 8), (8, 20), (21, 6), (6, 21), (22, 3), (3, 22), (23, 11), (11, 23), (24, 6), (6, 24), (25, 22), (22, 25), (26, 10), (10, 26), (27, 6), (6, 27), (28, 2), (2, 28), (29, 5), (5, 29), (30, 22), (22, 30), (31, 13), (13, 31), (32, 13), (13, 32), (33, 23), (23, 33), (34, 29), (29, 34), (35, 21), (21, 35), (36, 22), (22, 36), (37, 27), (27, 37), (38, 23), (23, 38), (39, 9), (9, 39), (40, 3), (3, 40)]
Z_dad = [3, 6, 11]
Y_dad = [5, 9, 25]
X_dad = [2]
Z_da-ad = [3, 5, 6]
Y_da-ad = [1, 11, 39]
X_da-ad = [2]
