no              #fail
252.970         #totTm
250.897         #lastADTm
11              #itDAD
1.000           #avItADGoal
637             #itADOpt
25              #opt
25              #optDA-AD
18.15           #tmDA
0.0             #relGain

V = [1, 2, 3, 4, 5, 6, 7, 8, 9, 10, 11, 12, 13, 14, 15, 16, 17, 18, 19, 20, 21, 22, 23, 24, 25, 26, 27, 28, 29, 30, 31, 32, 33, 34, 35, 36, 37, 38, 39, 40]
A = [(2, 1), (1, 2), (3, 2), (2, 3), (4, 3), (3, 4), (5, 3), (3, 5), (6, 3), (3, 6), (7, 2), (2, 7), (8, 7), (7, 8), (9, 7), (7, 9), (10, 2), (2, 10), (11, 1), (1, 11), (12, 8), (8, 12), (13, 3), (3, 13), (14, 2), (2, 14), (15, 12), (12, 15), (16, 10), (10, 16), (17, 15), (15, 17), (18, 16), (16, 18), (19, 5), (5, 19), (20, 16), (16, 20), (21, 15), (15, 21), (22, 12), (12, 22), (23, 14), (14, 23), (24, 13), (13, 24), (25, 21), (21, 25), (26, 10), (10, 26), (27, 4), (4, 27), (28, 17), (17, 28), (29, 12), (12, 29), (30, 5), (5, 30), (31, 12), (12, 31), (32, 25), (25, 32), (33, 27), (27, 33), (34, 27), (27, 34), (35, 34), (34, 35), (36, 4), (4, 36), (37, 2), (2, 37), (38, 26), (26, 38), (39, 37), (37, 39), (40, 22), (22, 40)]
Z_dad = [2, 3, 12]
Y_dad = [16, 21, 27]
X_dad = [15]
Z_da-ad = [2, 3, 12]
Y_da-ad = [16, 21, 27]
X_da-ad = [15]
