no              #fail
54.254          #totTm
52.825          #lastADTm
9               #itDAD
1.000           #avItADGoal
273             #itADOpt
24              #opt
24              #optDA-AD
4.826           #tmDA
0.0             #relGain

V = [1, 2, 3, 4, 5, 6, 7, 8, 9, 10, 11, 12, 13, 14, 15, 16, 17, 18, 19, 20, 21, 22, 23, 24, 25, 26, 27, 28, 29, 30, 31, 32, 33, 34, 35, 36, 37, 38, 39, 40]
A = [(2, 1), (1, 2), (3, 1), (1, 3), (4, 3), (3, 4), (5, 3), (3, 5), (6, 1), (1, 6), (7, 4), (4, 7), (8, 7), (7, 8), (9, 5), (5, 9), (10, 6), (6, 10), (11, 2), (2, 11), (12, 8), (8, 12), (13, 1), (1, 13), (14, 2), (2, 14), (15, 2), (2, 15), (16, 12), (12, 16), (17, 13), (13, 17), (18, 14), (14, 18), (19, 14), (14, 19), (20, 12), (12, 20), (21, 5), (5, 21), (22, 2), (2, 22), (23, 14), (14, 23), (24, 10), (10, 24), (25, 1), (1, 25), (26, 11), (11, 26), (27, 13), (13, 27), (28, 22), (22, 28), (29, 15), (15, 29), (30, 7), (7, 30), (31, 29), (29, 31), (32, 5), (5, 32), (33, 8), (8, 33), (34, 10), (10, 34), (35, 6), (6, 35), (36, 34), (34, 36), (37, 6), (6, 37), (38, 8), (8, 38), (39, 25), (25, 39), (40, 19), (19, 40)]
Z_dad = [1, 2, 7]
Y_dad = [5, 8, 10]
X_dad = [6]
Z_da-ad = [1, 2, 7]
Y_da-ad = [5, 8, 10]
X_da-ad = [6]
