no              #fail
363.935         #totTm
362.700         #lastADTm
9               #itDAD
1.000           #avItADGoal
857             #itADOpt
27              #opt
26              #optDA-AD
11.1            #tmDA
3.7             #relGain

V = [1, 2, 3, 4, 5, 6, 7, 8, 9, 10, 11, 12, 13, 14, 15, 16, 17, 18, 19, 20, 21, 22, 23, 24, 25, 26, 27, 28, 29, 30, 31, 32, 33, 34, 35, 36, 37, 38, 39, 40]
A = [(2, 1), (1, 2), (3, 1), (1, 3), (4, 1), (1, 4), (5, 1), (1, 5), (6, 1), (1, 6), (7, 1), (1, 7), (8, 4), (4, 8), (9, 2), (2, 9), (10, 3), (3, 10), (11, 2), (2, 11), (12, 8), (8, 12), (13, 1), (1, 13), (14, 2), (2, 14), (15, 6), (6, 15), (16, 6), (6, 16), (17, 8), (8, 17), (18, 7), (7, 18), (19, 8), (8, 19), (20, 2), (2, 20), (21, 7), (7, 21), (22, 14), (14, 22), (23, 18), (18, 23), (24, 17), (17, 24), (25, 19), (19, 25), (26, 4), (4, 26), (27, 20), (20, 27), (28, 13), (13, 28), (29, 19), (19, 29), (30, 21), (21, 30), (31, 8), (8, 31), (32, 3), (3, 32), (33, 26), (26, 33), (34, 5), (5, 34), (35, 23), (23, 35), (36, 26), (26, 36), (37, 30), (30, 37), (38, 21), (21, 38), (39, 23), (23, 39), (40, 26), (26, 40)]
Z_dad = [1, 2, 8]
Y_dad = [4, 7, 25]
X_dad = [18]
Z_da-ad = [1, 7, 8]
Y_da-ad = [2, 23, 26]
X_da-ad = [14]
