no              #fail
330.725         #totTm
329.642         #lastADTm
8               #itDAD
1.000           #avItADGoal
770             #itADOpt
26              #opt
26              #optDA-AD
26.74           #tmDA
0.0             #relGain

V = [1, 2, 3, 4, 5, 6, 7, 8, 9, 10, 11, 12, 13, 14, 15, 16, 17, 18, 19, 20, 21, 22, 23, 24, 25, 26, 27, 28, 29, 30, 31, 32, 33, 34, 35, 36, 37, 38, 39, 40]
A = [(2, 1), (1, 2), (3, 1), (1, 3), (4, 2), (2, 4), (5, 3), (3, 5), (6, 2), (2, 6), (7, 5), (5, 7), (8, 1), (1, 8), (9, 6), (6, 9), (10, 6), (6, 10), (11, 3), (3, 11), (12, 8), (8, 12), (13, 5), (5, 13), (14, 2), (2, 14), (15, 11), (11, 15), (16, 14), (14, 16), (17, 8), (8, 17), (18, 9), (9, 18), (19, 14), (14, 19), (20, 13), (13, 20), (21, 6), (6, 21), (22, 7), (7, 22), (23, 3), (3, 23), (24, 8), (8, 24), (25, 2), (2, 25), (26, 8), (8, 26), (27, 4), (4, 27), (28, 14), (14, 28), (29, 15), (15, 29), (30, 25), (25, 30), (31, 17), (17, 31), (32, 10), (10, 32), (33, 7), (7, 33), (34, 32), (32, 34), (35, 30), (30, 35), (36, 30), (30, 36), (37, 8), (8, 37), (38, 26), (26, 38), (39, 1), (1, 39), (40, 2), (2, 40)]
Z_dad = [2, 3, 8]
Y_dad = [5, 6, 28]
X_dad = [7]
Z_da-ad = [2, 3, 8]
Y_da-ad = [5, 6, 28]
X_da-ad = [7]
