no              #fail
661.738         #totTm
660.787         #lastADTm
7               #itDAD
1.000           #avItADGoal
1149            #itADOpt
26              #opt
26              #optDA-AD
54.08           #tmDA
0.0             #relGain

V = [1, 2, 3, 4, 5, 6, 7, 8, 9, 10, 11, 12, 13, 14, 15, 16, 17, 18, 19, 20, 21, 22, 23, 24, 25, 26, 27, 28, 29, 30, 31, 32, 33, 34, 35, 36, 37, 38, 39, 40]
A = [(2, 1), (1, 2), (3, 2), (2, 3), (4, 3), (3, 4), (5, 1), (1, 5), (6, 5), (5, 6), (7, 6), (6, 7), (8, 2), (2, 8), (9, 1), (1, 9), (10, 6), (6, 10), (11, 10), (10, 11), (12, 3), (3, 12), (13, 4), (4, 13), (14, 7), (7, 14), (15, 2), (2, 15), (16, 10), (10, 16), (17, 14), (14, 17), (18, 9), (9, 18), (19, 2), (2, 19), (20, 9), (9, 20), (21, 16), (16, 21), (22, 10), (10, 22), (23, 10), (10, 23), (24, 2), (2, 24), (25, 10), (10, 25), (26, 10), (10, 26), (27, 5), (5, 27), (28, 9), (9, 28), (29, 13), (13, 29), (30, 27), (27, 30), (31, 24), (24, 31), (32, 15), (15, 32), (33, 13), (13, 33), (34, 3), (3, 34), (35, 5), (5, 35), (36, 2), (2, 36), (37, 29), (29, 37), (38, 26), (26, 38), (39, 15), (15, 39), (40, 28), (28, 40)]
Z_dad = [2, 5, 10]
Y_dad = [6, 9, 13]
X_dad = [4]
Z_da-ad = [2, 5, 10]
Y_da-ad = [6, 9, 13]
X_da-ad = [4]
