no              #fail
198.324         #totTm
195.311         #lastADTm
12              #itDAD
1.000           #avItADGoal
596             #itADOpt
25              #opt
25              #optDA-AD
8.777           #tmDA
0.0             #relGain

V = [1, 2, 3, 4, 5, 6, 7, 8, 9, 10, 11, 12, 13, 14, 15, 16, 17, 18, 19, 20, 21, 22, 23, 24, 25, 26, 27, 28, 29, 30, 31, 32, 33, 34, 35, 36, 37, 38, 39, 40]
A = [(2, 1), (1, 2), (3, 1), (1, 3), (4, 3), (3, 4), (5, 4), (4, 5), (6, 5), (5, 6), (7, 2), (2, 7), (8, 2), (2, 8), (9, 5), (5, 9), (10, 6), (6, 10), (11, 6), (6, 11), (12, 6), (6, 12), (13, 5), (5, 13), (14, 8), (8, 14), (15, 13), (13, 15), (16, 3), (3, 16), (17, 10), (10, 17), (18, 5), (5, 18), (19, 14), (14, 19), (20, 17), (17, 20), (21, 4), (4, 21), (22, 6), (6, 22), (23, 22), (22, 23), (24, 7), (7, 24), (25, 6), (6, 25), (26, 5), (5, 26), (27, 22), (22, 27), (28, 24), (24, 28), (29, 28), (28, 29), (30, 13), (13, 30), (31, 30), (30, 31), (32, 21), (21, 32), (33, 3), (3, 33), (34, 17), (17, 34), (35, 19), (19, 35), (36, 24), (24, 36), (37, 14), (14, 37), (38, 4), (4, 38), (39, 11), (11, 39), (40, 19), (19, 40)]
Z_dad = [3, 5, 6]
Y_dad = [2, 15, 32]
X_dad = [8]
Z_da-ad = [2, 4, 6]
Y_da-ad = [13, 14, 29]
X_da-ad = [5]
