no              #fail
338.947         #totTm
337.918         #lastADTm
8               #itDAD
1.000           #avItADGoal
802             #itADOpt
26              #opt
26              #optDA-AD
18.56           #tmDA
0.0             #relGain

V = [1, 2, 3, 4, 5, 6, 7, 8, 9, 10, 11, 12, 13, 14, 15, 16, 17, 18, 19, 20, 21, 22, 23, 24, 25, 26, 27, 28, 29, 30, 31, 32, 33, 34, 35, 36, 37, 38, 39, 40]
A = [(2, 1), (1, 2), (3, 1), (1, 3), (4, 1), (1, 4), (5, 2), (2, 5), (6, 5), (5, 6), (7, 1), (1, 7), (8, 4), (4, 8), (9, 3), (3, 9), (10, 9), (9, 10), (11, 10), (10, 11), (12, 1), (1, 12), (13, 7), (7, 13), (14, 5), (5, 14), (15, 6), (6, 15), (16, 1), (1, 16), (17, 16), (16, 17), (18, 11), (11, 18), (19, 1), (1, 19), (20, 7), (7, 20), (21, 8), (8, 21), (22, 16), (16, 22), (23, 15), (15, 23), (24, 23), (23, 24), (25, 17), (17, 25), (26, 11), (11, 26), (27, 18), (18, 27), (28, 1), (1, 28), (29, 26), (26, 29), (30, 24), (24, 30), (31, 6), (6, 31), (32, 25), (25, 32), (33, 4), (4, 33), (34, 17), (17, 34), (35, 30), (30, 35), (36, 2), (2, 36), (37, 17), (17, 37), (38, 26), (26, 38), (39, 11), (11, 39), (40, 13), (13, 40)]
Z_dad = [1, 11, 17]
Y_dad = [6, 33, 40]
X_dad = [15]
Z_da-ad = [1, 6, 11]
Y_da-ad = [8, 17, 24]
X_da-ad = [23]
