no              #fail
114.312         #totTm
112.955         #lastADTm
8               #itDAD
1.000           #avItADGoal
393             #itADOpt
26              #opt
26              #optDA-AD
8.293           #tmDA
0.0             #relGain

V = [1, 2, 3, 4, 5, 6, 7, 8, 9, 10, 11, 12, 13, 14, 15, 16, 17, 18, 19, 20, 21, 22, 23, 24, 25, 26, 27, 28, 29, 30, 31, 32, 33, 34, 35, 36, 37, 38, 39, 40]
A = [(2, 1), (1, 2), (3, 2), (2, 3), (4, 2), (2, 4), (5, 4), (4, 5), (6, 2), (2, 6), (7, 5), (5, 7), (8, 7), (7, 8), (9, 2), (2, 9), (10, 9), (9, 10), (11, 4), (4, 11), (12, 8), (8, 12), (13, 9), (9, 13), (14, 9), (9, 14), (15, 13), (13, 15), (16, 9), (9, 16), (17, 2), (2, 17), (18, 6), (6, 18), (19, 15), (15, 19), (20, 13), (13, 20), (21, 18), (18, 21), (22, 6), (6, 22), (23, 12), (12, 23), (24, 12), (12, 24), (25, 18), (18, 25), (26, 13), (13, 26), (27, 25), (25, 27), (28, 1), (1, 28), (29, 12), (12, 29), (30, 19), (19, 30), (31, 17), (17, 31), (32, 1), (1, 32), (33, 2), (2, 33), (34, 4), (4, 34), (35, 17), (17, 35), (36, 35), (35, 36), (37, 25), (25, 37), (38, 36), (36, 38), (39, 14), (14, 39), (40, 25), (25, 40)]
Z_dad = [2, 7, 13]
Y_dad = [8, 9, 25]
X_dad = [12]
Z_da-ad = [2, 7, 13]
Y_da-ad = [8, 9, 25]
X_da-ad = [12]
