no              #fail
104.060         #totTm
101.931         #lastADTm
11              #itDAD
1.000           #avItADGoal
385             #itADOpt
26              #opt
26              #optDA-AD
8.783           #tmDA
0.0             #relGain

V = [1, 2, 3, 4, 5, 6, 7, 8, 9, 10, 11, 12, 13, 14, 15, 16, 17, 18, 19, 20, 21, 22, 23, 24, 25, 26, 27, 28, 29, 30, 31, 32, 33, 34, 35, 36, 37, 38, 39, 40]
A = [(2, 1), (1, 2), (3, 2), (2, 3), (4, 1), (1, 4), (5, 2), (2, 5), (6, 3), (3, 6), (7, 3), (3, 7), (8, 2), (2, 8), (9, 3), (3, 9), (10, 4), (4, 10), (11, 3), (3, 11), (12, 11), (11, 12), (13, 7), (7, 13), (14, 4), (4, 14), (15, 1), (1, 15), (16, 15), (15, 16), (17, 10), (10, 17), (18, 3), (3, 18), (19, 8), (8, 19), (20, 18), (18, 20), (21, 10), (10, 21), (22, 7), (7, 22), (23, 18), (18, 23), (24, 1), (1, 24), (25, 20), (20, 25), (26, 20), (20, 26), (27, 23), (23, 27), (28, 26), (26, 28), (29, 8), (8, 29), (30, 20), (20, 30), (31, 14), (14, 31), (32, 23), (23, 32), (33, 23), (23, 33), (34, 6), (6, 34), (35, 6), (6, 35), (36, 4), (4, 36), (37, 15), (15, 37), (38, 18), (18, 38), (39, 13), (13, 39), (40, 9), (9, 40)]
Z_dad = [1, 3, 18]
Y_dad = [2, 4, 20]
X_dad = [8]
Z_da-ad = [1, 3, 18]
Y_da-ad = [2, 4, 20]
X_da-ad = [8]
