no              #fail
96.360          #totTm
94.190          #lastADTm
10              #itDAD
1.000           #avItADGoal
366             #itADOpt
26              #opt
26              #optDA-AD
8.778           #tmDA
0.0             #relGain

V = [1, 2, 3, 4, 5, 6, 7, 8, 9, 10, 11, 12, 13, 14, 15, 16, 17, 18, 19, 20, 21, 22, 23, 24, 25, 26, 27, 28, 29, 30, 31, 32, 33, 34, 35, 36, 37, 38, 39, 40]
A = [(2, 1), (1, 2), (3, 2), (2, 3), (4, 3), (3, 4), (5, 4), (4, 5), (6, 4), (4, 6), (7, 6), (6, 7), (8, 5), (5, 8), (9, 1), (1, 9), (10, 3), (3, 10), (11, 4), (4, 11), (12, 5), (5, 12), (13, 9), (9, 13), (14, 5), (5, 14), (15, 5), (5, 15), (16, 2), (2, 16), (17, 8), (8, 17), (18, 10), (10, 18), (19, 7), (7, 19), (20, 14), (14, 20), (21, 10), (10, 21), (22, 15), (15, 22), (23, 8), (8, 23), (24, 5), (5, 24), (25, 15), (15, 25), (26, 7), (7, 26), (27, 24), (24, 27), (28, 14), (14, 28), (29, 19), (19, 29), (30, 11), (11, 30), (31, 10), (10, 31), (32, 11), (11, 32), (33, 1), (1, 33), (34, 23), (23, 34), (35, 34), (34, 35), (36, 29), (29, 36), (37, 2), (2, 37), (38, 30), (30, 38), (39, 19), (19, 39), (40, 15), (15, 40)]
Z_dad = [2, 4, 5]
Y_dad = [8, 10, 19]
X_dad = [23]
Z_da-ad = [2, 4, 5]
Y_da-ad = [8, 10, 19]
X_da-ad = [23]
