no              #fail
2245.326        #totTm
2240.788        #lastADTm
14              #itDAD
1.000           #avItADGoal
1740            #itADOpt
29              #opt
29              #optDA-AD
4.338           #tmDA
0.0             #relGain

V = [1, 2, 3, 4, 5, 6, 7, 8, 9, 10, 11, 12, 13, 14, 15, 16, 17, 18, 19, 20, 21, 22, 23, 24, 25, 26, 27, 28, 29, 30, 31, 32, 33, 34, 35, 36, 37, 38, 39, 40]
A = [(2, 1), (1, 2), (3, 1), (1, 3), (4, 2), (2, 4), (5, 2), (2, 5), (6, 2), (2, 6), (7, 4), (4, 7), (8, 7), (7, 8), (9, 4), (4, 9), (10, 4), (4, 10), (11, 5), (5, 11), (12, 8), (8, 12), (13, 4), (4, 13), (14, 7), (7, 14), (15, 9), (9, 15), (16, 12), (12, 16), (17, 15), (15, 17), (18, 17), (17, 18), (19, 14), (14, 19), (20, 5), (5, 20), (21, 9), (9, 21), (22, 14), (14, 22), (23, 1), (1, 23), (24, 19), (19, 24), (25, 6), (6, 25), (26, 3), (3, 26), (27, 10), (10, 27), (28, 1), (1, 28), (29, 18), (18, 29), (30, 29), (29, 30), (31, 29), (29, 31), (32, 17), (17, 32), (33, 8), (8, 33), (34, 2), (2, 34), (35, 34), (34, 35), (36, 9), (9, 36), (37, 8), (8, 37), (38, 28), (28, 38), (39, 32), (32, 39), (40, 29), (29, 40)]
Z_dad = [2, 7, 9]
Y_dad = [1, 8, 29]
X_dad = [12, 18, 28]
Z_da-ad = [2, 7, 17]
Y_da-ad = [8, 9, 29]
X_da-ad = [4, 12, 15]
