no              #fail
4213.887        #totTm
4212.068        #lastADTm
11              #itDAD
1.000           #avItADGoal
2295            #itADOpt
30              #opt
30              #optDA-AD
8.269           #tmDA
0.0             #relGain

V = [1, 2, 3, 4, 5, 6, 7, 8, 9, 10, 11, 12, 13, 14, 15, 16, 17, 18, 19, 20, 21, 22, 23, 24, 25, 26, 27, 28, 29, 30, 31, 32, 33, 34, 35, 36, 37, 38, 39, 40]
A = [(2, 1), (1, 2), (3, 1), (1, 3), (4, 2), (2, 4), (5, 4), (4, 5), (6, 2), (2, 6), (7, 3), (3, 7), (8, 6), (6, 8), (9, 1), (1, 9), (10, 9), (9, 10), (11, 7), (7, 11), (12, 1), (1, 12), (13, 6), (6, 13), (14, 6), (6, 14), (15, 3), (3, 15), (16, 14), (14, 16), (17, 14), (14, 17), (18, 11), (11, 18), (19, 6), (6, 19), (20, 10), (10, 20), (21, 11), (11, 21), (22, 2), (2, 22), (23, 10), (10, 23), (24, 19), (19, 24), (25, 2), (2, 25), (26, 25), (25, 26), (27, 20), (20, 27), (28, 25), (25, 28), (29, 19), (19, 29), (30, 25), (25, 30), (31, 2), (2, 31), (32, 23), (23, 32), (33, 19), (19, 33), (34, 28), (28, 34), (35, 15), (15, 35), (36, 15), (15, 36), (37, 20), (20, 37), (38, 22), (22, 38), (39, 13), (13, 39), (40, 37), (37, 40)]
Z_dad = [2, 6, 10]
Y_dad = [3, 28, 33]
X_dad = [1, 7, 19]
Z_da-ad = [2, 3, 6]
Y_da-ad = [10, 19, 25]
X_da-ad = [9, 20, 23]
