no              #fail
2971.047        #totTm
2968.127        #lastADTm
14              #itDAD
1.000           #avItADGoal
1879            #itADOpt
29              #opt
29              #optDA-AD
6.801           #tmDA
0.0             #relGain

V = [1, 2, 3, 4, 5, 6, 7, 8, 9, 10, 11, 12, 13, 14, 15, 16, 17, 18, 19, 20, 21, 22, 23, 24, 25, 26, 27, 28, 29, 30, 31, 32, 33, 34, 35, 36, 37, 38, 39, 40]
A = [(2, 1), (1, 2), (3, 2), (2, 3), (4, 1), (1, 4), (5, 1), (1, 5), (6, 4), (4, 6), (7, 5), (5, 7), (8, 7), (7, 8), (9, 6), (6, 9), (10, 4), (4, 10), (11, 3), (3, 11), (12, 11), (11, 12), (13, 4), (4, 13), (14, 10), (10, 14), (15, 7), (7, 15), (16, 7), (7, 16), (17, 5), (5, 17), (18, 6), (6, 18), (19, 12), (12, 19), (20, 2), (2, 20), (21, 6), (6, 21), (22, 9), (9, 22), (23, 13), (13, 23), (24, 18), (18, 24), (25, 13), (13, 25), (26, 14), (14, 26), (27, 6), (6, 27), (28, 21), (21, 28), (29, 23), (23, 29), (30, 26), (26, 30), (31, 6), (6, 31), (32, 3), (3, 32), (33, 14), (14, 33), (34, 29), (29, 34), (35, 27), (27, 35), (36, 16), (16, 36), (37, 10), (10, 37), (38, 35), (35, 38), (39, 18), (18, 39), (40, 18), (18, 40)]
Z_dad = [3, 6, 13]
Y_dad = [7, 14, 18]
X_dad = [5, 10, 16]
Z_da-ad = [4, 5, 6]
Y_da-ad = [3, 14, 23]
X_da-ad = [2, 11, 13]
