no              #fail
2965.038        #totTm
2959.594        #lastADTm
19              #itDAD
1.000           #avItADGoal
1862            #itADOpt
29              #opt
29              #optDA-AD
27.02           #tmDA
0.0             #relGain

V = [1, 2, 3, 4, 5, 6, 7, 8, 9, 10, 11, 12, 13, 14, 15, 16, 17, 18, 19, 20, 21, 22, 23, 24, 25, 26, 27, 28, 29, 30, 31, 32, 33, 34, 35, 36, 37, 38, 39, 40]
A = [(2, 1), (1, 2), (3, 2), (2, 3), (4, 2), (2, 4), (5, 2), (2, 5), (6, 2), (2, 6), (7, 3), (3, 7), (8, 5), (5, 8), (9, 1), (1, 9), (10, 6), (6, 10), (11, 5), (5, 11), (12, 8), (8, 12), (13, 4), (4, 13), (14, 4), (4, 14), (15, 7), (7, 15), (16, 8), (8, 16), (17, 15), (15, 17), (18, 9), (9, 18), (19, 1), (1, 19), (20, 18), (18, 20), (21, 16), (16, 21), (22, 11), (11, 22), (23, 22), (22, 23), (24, 21), (21, 24), (25, 10), (10, 25), (26, 14), (14, 26), (27, 21), (21, 27), (28, 14), (14, 28), (29, 25), (25, 29), (30, 25), (25, 30), (31, 21), (21, 31), (32, 16), (16, 32), (33, 5), (5, 33), (34, 19), (19, 34), (35, 20), (20, 35), (36, 33), (33, 36), (37, 6), (6, 37), (38, 18), (18, 38), (39, 28), (28, 39), (40, 3), (3, 40)]
Z_dad = [2, 5, 21]
Y_dad = [7, 14, 18]
X_dad = [4, 9, 15]
Z_da-ad = [1, 2, 8]
Y_da-ad = [14, 21, 25]
X_da-ad = [4, 10, 28]
