no              #fail
2494.130        #totTm
2489.877        #lastADTm
15              #itDAD
1.000           #avItADGoal
1754            #itADOpt
29              #opt
28              #optDA-AD
27.57           #tmDA
3.4             #relGain

V = [1, 2, 3, 4, 5, 6, 7, 8, 9, 10, 11, 12, 13, 14, 15, 16, 17, 18, 19, 20, 21, 22, 23, 24, 25, 26, 27, 28, 29, 30, 31, 32, 33, 34, 35, 36, 37, 38, 39, 40]
A = [(2, 1), (1, 2), (3, 1), (1, 3), (4, 3), (3, 4), (5, 3), (3, 5), (6, 2), (2, 6), (7, 6), (6, 7), (8, 2), (2, 8), (9, 5), (5, 9), (10, 9), (9, 10), (11, 10), (10, 11), (12, 6), (6, 12), (13, 11), (11, 13), (14, 10), (10, 14), (15, 13), (13, 15), (16, 3), (3, 16), (17, 7), (7, 17), (18, 17), (17, 18), (19, 18), (18, 19), (20, 1), (1, 20), (21, 5), (5, 21), (22, 12), (12, 22), (23, 12), (12, 23), (24, 21), (21, 24), (25, 6), (6, 25), (26, 12), (12, 26), (27, 13), (13, 27), (28, 1), (1, 28), (29, 24), (24, 29), (30, 14), (14, 30), (31, 30), (30, 31), (32, 26), (26, 32), (33, 12), (12, 33), (34, 27), (27, 34), (35, 1), (1, 35), (36, 31), (31, 36), (37, 2), (2, 37), (38, 11), (11, 38), (39, 29), (29, 39), (40, 21), (21, 40)]
Z_dad = [1, 5, 6]
Y_dad = [12, 13, 24]
X_dad = [11, 21, 26]
Z_da-ad = [3, 6, 10]
Y_da-ad = [12, 13, 21]
X_da-ad = [11, 24, 26]
