no              #fail
1616.704        #totTm
1614.286        #lastADTm
12              #itDAD
1.000           #avItADGoal
1374            #itADOpt
30              #opt
30              #optDA-AD
22.3            #tmDA
0.0             #relGain

V = [1, 2, 3, 4, 5, 6, 7, 8, 9, 10, 11, 12, 13, 14, 15, 16, 17, 18, 19, 20, 21, 22, 23, 24, 25, 26, 27, 28, 29, 30, 31, 32, 33, 34, 35, 36, 37, 38, 39, 40]
A = [(2, 1), (1, 2), (3, 1), (1, 3), (4, 2), (2, 4), (5, 4), (4, 5), (6, 3), (3, 6), (7, 4), (4, 7), (8, 7), (7, 8), (9, 2), (2, 9), (10, 1), (1, 10), (11, 6), (6, 11), (12, 10), (10, 12), (13, 4), (4, 13), (14, 8), (8, 14), (15, 1), (1, 15), (16, 13), (13, 16), (17, 10), (10, 17), (18, 15), (15, 18), (19, 11), (11, 19), (20, 14), (14, 20), (21, 15), (15, 21), (22, 20), (20, 22), (23, 19), (19, 23), (24, 5), (5, 24), (25, 19), (19, 25), (26, 7), (7, 26), (27, 11), (11, 27), (28, 17), (17, 28), (29, 21), (21, 29), (30, 22), (22, 30), (31, 7), (7, 31), (32, 2), (2, 32), (33, 6), (6, 33), (34, 6), (6, 34), (35, 19), (19, 35), (36, 20), (20, 36), (37, 3), (3, 37), (38, 30), (30, 38), (39, 12), (12, 39), (40, 13), (13, 40)]
Z_dad = [1, 4, 11]
Y_dad = [6, 10, 20]
X_dad = [12, 14, 22]
Z_da-ad = [1, 4, 11]
Y_da-ad = [6, 10, 20]
X_da-ad = [14, 17, 22]
