no              #fail
3950.605        #totTm
3946.934        #lastADTm
15              #itDAD
1.000           #avItADGoal
2261            #itADOpt
29              #opt
29              #optDA-AD
5.397           #tmDA
0.0             #relGain

V = [1, 2, 3, 4, 5, 6, 7, 8, 9, 10, 11, 12, 13, 14, 15, 16, 17, 18, 19, 20, 21, 22, 23, 24, 25, 26, 27, 28, 29, 30, 31, 32, 33, 34, 35, 36, 37, 38, 39, 40]
A = [(2, 1), (1, 2), (3, 2), (2, 3), (4, 3), (3, 4), (5, 1), (1, 5), (6, 1), (1, 6), (7, 6), (6, 7), (8, 3), (3, 8), (9, 3), (3, 9), (10, 6), (6, 10), (11, 1), (1, 11), (12, 6), (6, 12), (13, 12), (12, 13), (14, 4), (4, 14), (15, 9), (9, 15), (16, 6), (6, 16), (17, 5), (5, 17), (18, 15), (15, 18), (19, 7), (7, 19), (20, 13), (13, 20), (21, 20), (20, 21), (22, 14), (14, 22), (23, 12), (12, 23), (24, 11), (11, 24), (25, 20), (20, 25), (26, 9), (9, 26), (27, 16), (16, 27), (28, 17), (17, 28), (29, 28), (28, 29), (30, 5), (5, 30), (31, 19), (19, 31), (32, 25), (25, 32), (33, 26), (26, 33), (34, 28), (28, 34), (35, 15), (15, 35), (36, 24), (24, 36), (37, 31), (31, 37), (38, 1), (1, 38), (39, 18), (18, 39), (40, 3), (3, 40)]
Z_dad = [3, 6, 15]
Y_dad = [1, 7, 20]
X_dad = [5, 13, 19]
Z_da-ad = [1, 6, 9]
Y_da-ad = [3, 20, 28]
X_da-ad = [4, 13, 17]
