no              #fail
2567.103        #totTm
2565.345        #lastADTm
11              #itDAD
1.000           #avItADGoal
1827            #itADOpt
29              #opt
29              #optDA-AD
5.806           #tmDA
0.0             #relGain

V = [1, 2, 3, 4, 5, 6, 7, 8, 9, 10, 11, 12, 13, 14, 15, 16, 17, 18, 19, 20, 21, 22, 23, 24, 25, 26, 27, 28, 29, 30, 31, 32, 33, 34, 35, 36, 37, 38, 39, 40]
A = [(2, 1), (1, 2), (3, 2), (2, 3), (4, 2), (2, 4), (5, 3), (3, 5), (6, 5), (5, 6), (7, 6), (6, 7), (8, 6), (6, 8), (9, 6), (6, 9), (10, 5), (5, 10), (11, 5), (5, 11), (12, 8), (8, 12), (13, 12), (12, 13), (14, 3), (3, 14), (15, 11), (11, 15), (16, 4), (4, 16), (17, 9), (9, 17), (18, 11), (11, 18), (19, 9), (9, 19), (20, 11), (11, 20), (21, 4), (4, 21), (22, 16), (16, 22), (23, 5), (5, 23), (24, 21), (21, 24), (25, 16), (16, 25), (26, 16), (16, 26), (27, 4), (4, 27), (28, 27), (27, 28), (29, 8), (8, 29), (30, 11), (11, 30), (31, 15), (15, 31), (32, 12), (12, 32), (33, 13), (13, 33), (34, 17), (17, 34), (35, 24), (24, 35), (36, 9), (9, 36), (37, 21), (21, 37), (38, 28), (28, 38), (39, 8), (8, 39), (40, 7), (7, 40)]
Z_dad = [4, 5, 6]
Y_dad = [9, 11, 12]
X_dad = [8, 15, 17]
Z_da-ad = [4, 5, 6]
Y_da-ad = [9, 11, 12]
X_da-ad = [8, 15, 17]
