no              #fail
2551.399        #totTm
2548.240        #lastADTm
15              #itDAD
1.000           #avItADGoal
1788            #itADOpt
30              #opt
28              #optDA-AD
28.16           #tmDA
6.7             #relGain

V = [1, 2, 3, 4, 5, 6, 7, 8, 9, 10, 11, 12, 13, 14, 15, 16, 17, 18, 19, 20, 21, 22, 23, 24, 25, 26, 27, 28, 29, 30, 31, 32, 33, 34, 35, 36, 37, 38, 39, 40]
A = [(2, 1), (1, 2), (3, 1), (1, 3), (4, 3), (3, 4), (5, 4), (4, 5), (6, 1), (1, 6), (7, 6), (6, 7), (8, 7), (7, 8), (9, 6), (6, 9), (10, 4), (4, 10), (11, 2), (2, 11), (12, 5), (5, 12), (13, 1), (1, 13), (14, 5), (5, 14), (15, 9), (9, 15), (16, 10), (10, 16), (17, 6), (6, 17), (18, 2), (2, 18), (19, 16), (16, 19), (20, 13), (13, 20), (21, 2), (2, 21), (22, 5), (5, 22), (23, 2), (2, 23), (24, 7), (7, 24), (25, 9), (9, 25), (26, 24), (24, 26), (27, 7), (7, 27), (28, 24), (24, 28), (29, 28), (28, 29), (30, 28), (28, 30), (31, 30), (30, 31), (32, 23), (23, 32), (33, 12), (12, 33), (34, 20), (20, 34), (35, 31), (31, 35), (36, 31), (31, 36), (37, 1), (1, 37), (38, 18), (18, 38), (39, 31), (31, 39), (40, 16), (16, 40)]
Z_dad = [2, 4, 6]
Y_dad = [5, 24, 31]
X_dad = [7, 12, 28]
Z_da-ad = [1, 4, 7]
Y_da-ad = [2, 5, 28]
X_da-ad = [12, 24, 30]
