no              #fail
2492.560        #totTm
2489.784        #lastADTm
13              #itDAD
1.000           #avItADGoal
1786            #itADOpt
30              #opt
30              #optDA-AD
10.71           #tmDA
0.0             #relGain

V = [1, 2, 3, 4, 5, 6, 7, 8, 9, 10, 11, 12, 13, 14, 15, 16, 17, 18, 19, 20, 21, 22, 23, 24, 25, 26, 27, 28, 29, 30, 31, 32, 33, 34, 35, 36, 37, 38, 39, 40]
A = [(2, 1), (1, 2), (3, 2), (2, 3), (4, 2), (2, 4), (5, 4), (4, 5), (6, 4), (4, 6), (7, 2), (2, 7), (8, 7), (7, 8), (9, 3), (3, 9), (10, 8), (8, 10), (11, 4), (4, 11), (12, 3), (3, 12), (13, 3), (3, 13), (14, 3), (3, 14), (15, 14), (14, 15), (16, 5), (5, 16), (17, 10), (10, 17), (18, 7), (7, 18), (19, 16), (16, 19), (20, 6), (6, 20), (21, 1), (1, 21), (22, 15), (15, 22), (23, 2), (2, 23), (24, 13), (13, 24), (25, 16), (16, 25), (26, 10), (10, 26), (27, 9), (9, 27), (28, 22), (22, 28), (29, 11), (11, 29), (30, 19), (19, 30), (31, 11), (11, 31), (32, 28), (28, 32), (33, 17), (17, 33), (34, 16), (16, 34), (35, 18), (18, 35), (36, 32), (32, 36), (37, 2), (2, 37), (38, 21), (21, 38), (39, 15), (15, 39), (40, 32), (32, 40)]
Z_dad = [3, 4, 7]
Y_dad = [2, 10, 16]
X_dad = [1, 17, 19]
Z_da-ad = [3, 4, 7]
Y_da-ad = [1, 16, 32]
X_da-ad = [2, 19, 28]
