no              #fail
19.856          #totTm
1.406           #lastADTm
8               #itDAD
4.286           #avItADGoal
6               #itADOpt
7               #opt
7               #optDA-AD
0.217           #tmDA
0.0             #relGain

V = [1, 2, 3, 4, 5, 6, 7, 8, 9, 10, 11, 12, 13, 14, 15, 16, 17, 18, 19, 20, 21, 22, 23, 24, 25, 26, 27, 28, 29, 30, 31, 32, 33, 34, 35, 36, 37, 38, 39, 40]
A = [(1, 10), (10, 1), (1, 21), (21, 1), (2, 6), (6, 2), (2, 22), (22, 2), (2, 29), (29, 2), (2, 30), (30, 2), (2, 31), (31, 2), (2, 32), (32, 2), (3, 38), (38, 3), (4, 25), (25, 4), (4, 37), (37, 4), (4, 38), (38, 4), (5, 6), (6, 5), (5, 9), (9, 5), (5, 30), (30, 5), (6, 22), (22, 6), (6, 26), (26, 6), (7, 18), (18, 7), (7, 26), (26, 7), (7, 35), (35, 7), (7, 38), (38, 7), (8, 22), (22, 8), (8, 40), (40, 8), (9, 21), (21, 9), (9, 35), (35, 9), (10, 32), (32, 10), (11, 20), (20, 11), (11, 29), (29, 11), (12, 19), (19, 12), (12, 32), (32, 12), (12, 33), (33, 12), (12, 35), (35, 12), (13, 23), (23, 13), (13, 27), (27, 13), (13, 32), (32, 13), (14, 17), (17, 14), (14, 24), (24, 14), (14, 40), (40, 14), (15, 19), (19, 15), (15, 23), (23, 15), (16, 28), (28, 16), (17, 30), (30, 17), (17, 31), (31, 17), (17, 39), (39, 17), (18, 19), (19, 18), (19, 29), (29, 19), (19, 34), (34, 19), (20, 21), (21, 20), (20, 23), (23, 20), (20, 30), (30, 20), (20, 35), (35, 20), (20, 38), (38, 20), (21, 22), (22, 21), (21, 26), (26, 21), (21, 30), (30, 21), (22, 24), (24, 22), (22, 30), (30, 22), (22, 31), (31, 22), (22, 36), (36, 22), (23, 36), (36, 23), (24, 33), (33, 24), (25, 28), (28, 25), (26, 34), (34, 26), (27, 29), (29, 27), (28, 30), (30, 28), (29, 37), (37, 29), (31, 33), (33, 31), (31, 39), (39, 31), (32, 39), (39, 32), (33, 38), (38, 33)]
Z_dad = [19]
Y_dad = [4, 22, 35]
X_dad = [23, 29, 32]
Z_da-ad = [38]
Y_da-ad = [3, 4, 22]
X_da-ad = [21, 28, 32]
