no              #fail
15.393          #totTm
3.387           #lastADTm
7               #itDAD
6.500           #avItADGoal
22              #itADOpt
7               #opt
7               #optDA-AD
0.274           #tmDA
0.0             #relGain

V = [1, 2, 3, 4, 5, 6, 7, 8, 9, 10, 11, 12, 13, 14, 15, 16, 17, 18, 19, 20, 21, 22, 23, 24, 25, 26, 27, 28, 29, 30, 31, 32, 33, 34, 35, 36, 37, 38, 39, 40]
A = [(1, 6), (6, 1), (1, 31), (31, 1), (2, 11), (11, 2), (3, 6), (6, 3), (3, 7), (7, 3), (3, 8), (8, 3), (4, 8), (8, 4), (4, 12), (12, 4), (4, 26), (26, 4), (4, 33), (33, 4), (5, 18), (18, 5), (5, 22), (22, 5), (6, 21), (21, 6), (6, 27), (27, 6), (6, 29), (29, 6), (6, 35), (35, 6), (6, 38), (38, 6), (7, 11), (11, 7), (7, 14), (14, 7), (7, 20), (20, 7), (7, 29), (29, 7), (8, 11), (11, 8), (8, 21), (21, 8), (8, 34), (34, 8), (9, 26), (26, 9), (9, 39), (39, 9), (10, 20), (20, 10), (10, 32), (32, 10), (11, 25), (25, 11), (11, 37), (37, 11), (12, 21), (21, 12), (13, 14), (14, 13), (13, 15), (15, 13), (13, 32), (32, 13), (13, 34), (34, 13), (14, 28), (28, 14), (15, 30), (30, 15), (16, 18), (18, 16), (16, 21), (21, 16), (17, 22), (22, 17), (17, 35), (35, 17), (18, 26), (26, 18), (18, 28), (28, 18), (18, 29), (29, 18), (18, 34), (34, 18), (19, 21), (21, 19), (20, 22), (22, 20), (20, 34), (34, 20), (21, 26), (26, 21), (21, 30), (30, 21), (21, 36), (36, 21), (22, 31), (31, 22), (22, 33), (33, 22), (23, 34), (34, 23), (23, 37), (37, 23), (24, 31), (31, 24), (24, 32), (32, 24), (24, 38), (38, 24), (25, 26), (26, 25), (25, 30), (30, 25), (26, 27), (27, 26), (27, 36), (36, 27), (27, 40), (40, 27), (29, 30), (30, 29), (29, 37), (37, 29), (30, 37), (37, 30), (31, 39), (39, 31), (32, 34), (34, 32), (33, 34), (34, 33), (34, 35), (35, 34)]
Z_dad = [21]
Y_dad = [19, 27, 34]
X_dad = [4, 11, 18]
Z_da-ad = [21]
Y_da-ad = [3, 19, 36]
X_da-ad = [18, 22, 27]
