no              #fail
31.776          #totTm
5.220           #lastADTm
10              #itDAD
5.778           #avItADGoal
26              #itADOpt
8               #opt
8               #optDA-AD
0.266           #tmDA
0.0             #relGain

V = [1, 2, 3, 4, 5, 6, 7, 8, 9, 10, 11, 12, 13, 14, 15, 16, 17, 18, 19, 20, 21, 22, 23, 24, 25, 26, 27, 28, 29, 30, 31, 32, 33, 34, 35, 36, 37, 38, 39, 40]
A = [(1, 30), (30, 1), (2, 17), (17, 2), (2, 27), (27, 2), (2, 29), (29, 2), (3, 6), (6, 3), (3, 8), (8, 3), (3, 11), (11, 3), (3, 39), (39, 3), (4, 29), (29, 4), (4, 32), (32, 4), (4, 33), (33, 4), (4, 34), (34, 4), (5, 16), (16, 5), (5, 24), (24, 5), (5, 36), (36, 5), (5, 40), (40, 5), (6, 17), (17, 6), (7, 13), (13, 7), (7, 16), (16, 7), (8, 19), (19, 8), (8, 27), (27, 8), (8, 38), (38, 8), (9, 37), (37, 9), (9, 38), (38, 9), (10, 27), (27, 10), (10, 36), (36, 10), (11, 21), (21, 11), (11, 30), (30, 11), (11, 32), (32, 11), (11, 33), (33, 11), (12, 14), (14, 12), (12, 30), (30, 12), (13, 16), (16, 13), (13, 39), (39, 13), (14, 15), (15, 14), (14, 40), (40, 14), (15, 27), (27, 15), (15, 33), (33, 15), (15, 36), (36, 15), (16, 30), (30, 16), (17, 27), (27, 17), (17, 34), (34, 17), (18, 29), (29, 18), (18, 39), (39, 18), (19, 36), (36, 19), (20, 30), (30, 20), (20, 35), (35, 20), (21, 23), (23, 21), (21, 25), (25, 21), (22, 23), (23, 22), (23, 24), (24, 23), (23, 35), (35, 23), (24, 25), (25, 24), (25, 31), (31, 25), (27, 31), (31, 27), (27, 39), (39, 27), (28, 38), (38, 28), (29, 31), (31, 29), (30, 38), (38, 30), (31, 32), (32, 31), (31, 35), (35, 31), (31, 36), (36, 31), (31, 38), (38, 31), (31, 40), (40, 31), (32, 39), (39, 32), (33, 36), (36, 33), (33, 38), (38, 33), (34, 37), (37, 34), (34, 39), (39, 34), (35, 40), (40, 35)]
Z_dad = [30]
Y_dad = [1, 38, 39]
X_dad = [23, 31, 40]
Z_da-ad = [38]
Y_da-ad = [1, 28, 39]
X_da-ad = [2, 23, 34]
