no              #fail
10.476          #totTm
5.405           #lastADTm
7               #itDAD
2.167           #avItADGoal
28              #itADOpt
9               #opt
8               #optDA-AD
0.467           #tmDA
11.1            #relGain

V = [1, 2, 3, 4, 5, 6, 7, 8, 9, 10, 11, 12, 13, 14, 15, 16, 17, 18, 19, 20, 21, 22, 23, 24, 25, 26, 27, 28, 29, 30, 31, 32, 33, 34, 35, 36, 37, 38, 39, 40]
A = [(1, 3), (3, 1), (1, 9), (9, 1), (1, 16), (16, 1), (2, 5), (5, 2), (2, 7), (7, 2), (2, 11), (11, 2), (2, 13), (13, 2), (2, 23), (23, 2), (2, 35), (35, 2), (4, 11), (11, 4), (4, 15), (15, 4), (4, 18), (18, 4), (4, 23), (23, 4), (4, 37), (37, 4), (5, 11), (11, 5), (5, 21), (21, 5), (5, 23), (23, 5), (5, 37), (37, 5), (6, 39), (39, 6), (7, 19), (19, 7), (7, 20), (20, 7), (7, 30), (30, 7), (7, 36), (36, 7), (8, 24), (24, 8), (8, 36), (36, 8), (9, 19), (19, 9), (9, 27), (27, 9), (9, 31), (31, 9), (9, 40), (40, 9), (10, 35), (35, 10), (11, 13), (13, 11), (11, 39), (39, 11), (12, 18), (18, 12), (12, 30), (30, 12), (12, 36), (36, 12), (12, 40), (40, 12), (13, 26), (26, 13), (13, 28), (28, 13), (14, 16), (16, 14), (14, 35), (35, 14), (15, 23), (23, 15), (16, 25), (25, 16), (16, 37), (37, 16), (16, 39), (39, 16), (17, 20), (20, 17), (18, 36), (36, 18), (19, 21), (21, 19), (19, 35), (35, 19), (20, 25), (25, 20), (20, 27), (27, 20), (20, 29), (29, 20), (21, 28), (28, 21), (21, 37), (37, 21), (22, 35), (35, 22), (22, 39), (39, 22), (23, 30), (30, 23), (25, 36), (36, 25), (25, 40), (40, 25), (26, 38), (38, 26), (27, 34), (34, 27), (27, 35), (35, 27), (28, 29), (29, 28), (28, 30), (30, 28), (28, 35), (35, 28), (29, 33), (33, 29), (32, 35), (35, 32), (33, 34), (34, 33), (33, 38), (38, 33), (36, 37), (37, 36), (39, 40), (40, 39)]
Z_dad = [35]
Y_dad = [9, 10, 36]
X_dad = [1, 8, 39]
Z_da-ad = [39]
Y_da-ad = [6, 24, 35]
X_da-ad = [9, 16, 20]
