no              #fail
18.898          #totTm
2.541           #lastADTm
7               #itDAD
7.000           #avItADGoal
16              #itADOpt
9               #opt
8               #optDA-AD
0.348           #tmDA
11.1            #relGain

V = [1, 2, 3, 4, 5, 6, 7, 8, 9, 10, 11, 12, 13, 14, 15, 16, 17, 18, 19, 20, 21, 22, 23, 24, 25, 26, 27, 28, 29, 30, 31, 32, 33, 34, 35, 36, 37, 38, 39, 40]
A = [(1, 13), (13, 1), (1, 19), (19, 1), (1, 22), (22, 1), (1, 26), (26, 1), (1, 38), (38, 1), (2, 19), (19, 2), (2, 33), (33, 2), (4, 8), (8, 4), (4, 15), (15, 4), (4, 24), (24, 4), (5, 7), (7, 5), (5, 16), (16, 5), (5, 24), (24, 5), (5, 25), (25, 5), (5, 29), (29, 5), (5, 34), (34, 5), (5, 38), (38, 5), (6, 14), (14, 6), (6, 16), (16, 6), (6, 27), (27, 6), (6, 33), (33, 6), (6, 34), (34, 6), (6, 36), (36, 6), (7, 15), (15, 7), (7, 37), (37, 7), (8, 15), (15, 8), (8, 18), (18, 8), (8, 21), (21, 8), (8, 26), (26, 8), (9, 11), (11, 9), (9, 16), (16, 9), (9, 26), (26, 9), (10, 32), (32, 10), (12, 15), (15, 12), (12, 30), (30, 12), (12, 35), (35, 12), (13, 25), (25, 13), (13, 29), (29, 13), (14, 17), (17, 14), (14, 24), (24, 14), (14, 27), (27, 14), (14, 38), (38, 14), (15, 23), (23, 15), (15, 24), (24, 15), (15, 29), (29, 15), (16, 23), (23, 16), (16, 26), (26, 16), (16, 34), (34, 16), (16, 39), (39, 16), (17, 21), (21, 17), (17, 27), (27, 17), (18, 26), (26, 18), (18, 35), (35, 18), (18, 39), (39, 18), (19, 23), (23, 19), (20, 30), (30, 20), (20, 32), (32, 20), (21, 34), (34, 21), (21, 35), (35, 21), (22, 28), (28, 22), (23, 26), (26, 23), (24, 33), (33, 24), (24, 40), (40, 24), (26, 28), (28, 26), (27, 34), (34, 27), (29, 31), (31, 29), (32, 36), (36, 32), (36, 37), (37, 36), (36, 38), (38, 36), (38, 39), (39, 38)]
Z_dad = [1]
Y_dad = [5, 26, 32]
X_dad = [6, 23, 24]
Z_da-ad = [29]
Y_da-ad = [1, 20, 31]
X_da-ad = [6, 19, 24]
