no              #fail
21.229          #totTm
3.550           #lastADTm
9               #itDAD
6.000           #avItADGoal
26              #itADOpt
7               #opt
6               #optDA-AD
0.278           #tmDA
14.3            #relGain

V = [1, 2, 3, 4, 5, 6, 7, 8, 9, 10, 11, 12, 13, 14, 15, 16, 17, 18, 19, 20, 21, 22, 23, 24, 25, 26, 27, 28, 29, 30, 31, 32, 33, 34, 35, 36, 37, 38, 39, 40]
A = [(1, 29), (29, 1), (1, 36), (36, 1), (1, 38), (38, 1), (2, 13), (13, 2), (2, 14), (14, 2), (2, 17), (17, 2), (2, 29), (29, 2), (2, 30), (30, 2), (2, 31), (31, 2), (3, 21), (21, 3), (3, 40), (40, 3), (4, 19), (19, 4), (4, 24), (24, 4), (4, 34), (34, 4), (4, 39), (39, 4), (5, 7), (7, 5), (5, 8), (8, 5), (5, 11), (11, 5), (5, 12), (12, 5), (5, 18), (18, 5), (5, 20), (20, 5), (5, 29), (29, 5), (6, 25), (25, 6), (6, 34), (34, 6), (6, 36), (36, 6), (6, 40), (40, 6), (7, 12), (12, 7), (7, 35), (35, 7), (8, 9), (9, 8), (9, 23), (23, 9), (10, 14), (14, 10), (10, 24), (24, 10), (10, 25), (25, 10), (10, 35), (35, 10), (11, 33), (33, 11), (12, 29), (29, 12), (13, 26), (26, 13), (13, 39), (39, 13), (14, 15), (15, 14), (14, 18), (18, 14), (14, 21), (21, 14), (14, 27), (27, 14), (16, 19), (19, 16), (16, 32), (32, 16), (16, 34), (34, 16), (17, 24), (24, 17), (17, 26), (26, 17), (17, 31), (31, 17), (18, 19), (19, 18), (18, 21), (21, 18), (18, 27), (27, 18), (18, 30), (30, 18), (19, 34), (34, 19), (20, 22), (22, 20), (21, 31), (31, 21), (21, 32), (32, 21), (21, 39), (39, 21), (23, 31), (31, 23), (24, 28), (28, 24), (24, 38), (38, 24), (25, 37), (37, 25), (26, 36), (36, 26), (27, 36), (36, 27), (28, 29), (29, 28), (28, 32), (32, 28), (29, 31), (31, 29), (31, 36), (36, 31), (33, 36), (36, 33), (34, 37), (37, 34), (35, 36), (36, 35)]
Z_dad = [5]
Y_dad = [8, 20, 36]
X_dad = [6, 21, 33]
Z_da-ad = [20]
Y_da-ad = [5, 15, 22]
X_da-ad = [6, 21, 39]
