no              #fail
42.421          #totTm
4.837           #lastADTm
10              #itDAD
7.444           #avItADGoal
22              #itADOpt
8               #opt
8               #optDA-AD
0.285           #tmDA
0.0             #relGain

V = [1, 2, 3, 4, 5, 6, 7, 8, 9, 10, 11, 12, 13, 14, 15, 16, 17, 18, 19, 20, 21, 22, 23, 24, 25, 26, 27, 28, 29, 30, 31, 32, 33, 34, 35, 36, 37, 38, 39, 40]
A = [(1, 8), (8, 1), (1, 15), (15, 1), (1, 32), (32, 1), (2, 8), (8, 2), (2, 13), (13, 2), (2, 17), (17, 2), (2, 24), (24, 2), (2, 38), (38, 2), (3, 20), (20, 3), (3, 21), (21, 3), (3, 24), (24, 3), (3, 30), (30, 3), (3, 33), (33, 3), (3, 40), (40, 3), (4, 29), (29, 4), (4, 34), (34, 4), (4, 39), (39, 4), (5, 21), (21, 5), (5, 22), (22, 5), (5, 27), (27, 5), (5, 35), (35, 5), (7, 19), (19, 7), (8, 20), (20, 8), (8, 31), (31, 8), (9, 16), (16, 9), (9, 40), (40, 9), (10, 11), (11, 10), (10, 25), (25, 10), (10, 26), (26, 10), (11, 13), (13, 11), (11, 31), (31, 11), (12, 19), (19, 12), (12, 34), (34, 12), (13, 21), (21, 13), (13, 26), (26, 13), (13, 38), (38, 13), (14, 24), (24, 14), (14, 36), (36, 14), (15, 22), (22, 15), (15, 24), (24, 15), (15, 29), (29, 15), (15, 30), (30, 15), (16, 32), (32, 16), (17, 37), (37, 17), (17, 39), (39, 17), (18, 27), (27, 18), (19, 21), (21, 19), (19, 23), (23, 19), (19, 26), (26, 19), (20, 22), (22, 20), (21, 27), (27, 21), (21, 29), (29, 21), (21, 30), (30, 21), (22, 32), (32, 22), (23, 34), (34, 23), (24, 25), (25, 24), (24, 26), (26, 24), (24, 30), (30, 24), (24, 33), (33, 24), (25, 30), (30, 25), (25, 31), (31, 25), (25, 33), (33, 25), (26, 39), (39, 26), (28, 30), (30, 28), (28, 38), (38, 28), (29, 32), (32, 29), (30, 32), (32, 30), (31, 35), (35, 31), (31, 36), (36, 31), (39, 40), (40, 39)]
Z_dad = [39]
Y_dad = [3, 6, 19]
X_dad = [2, 13, 30]
Z_da-ad = [17]
Y_da-ad = [6, 21, 23]
X_da-ad = [3, 32, 39]
