no              #fail
92.128          #totTm
3.231           #lastADTm
11              #itDAD
8.000           #avItADGoal
14              #itADOpt
7               #opt
7               #optDA-AD
0.502           #tmDA
0.0             #relGain

V = [1, 2, 3, 4, 5, 6, 7, 8, 9, 10, 11, 12, 13, 14, 15, 16, 17, 18, 19, 20, 21, 22, 23, 24, 25, 26, 27, 28, 29, 30, 31, 32, 33, 34, 35, 36, 37, 38, 39, 40]
A = [(1, 12), (12, 1), (2, 36), (36, 2), (3, 10), (10, 3), (3, 17), (17, 3), (3, 18), (18, 3), (4, 31), (31, 4), (4, 34), (34, 4), (5, 6), (6, 5), (5, 10), (10, 5), (5, 23), (23, 5), (5, 28), (28, 5), (6, 16), (16, 6), (6, 22), (22, 6), (6, 25), (25, 6), (6, 27), (27, 6), (7, 12), (12, 7), (7, 28), (28, 7), (7, 33), (33, 7), (8, 12), (12, 8), (8, 24), (24, 8), (8, 26), (26, 8), (8, 31), (31, 8), (8, 34), (34, 8), (9, 28), (28, 9), (9, 34), (34, 9), (10, 20), (20, 10), (10, 28), (28, 10), (11, 12), (12, 11), (11, 21), (21, 11), (11, 25), (25, 11), (11, 27), (27, 11), (12, 32), (32, 12), (12, 34), (34, 12), (13, 27), (27, 13), (14, 17), (17, 14), (14, 21), (21, 14), (14, 35), (35, 14), (14, 40), (40, 14), (15, 18), (18, 15), (15, 38), (38, 15), (16, 18), (18, 16), (17, 19), (19, 17), (17, 24), (24, 17), (17, 31), (31, 17), (17, 38), (38, 17), (18, 20), (20, 18), (18, 32), (32, 18), (19, 32), (32, 19), (19, 36), (36, 19), (19, 37), (37, 19), (20, 29), (29, 20), (21, 25), (25, 21), (21, 34), (34, 21), (21, 37), (37, 21), (22, 28), (28, 22), (22, 35), (35, 22), (23, 26), (26, 23), (23, 28), (28, 23), (23, 30), (30, 23), (23, 31), (31, 23), (24, 28), (28, 24), (24, 40), (40, 24), (27, 39), (39, 27), (32, 34), (34, 32), (33, 39), (39, 33), (35, 38), (38, 35), (35, 40), (40, 35), (37, 40), (40, 37), (38, 39), (39, 38), (39, 40), (40, 39)]
Z_dad = [28]
Y_dad = [12, 17, 19]
X_dad = [10, 18, 23]
Z_da-ad = [12]
Y_da-ad = [1, 36, 39]
X_da-ad = [10, 17, 18]
