no              #fail
23.273          #totTm
10.823          #lastADTm
6               #itDAD
6.000           #avItADGoal
50              #itADOpt
10              #opt
9               #optDA-AD
0.541           #tmDA
10.0            #relGain

V = [1, 2, 3, 4, 5, 6, 7, 8, 9, 10, 11, 12, 13, 14, 15, 16, 17, 18, 19, 20, 21, 22, 23, 24, 25, 26, 27, 28, 29, 30, 31, 32, 33, 34, 35, 36, 37, 38, 39, 40]
A = [(2, 21), (21, 2), (2, 33), (33, 2), (2, 40), (40, 2), (3, 5), (5, 3), (3, 21), (21, 3), (3, 27), (27, 3), (4, 20), (20, 4), (4, 30), (30, 4), (4, 35), (35, 4), (4, 38), (38, 4), (5, 20), (20, 5), (5, 27), (27, 5), (5, 32), (32, 5), (5, 33), (33, 5), (6, 29), (29, 6), (6, 37), (37, 6), (6, 39), (39, 6), (7, 23), (23, 7), (7, 26), (26, 7), (7, 37), (37, 7), (7, 39), (39, 7), (8, 11), (11, 8), (8, 35), (35, 8), (9, 22), (22, 9), (9, 37), (37, 9), (10, 19), (19, 10), (10, 21), (21, 10), (10, 30), (30, 10), (11, 12), (12, 11), (11, 13), (13, 11), (12, 19), (19, 12), (12, 23), (23, 12), (13, 17), (17, 13), (13, 22), (22, 13), (13, 29), (29, 13), (13, 33), (33, 13), (14, 24), (24, 14), (15, 21), (21, 15), (15, 23), (23, 15), (15, 26), (26, 15), (15, 33), (33, 15), (15, 38), (38, 15), (16, 18), (18, 16), (16, 26), (26, 16), (17, 24), (24, 17), (17, 40), (40, 17), (18, 27), (27, 18), (20, 22), (22, 20), (20, 35), (35, 20), (20, 38), (38, 20), (21, 24), (24, 21), (21, 31), (31, 21), (21, 38), (38, 21), (22, 23), (23, 22), (22, 37), (37, 22), (23, 29), (29, 23), (23, 32), (32, 23), (23, 38), (38, 23), (23, 40), (40, 23), (26, 30), (30, 26), (28, 39), (39, 28), (29, 30), (30, 29), (29, 32), (32, 29), (29, 33), (33, 29), (29, 34), (34, 29), (30, 33), (33, 30), (31, 39), (39, 31), (35, 40), (40, 35), (38, 39), (39, 38), (39, 40), (40, 39)]
Z_dad = [29]
Y_dad = [21, 22, 36]
X_dad = [24, 37, 39]
Z_da-ad = [24]
Y_da-ad = [1, 27, 34]
X_da-ad = [10, 11, 23]
