no              #fail
23.046          #totTm
3.676           #lastADTm
8               #itDAD
2.429           #avItADGoal
17              #itADOpt
7               #opt
7               #optDA-AD
0.279           #tmDA
0.0             #relGain

V = [1, 2, 3, 4, 5, 6, 7, 8, 9, 10, 11, 12, 13, 14, 15, 16, 17, 18, 19, 20, 21, 22, 23, 24, 25, 26, 27, 28, 29, 30, 31, 32, 33, 34, 35, 36, 37, 38, 39, 40]
A = [(1, 5), (5, 1), (1, 11), (11, 1), (1, 19), (19, 1), (1, 27), (27, 1), (1, 29), (29, 1), (2, 21), (21, 2), (2, 32), (32, 2), (3, 12), (12, 3), (3, 13), (13, 3), (3, 22), (22, 3), (3, 31), (31, 3), (4, 9), (9, 4), (4, 34), (34, 4), (4, 39), (39, 4), (5, 11), (11, 5), (5, 16), (16, 5), (5, 17), (17, 5), (6, 20), (20, 6), (6, 29), (29, 6), (6, 30), (30, 6), (6, 39), (39, 6), (7, 14), (14, 7), (7, 15), (15, 7), (7, 22), (22, 7), (7, 26), (26, 7), (7, 27), (27, 7), (7, 36), (36, 7), (7, 38), (38, 7), (8, 30), (30, 8), (9, 10), (10, 9), (9, 31), (31, 9), (10, 21), (21, 10), (10, 32), (32, 10), (10, 36), (36, 10), (10, 40), (40, 10), (11, 14), (14, 11), (11, 21), (21, 11), (11, 34), (34, 11), (12, 17), (17, 12), (12, 19), (19, 12), (12, 33), (33, 12), (13, 15), (15, 13), (13, 18), (18, 13), (13, 27), (27, 13), (13, 36), (36, 13), (14, 30), (30, 14), (14, 32), (32, 14), (14, 33), (33, 14), (15, 37), (37, 15), (18, 34), (34, 18), (19, 20), (20, 19), (20, 24), (24, 20), (20, 28), (28, 20), (21, 27), (27, 21), (21, 30), (30, 21), (22, 23), (23, 22), (22, 24), (24, 22), (22, 30), (30, 22), (23, 29), (29, 23), (23, 40), (40, 23), (24, 29), (29, 24), (24, 35), (35, 24), (25, 28), (28, 25), (25, 29), (29, 25), (26, 33), (33, 26), (27, 39), (39, 27), (29, 32), (32, 29), (30, 33), (33, 30), (33, 37), (37, 33), (34, 35), (35, 34)]
Z_dad = [7]
Y_dad = [13, 29, 38]
X_dad = [1, 11, 12]
Z_da-ad = [30]
Y_da-ad = [8, 19, 38]
X_da-ad = [1, 11, 12]
