no              #fail
37.524          #totTm
2.914           #lastADTm
7               #itDAD
9.500           #avItADGoal
15              #itADOpt
7               #opt
7               #optDA-AD
0.405           #tmDA
0.0             #relGain

V = [1, 2, 3, 4, 5, 6, 7, 8, 9, 10, 11, 12, 13, 14, 15, 16, 17, 18, 19, 20, 21, 22, 23, 24, 25, 26, 27, 28, 29, 30, 31, 32, 33, 34, 35, 36, 37, 38, 39, 40]
A = [(1, 18), (18, 1), (1, 19), (19, 1), (1, 23), (23, 1), (1, 28), (28, 1), (1, 37), (37, 1), (2, 8), (8, 2), (2, 10), (10, 2), (2, 14), (14, 2), (3, 9), (9, 3), (3, 17), (17, 3), (3, 29), (29, 3), (3, 31), (31, 3), (3, 39), (39, 3), (4, 7), (7, 4), (4, 18), (18, 4), (4, 19), (19, 4), (4, 21), (21, 4), (5, 20), (20, 5), (6, 9), (9, 6), (6, 17), (17, 6), (6, 30), (30, 6), (6, 34), (34, 6), (7, 17), (17, 7), (7, 23), (23, 7), (8, 11), (11, 8), (8, 20), (20, 8), (8, 26), (26, 8), (9, 26), (26, 9), (9, 29), (29, 9), (10, 22), (22, 10), (10, 28), (28, 10), (11, 22), (22, 11), (11, 28), (28, 11), (11, 32), (32, 11), (11, 40), (40, 11), (12, 29), (29, 12), (12, 37), (37, 12), (13, 16), (16, 13), (13, 22), (22, 13), (13, 28), (28, 13), (13, 38), (38, 13), (14, 22), (22, 14), (15, 23), (23, 15), (15, 32), (32, 15), (15, 37), (37, 15), (16, 30), (30, 16), (16, 31), (31, 16), (17, 19), (19, 17), (17, 23), (23, 17), (17, 27), (27, 17), (17, 29), (29, 17), (17, 32), (32, 17), (18, 28), (28, 18), (18, 31), (31, 18), (19, 34), (34, 19), (20, 34), (34, 20), (20, 37), (37, 20), (21, 25), (25, 21), (21, 28), (28, 21), (21, 35), (35, 21), (22, 25), (25, 22), (22, 36), (36, 22), (22, 39), (39, 22), (23, 39), (39, 23), (26, 32), (32, 26), (26, 35), (35, 26), (28, 40), (40, 28), (31, 39), (39, 31), (33, 38), (38, 33), (38, 40), (40, 38)]
Z_dad = [13]
Y_dad = [6, 22, 38]
X_dad = [17, 20, 34]
Z_da-ad = [17]
Y_da-ad = [22, 27, 38]
X_da-ad = [6, 16, 20]
