no              #fail
29.386          #totTm
8.914           #lastADTm
8               #itDAD
6.000           #avItADGoal
50              #itADOpt
8               #opt
8               #optDA-AD
0.276           #tmDA
0.0             #relGain

V = [1, 2, 3, 4, 5, 6, 7, 8, 9, 10, 11, 12, 13, 14, 15, 16, 17, 18, 19, 20, 21, 22, 23, 24, 25, 26, 27, 28, 29, 30, 31, 32, 33, 34, 35, 36, 37, 38, 39, 40]
A = [(1, 2), (2, 1), (1, 3), (3, 1), (1, 6), (6, 1), (1, 24), (24, 1), (1, 35), (35, 1), (2, 4), (4, 2), (2, 25), (25, 2), (2, 26), (26, 2), (2, 27), (27, 2), (2, 30), (30, 2), (2, 31), (31, 2), (2, 32), (32, 2), (2, 37), (37, 2), (3, 4), (4, 3), (3, 10), (10, 3), (3, 12), (12, 3), (3, 23), (23, 3), (3, 33), (33, 3), (4, 10), (10, 4), (4, 16), (16, 4), (5, 6), (6, 5), (5, 9), (9, 5), (6, 9), (9, 6), (6, 11), (11, 6), (6, 20), (20, 6), (7, 32), (32, 7), (7, 40), (40, 7), (8, 10), (10, 8), (8, 14), (14, 8), (8, 28), (28, 8), (8, 31), (31, 8), (9, 33), (33, 9), (9, 36), (36, 9), (10, 33), (33, 10), (11, 20), (20, 11), (11, 24), (24, 11), (12, 39), (39, 12), (13, 21), (21, 13), (13, 39), (39, 13), (14, 15), (15, 14), (14, 32), (32, 14), (14, 33), (33, 14), (15, 30), (30, 15), (16, 24), (24, 16), (16, 26), (26, 16), (16, 29), (29, 16), (16, 33), (33, 16), (16, 35), (35, 16), (16, 39), (39, 16), (17, 22), (22, 17), (17, 38), (38, 17), (18, 21), (21, 18), (18, 25), (25, 18), (20, 31), (31, 20), (20, 35), (35, 20), (21, 22), (22, 21), (21, 34), (34, 21), (22, 40), (40, 22), (23, 30), (30, 23), (23, 32), (32, 23), (23, 36), (36, 23), (24, 29), (29, 24), (24, 39), (39, 24), (26, 32), (32, 26), (26, 36), (36, 26), (28, 36), (36, 28), (31, 38), (38, 31), (33, 37), (37, 33), (35, 36), (36, 35), (37, 39), (39, 37)]
Z_dad = [22]
Y_dad = [2, 21, 31]
X_dad = [25, 32, 38]
Z_da-ad = [2]
Y_da-ad = [21, 27, 31]
X_da-ad = [14, 18, 23]
