no              #fail
67.238          #totTm
1.951           #lastADTm
10              #itDAD
5.111           #avItADGoal
13              #itADOpt
7               #opt
7               #optDA-AD
0.336           #tmDA
0.0             #relGain

V = [1, 2, 3, 4, 5, 6, 7, 8, 9, 10, 11, 12, 13, 14, 15, 16, 17, 18, 19, 20, 21, 22, 23, 24, 25, 26, 27, 28, 29, 30, 31, 32, 33, 34, 35, 36, 37, 38, 39, 40]
A = [(1, 5), (5, 1), (1, 7), (7, 1), (1, 27), (27, 1), (1, 28), (28, 1), (1, 35), (35, 1), (1, 38), (38, 1), (2, 5), (5, 2), (3, 5), (5, 3), (3, 18), (18, 3), (3, 28), (28, 3), (3, 30), (30, 3), (3, 35), (35, 3), (4, 8), (8, 4), (4, 39), (39, 4), (5, 14), (14, 5), (5, 22), (22, 5), (5, 23), (23, 5), (5, 24), (24, 5), (5, 28), (28, 5), (5, 30), (30, 5), (5, 39), (39, 5), (6, 22), (22, 6), (6, 30), (30, 6), (7, 10), (10, 7), (7, 29), (29, 7), (7, 31), (31, 7), (7, 34), (34, 7), (8, 32), (32, 8), (9, 21), (21, 9), (9, 30), (30, 9), (9, 31), (31, 9), (9, 32), (32, 9), (10, 21), (21, 10), (11, 20), (20, 11), (11, 30), (30, 11), (11, 34), (34, 11), (12, 29), (29, 12), (13, 14), (14, 13), (13, 31), (31, 13), (14, 29), (29, 14), (14, 30), (30, 14), (15, 28), (28, 15), (15, 31), (31, 15), (15, 34), (34, 15), (16, 26), (26, 16), (16, 32), (32, 16), (16, 37), (37, 16), (17, 25), (25, 17), (17, 32), (32, 17), (18, 30), (30, 18), (19, 23), (23, 19), (19, 29), (29, 19), (21, 25), (25, 21), (21, 33), (33, 21), (21, 40), (40, 21), (22, 23), (23, 22), (22, 32), (32, 22), (22, 33), (33, 22), (23, 40), (40, 23), (25, 36), (36, 25), (25, 37), (37, 25), (26, 30), (30, 26), (26, 37), (37, 26), (26, 38), (38, 26), (28, 38), (38, 28), (29, 39), (39, 29), (30, 34), (34, 30), (32, 39), (39, 32), (34, 36), (36, 34), (35, 40), (40, 35)]
Z_dad = [1]
Y_dad = [5, 11, 32]
X_dad = [2, 23, 29]
Z_da-ad = [1]
Y_da-ad = [5, 20, 27]
X_da-ad = [25, 32, 39]
