no              #fail
18.479          #totTm
8.346           #lastADTm
6               #itDAD
5.000           #avItADGoal
41              #itADOpt
9               #opt
9               #optDA-AD
0.268           #tmDA
0.0             #relGain

V = [1, 2, 3, 4, 5, 6, 7, 8, 9, 10, 11, 12, 13, 14, 15, 16, 17, 18, 19, 20, 21, 22, 23, 24, 25, 26, 27, 28, 29, 30, 31, 32, 33, 34, 35, 36, 37, 38, 39, 40]
A = [(1, 12), (12, 1), (1, 35), (35, 1), (2, 11), (11, 2), (2, 18), (18, 2), (2, 19), (19, 2), (2, 30), (30, 2), (2, 33), (33, 2), (3, 10), (10, 3), (3, 16), (16, 3), (3, 25), (25, 3), (3, 31), (31, 3), (3, 34), (34, 3), (4, 12), (12, 4), (4, 23), (23, 4), (4, 25), (25, 4), (4, 39), (39, 4), (5, 17), (17, 5), (5, 24), (24, 5), (5, 27), (27, 5), (5, 33), (33, 5), (5, 34), (34, 5), (5, 39), (39, 5), (6, 13), (13, 6), (6, 18), (18, 6), (6, 24), (24, 6), (8, 14), (14, 8), (9, 12), (12, 9), (9, 32), (32, 9), (9, 33), (33, 9), (9, 38), (38, 9), (10, 22), (22, 10), (10, 33), (33, 10), (10, 37), (37, 10), (11, 12), (12, 11), (11, 15), (15, 11), (12, 39), (39, 12), (13, 30), (30, 13), (14, 22), (22, 14), (15, 22), (22, 15), (15, 27), (27, 15), (15, 29), (29, 15), (15, 35), (35, 15), (16, 35), (35, 16), (17, 18), (18, 17), (17, 26), (26, 17), (17, 34), (34, 17), (18, 20), (20, 18), (18, 21), (21, 18), (18, 32), (32, 18), (18, 35), (35, 18), (18, 37), (37, 18), (18, 39), (39, 18), (19, 23), (23, 19), (19, 28), (28, 19), (19, 31), (31, 19), (19, 37), (37, 19), (20, 32), (32, 20), (20, 37), (37, 20), (21, 36), (36, 21), (22, 24), (24, 22), (24, 25), (25, 24), (24, 30), (30, 24), (24, 39), (39, 24), (26, 39), (39, 26), (27, 38), (38, 27), (28, 33), (33, 28), (30, 33), (33, 30), (32, 39), (39, 32), (33, 39), (39, 33), (38, 39), (39, 38)]
Z_dad = [18]
Y_dad = [12, 24, 36]
X_dad = [11, 15, 22]
Z_da-ad = [18]
Y_da-ad = [10, 36, 40]
X_da-ad = [22, 24, 30]
