no              #fail
10.786          #totTm
4.842           #lastADTm
5               #itDAD
2.500           #avItADGoal
23              #itADOpt
8               #opt
7               #optDA-AD
0.286           #tmDA
12.5            #relGain

V = [1, 2, 3, 4, 5, 6, 7, 8, 9, 10, 11, 12, 13, 14, 15, 16, 17, 18, 19, 20, 21, 22, 23, 24, 25, 26, 27, 28, 29, 30, 31, 32, 33, 34, 35, 36, 37, 38, 39, 40]
A = [(1, 3), (3, 1), (1, 21), (21, 1), (1, 28), (28, 1), (1, 29), (29, 1), (2, 5), (5, 2), (2, 18), (18, 2), (2, 30), (30, 2), (2, 35), (35, 2), (3, 20), (20, 3), (3, 22), (22, 3), (4, 6), (6, 4), (5, 15), (15, 5), (6, 11), (11, 6), (6, 15), (15, 6), (6, 21), (21, 6), (6, 29), (29, 6), (7, 25), (25, 7), (7, 28), (28, 7), (8, 20), (20, 8), (8, 37), (37, 8), (9, 11), (11, 9), (9, 14), (14, 9), (9, 16), (16, 9), (9, 17), (17, 9), (9, 21), (21, 9), (9, 32), (32, 9), (10, 13), (13, 10), (10, 36), (36, 10), (10, 38), (38, 10), (11, 28), (28, 11), (11, 30), (30, 11), (11, 37), (37, 11), (12, 14), (14, 12), (12, 19), (19, 12), (13, 21), (21, 13), (14, 30), (30, 14), (14, 34), (34, 14), (15, 36), (36, 15), (15, 39), (39, 15), (16, 26), (26, 16), (16, 27), (27, 16), (17, 22), (22, 17), (17, 30), (30, 17), (17, 31), (31, 17), (17, 40), (40, 17), (18, 29), (29, 18), (18, 31), (31, 18), (18, 33), (33, 18), (19, 27), (27, 19), (19, 30), (30, 19), (19, 37), (37, 19), (23, 36), (36, 23), (24, 26), (26, 24), (24, 27), (27, 24), (24, 33), (33, 24), (24, 36), (36, 24), (26, 36), (36, 26), (27, 33), (33, 27), (27, 34), (34, 27), (27, 35), (35, 27), (28, 36), (36, 28), (30, 33), (33, 30), (30, 35), (35, 30), (31, 39), (39, 31), (32, 35), (35, 32), (32, 37), (37, 32), (33, 39), (39, 33), (34, 39), (39, 34), (34, 40), (40, 34), (38, 39), (39, 38)]
Z_dad = [36]
Y_dad = [21, 23, 30]
X_dad = [1, 6, 11]
Z_da-ad = [6]
Y_da-ad = [3, 4, 23]
X_da-ad = [1, 11, 36]
