no              #fail
5.803           #totTm
0.249           #lastADTm
7               #itDAD
1.500           #avItADGoal
7               #itADOpt
11              #opt
11              #optDA-AD
0.597           #tmDA
0.0             #relGain

V = [1, 2, 3, 4, 5, 6, 7, 8, 9, 10, 11, 12, 13, 14, 15, 16, 17, 18, 19, 20, 21, 22, 23, 24, 25, 26, 27, 28, 29, 30, 31, 32, 33, 34, 35, 36, 37, 38, 39, 40]
A = [(1, 6), (6, 1), (1, 15), (15, 1), (1, 16), (16, 1), (1, 18), (18, 1), (1, 28), (28, 1), (1, 29), (29, 1), (2, 3), (3, 2), (2, 10), (10, 2), (2, 17), (17, 2), (2, 20), (20, 2), (2, 22), (22, 2), (2, 27), (27, 2), (3, 30), (30, 3), (3, 31), (31, 3), (3, 32), (32, 3), (4, 5), (5, 4), (4, 13), (13, 4), (4, 17), (17, 4), (4, 20), (20, 4), (4, 26), (26, 4), (4, 28), (28, 4), (4, 35), (35, 4), (4, 37), (37, 4), (4, 38), (38, 4), (5, 8), (8, 5), (5, 10), (10, 5), (5, 18), (18, 5), (5, 29), (29, 5), (5, 37), (37, 5), (6, 7), (7, 6), (6, 14), (14, 6), (6, 15), (15, 6), (6, 31), (31, 6), (6, 33), (33, 6), (7, 16), (16, 7), (7, 21), (21, 7), (7, 40), (40, 7), (8, 18), (18, 8), (8, 20), (20, 8), (8, 21), (21, 8), (8, 27), (27, 8), (8, 30), (30, 8), (8, 37), (37, 8), (9, 10), (10, 9), (9, 18), (18, 9), (9, 19), (19, 9), (9, 21), (21, 9), (10, 14), (14, 10), (10, 15), (15, 10), (10, 16), (16, 10), (10, 17), (17, 10), (10, 23), (23, 10), (10, 27), (27, 10), (10, 29), (29, 10), (10, 37), (37, 10), (11, 14), (14, 11), (12, 15), (15, 12), (12, 17), (17, 12), (12, 29), (29, 12), (12, 37), (37, 12), (13, 20), (20, 13), (13, 23), (23, 13), (13, 35), (35, 13), (15, 17), (17, 15), (15, 19), (19, 15), (15, 25), (25, 15), (15, 28), (28, 15), (15, 38), (38, 15), (16, 18), (18, 16), (16, 20), (20, 16), (16, 25), (25, 16), (16, 33), (33, 16), (17, 22), (22, 17), (17, 27), (27, 17), (17, 28), (28, 17), (17, 33), (33, 17), (18, 28), (28, 18), (18, 29), (29, 18), (18, 36), (36, 18), (18, 39), (39, 18), (19, 20), (20, 19), (19, 27), (27, 19), (19, 30), (30, 19), (19, 36), (36, 19), (20, 21), (21, 20), (20, 23), (23, 20), (20, 26), (26, 20), (20, 37), (37, 20), (21, 22), (22, 21), (21, 26), (26, 21), (21, 29), (29, 21), (21, 34), (34, 21), (21, 36), (36, 21), (21, 37), (37, 21), (22, 23), (23, 22), (22, 29), (29, 22), (22, 31), (31, 22), (22, 32), (32, 22), (22, 39), (39, 22), (23, 27), (27, 23), (23, 36), (36, 23), (23, 37), (37, 23), (24, 29), (29, 24), (24, 32), (32, 24), (25, 38), (38, 25), (25, 39), (39, 25), (26, 30), (30, 26), (26, 40), (40, 26), (27, 31), (31, 27), (28, 39), (39, 28), (29, 33), (33, 29), (31, 33), (33, 31), (31, 37), (37, 31), (31, 40), (40, 31), (33, 37), (37, 33), (33, 39), (39, 33), (39, 40), (40, 39)]
Z_dad = [6, 10, 21]
Y_dad = [18]
X_dad = [4, 20, 23]
Z_da-ad = [6, 10, 21]
Y_da-ad = [16]
X_da-ad = [18, 19, 23]
