no              #fail
2.179           #totTm
0.281           #lastADTm
5               #itDAD
1.000           #avItADGoal
6               #itADOpt
10              #opt
10              #optDA-AD
0.577           #tmDA
0.0             #relGain

V = [1, 2, 3, 4, 5, 6, 7, 8, 9, 10, 11, 12, 13, 14, 15, 16, 17, 18, 19, 20, 21, 22, 23, 24, 25, 26, 27, 28, 29, 30, 31, 32, 33, 34, 35, 36, 37, 38, 39, 40]
A = [(1, 7), (7, 1), (1, 9), (9, 1), (1, 18), (18, 1), (1, 22), (22, 1), (1, 23), (23, 1), (1, 24), (24, 1), (2, 13), (13, 2), (2, 18), (18, 2), (2, 21), (21, 2), (2, 23), (23, 2), (2, 30), (30, 2), (2, 38), (38, 2), (3, 4), (4, 3), (3, 8), (8, 3), (3, 12), (12, 3), (3, 15), (15, 3), (3, 16), (16, 3), (3, 29), (29, 3), (3, 30), (30, 3), (3, 33), (33, 3), (3, 36), (36, 3), (3, 40), (40, 3), (4, 15), (15, 4), (4, 17), (17, 4), (4, 24), (24, 4), (4, 26), (26, 4), (4, 38), (38, 4), (4, 39), (39, 4), (5, 16), (16, 5), (5, 33), (33, 5), (5, 34), (34, 5), (5, 39), (39, 5), (6, 9), (9, 6), (6, 17), (17, 6), (6, 22), (22, 6), (7, 12), (12, 7), (7, 20), (20, 7), (8, 9), (9, 8), (8, 10), (10, 8), (8, 26), (26, 8), (8, 31), (31, 8), (8, 38), (38, 8), (8, 39), (39, 8), (8, 40), (40, 8), (9, 17), (17, 9), (9, 18), (18, 9), (9, 20), (20, 9), (9, 22), (22, 9), (9, 31), (31, 9), (9, 36), (36, 9), (9, 39), (39, 9), (10, 24), (24, 10), (11, 13), (13, 11), (11, 14), (14, 11), (11, 18), (18, 11), (11, 22), (22, 11), (11, 26), (26, 11), (11, 28), (28, 11), (11, 35), (35, 11), (11, 38), (38, 11), (12, 30), (30, 12), (12, 31), (31, 12), (12, 34), (34, 12), (12, 38), (38, 12), (13, 25), (25, 13), (14, 26), (26, 14), (14, 28), (28, 14), (14, 38), (38, 14), (14, 40), (40, 14), (15, 23), (23, 15), (16, 17), (17, 16), (16, 24), (24, 16), (16, 29), (29, 16), (16, 31), (31, 16), (16, 33), (33, 16), (17, 23), (23, 17), (17, 25), (25, 17), (17, 27), (27, 17), (17, 33), (33, 17), (17, 39), (39, 17), (18, 21), (21, 18), (18, 22), (22, 18), (18, 27), (27, 18), (18, 39), (39, 18), (19, 28), (28, 19), (19, 37), (37, 19), (20, 24), (24, 20), (20, 25), (25, 20), (20, 39), (39, 20), (21, 26), (26, 21), (21, 30), (30, 21), (21, 31), (31, 21), (21, 32), (32, 21), (22, 34), (34, 22), (22, 35), (35, 22), (22, 40), (40, 22), (23, 25), (25, 23), (23, 26), (26, 23), (23, 30), (30, 23), (23, 33), (33, 23), (23, 35), (35, 23), (23, 36), (36, 23), (24, 28), (28, 24), (24, 29), (29, 24), (24, 30), (30, 24), (24, 38), (38, 24), (25, 38), (38, 25), (28, 31), (31, 28), (29, 35), (35, 29), (30, 35), (35, 30), (31, 33), (33, 31), (31, 38), (38, 31), (31, 40), (40, 31), (34, 38), (38, 34), (37, 39), (39, 37), (38, 40), (40, 38), (39, 40), (40, 39)]
Z_dad = [3, 28, 39]
Y_dad = [38]
X_dad = [17, 18, 21]
Z_da-ad = [21, 28, 39]
Y_da-ad = [3]
X_da-ad = [2, 11, 25]
