no              #fail
1.673           #totTm
0.223           #lastADTm
5               #itDAD
1.000           #avItADGoal
6               #itADOpt
10              #opt
9               #optDA-AD
0.581           #tmDA
10.0            #relGain

V = [1, 2, 3, 4, 5, 6, 7, 8, 9, 10, 11, 12, 13, 14, 15, 16, 17, 18, 19, 20, 21, 22, 23, 24, 25, 26, 27, 28, 29, 30, 31, 32, 33, 34, 35, 36, 37, 38, 39, 40]
A = [(1, 2), (2, 1), (1, 18), (18, 1), (1, 23), (23, 1), (1, 33), (33, 1), (1, 35), (35, 1), (1, 37), (37, 1), (2, 7), (7, 2), (2, 8), (8, 2), (2, 22), (22, 2), (2, 23), (23, 2), (2, 25), (25, 2), (2, 26), (26, 2), (2, 37), (37, 2), (3, 28), (28, 3), (3, 36), (36, 3), (3, 37), (37, 3), (3, 39), (39, 3), (4, 5), (5, 4), (4, 6), (6, 4), (4, 11), (11, 4), (4, 12), (12, 4), (4, 19), (19, 4), (4, 23), (23, 4), (4, 25), (25, 4), (4, 38), (38, 4), (5, 11), (11, 5), (5, 12), (12, 5), (5, 15), (15, 5), (5, 21), (21, 5), (5, 24), (24, 5), (5, 30), (30, 5), (5, 33), (33, 5), (5, 39), (39, 5), (6, 7), (7, 6), (6, 8), (8, 6), (6, 16), (16, 6), (6, 19), (19, 6), (6, 26), (26, 6), (6, 29), (29, 6), (7, 16), (16, 7), (7, 17), (17, 7), (7, 21), (21, 7), (7, 25), (25, 7), (7, 38), (38, 7), (8, 11), (11, 8), (8, 27), (27, 8), (8, 28), (28, 8), (8, 31), (31, 8), (8, 32), (32, 8), (8, 38), (38, 8), (9, 24), (24, 9), (9, 38), (38, 9), (9, 39), (39, 9), (9, 40), (40, 9), (10, 17), (17, 10), (11, 21), (21, 11), (11, 23), (23, 11), (11, 25), (25, 11), (11, 32), (32, 11), (11, 33), (33, 11), (11, 34), (34, 11), (11, 39), (39, 11), (12, 17), (17, 12), (12, 21), (21, 12), (12, 22), (22, 12), (12, 26), (26, 12), (13, 16), (16, 13), (13, 23), (23, 13), (14, 19), (19, 14), (14, 23), (23, 14), (14, 26), (26, 14), (14, 34), (34, 14), (14, 39), (39, 14), (15, 18), (18, 15), (15, 35), (35, 15), (15, 38), (38, 15), (15, 39), (39, 15), (16, 38), (38, 16), (17, 23), (23, 17), (17, 30), (30, 17), (17, 31), (31, 17), (17, 32), (32, 17), (17, 36), (36, 17), (17, 40), (40, 17), (18, 20), (20, 18), (18, 30), (30, 18), (19, 20), (20, 19), (19, 23), (23, 19), (19, 39), (39, 19), (20, 29), (29, 20), (20, 31), (31, 20), (20, 34), (34, 20), (20, 37), (37, 20), (21, 28), (28, 21), (21, 35), (35, 21), (21, 37), (37, 21), (22, 23), (23, 22), (23, 36), (36, 23), (23, 37), (37, 23), (23, 38), (38, 23), (24, 29), (29, 24), (24, 32), (32, 24), (24, 33), (33, 24), (25, 26), (26, 25), (26, 30), (30, 26), (26, 36), (36, 26), (27, 38), (38, 27), (28, 32), (32, 28), (28, 36), (36, 28), (29, 35), (35, 29), (29, 36), (36, 29), (30, 31), (31, 30), (30, 37), (37, 30), (31, 32), (32, 31), (31, 34), (34, 31), (31, 39), (39, 31), (33, 38), (38, 33)]
Z_dad = [17, 23, 38]
Y_dad = [5]
X_dad = [8, 24, 39]
Z_da-ad = [9, 17, 38]
Y_da-ad = [23]
X_da-ad = [8, 13, 22]
