no              #fail
41.734          #totTm
0.196           #lastADTm
8               #itDAD
1.429           #avItADGoal
5               #itADOpt
9               #opt
8               #optDA-AD
0.59            #tmDA
11.1            #relGain

V = [1, 2, 3, 4, 5, 6, 7, 8, 9, 10, 11, 12, 13, 14, 15, 16, 17, 18, 19, 20, 21, 22, 23, 24, 25, 26, 27, 28, 29, 30, 31, 32, 33, 34, 35, 36, 37, 38, 39, 40]
A = [(1, 3), (3, 1), (1, 12), (12, 1), (1, 13), (13, 1), (1, 15), (15, 1), (1, 17), (17, 1), (1, 28), (28, 1), (1, 30), (30, 1), (1, 39), (39, 1), (2, 4), (4, 2), (2, 13), (13, 2), (2, 14), (14, 2), (2, 23), (23, 2), (3, 6), (6, 3), (3, 10), (10, 3), (3, 16), (16, 3), (3, 20), (20, 3), (3, 22), (22, 3), (3, 26), (26, 3), (3, 36), (36, 3), (4, 17), (17, 4), (4, 29), (29, 4), (4, 38), (38, 4), (4, 40), (40, 4), (5, 7), (7, 5), (5, 12), (12, 5), (5, 24), (24, 5), (5, 26), (26, 5), (5, 30), (30, 5), (5, 39), (39, 5), (6, 8), (8, 6), (6, 9), (9, 6), (6, 11), (11, 6), (6, 12), (12, 6), (6, 22), (22, 6), (6, 39), (39, 6), (6, 40), (40, 6), (7, 15), (15, 7), (7, 19), (19, 7), (7, 25), (25, 7), (7, 26), (26, 7), (7, 36), (36, 7), (7, 37), (37, 7), (7, 40), (40, 7), (8, 24), (24, 8), (8, 31), (31, 8), (8, 32), (32, 8), (9, 11), (11, 9), (9, 12), (12, 9), (9, 27), (27, 9), (9, 38), (38, 9), (10, 23), (23, 10), (10, 24), (24, 10), (10, 32), (32, 10), (10, 33), (33, 10), (10, 38), (38, 10), (11, 12), (12, 11), (11, 17), (17, 11), (11, 18), (18, 11), (11, 20), (20, 11), (11, 28), (28, 11), (12, 18), (18, 12), (12, 34), (34, 12), (12, 36), (36, 12), (13, 17), (17, 13), (13, 19), (19, 13), (13, 22), (22, 13), (13, 24), (24, 13), (13, 25), (25, 13), (13, 28), (28, 13), (13, 33), (33, 13), (13, 34), (34, 13), (13, 38), (38, 13), (14, 20), (20, 14), (14, 29), (29, 14), (14, 32), (32, 14), (15, 21), (21, 15), (15, 24), (24, 15), (16, 18), (18, 16), (16, 31), (31, 16), (16, 33), (33, 16), (17, 19), (19, 17), (17, 22), (22, 17), (17, 24), (24, 17), (17, 30), (30, 17), (17, 34), (34, 17), (18, 25), (25, 18), (18, 26), (26, 18), (18, 37), (37, 18), (19, 20), (20, 19), (19, 21), (21, 19), (19, 29), (29, 19), (19, 30), (30, 19), (19, 32), (32, 19), (20, 22), (22, 20), (20, 29), (29, 20), (20, 34), (34, 20), (20, 35), (35, 20), (20, 40), (40, 20), (21, 31), (31, 21), (21, 34), (34, 21), (21, 36), (36, 21), (21, 39), (39, 21), (22, 40), (40, 22), (24, 28), (28, 24), (25, 26), (26, 25), (26, 33), (33, 26), (27, 31), (31, 27), (28, 31), (31, 28), (29, 31), (31, 29), (29, 37), (37, 29), (30, 35), (35, 30), (31, 32), (32, 31), (33, 35), (35, 33), (33, 36), (36, 33), (33, 39), (39, 33), (35, 36), (36, 35), (35, 37), (37, 35)]
Z_dad = [4, 10, 13]
Y_dad = [31]
X_dad = [8, 9, 14]
Z_da-ad = [1, 2, 10]
Y_da-ad = [9]
X_da-ad = [7, 21, 24]
