no              #fail
1.395           #totTm
0.177           #lastADTm
5               #itDAD
1.000           #avItADGoal
4               #itADOpt
9               #opt
9               #optDA-AD
0.555           #tmDA
0.0             #relGain

V = [1, 2, 3, 4, 5, 6, 7, 8, 9, 10, 11, 12, 13, 14, 15, 16, 17, 18, 19, 20, 21, 22, 23, 24, 25, 26, 27, 28, 29, 30, 31, 32, 33, 34, 35, 36, 37, 38, 39, 40]
A = [(1, 5), (5, 1), (1, 29), (29, 1), (1, 33), (33, 1), (1, 34), (34, 1), (1, 40), (40, 1), (2, 3), (3, 2), (2, 5), (5, 2), (2, 27), (27, 2), (2, 34), (34, 2), (2, 36), (36, 2), (2, 38), (38, 2), (3, 10), (10, 3), (3, 13), (13, 3), (3, 20), (20, 3), (3, 22), (22, 3), (3, 24), (24, 3), (3, 25), (25, 3), (3, 30), (30, 3), (3, 39), (39, 3), (4, 9), (9, 4), (4, 26), (26, 4), (4, 29), (29, 4), (4, 37), (37, 4), (5, 6), (6, 5), (5, 25), (25, 5), (5, 30), (30, 5), (5, 31), (31, 5), (5, 36), (36, 5), (6, 9), (9, 6), (6, 13), (13, 6), (6, 15), (15, 6), (6, 18), (18, 6), (6, 20), (20, 6), (6, 26), (26, 6), (7, 9), (9, 7), (7, 16), (16, 7), (7, 20), (20, 7), (7, 24), (24, 7), (7, 26), (26, 7), (7, 37), (37, 7), (8, 12), (12, 8), (8, 17), (17, 8), (8, 22), (22, 8), (8, 31), (31, 8), (9, 11), (11, 9), (9, 13), (13, 9), (9, 19), (19, 9), (9, 21), (21, 9), (9, 28), (28, 9), (9, 29), (29, 9), (9, 33), (33, 9), (9, 40), (40, 9), (10, 18), (18, 10), (10, 19), (19, 10), (10, 29), (29, 10), (10, 33), (33, 10), (11, 16), (16, 11), (11, 18), (18, 11), (11, 28), (28, 11), (11, 33), (33, 11), (12, 13), (13, 12), (12, 14), (14, 12), (12, 40), (40, 12), (13, 14), (14, 13), (13, 20), (20, 13), (13, 21), (21, 13), (13, 22), (22, 13), (13, 28), (28, 13), (13, 29), (29, 13), (13, 31), (31, 13), (13, 32), (32, 13), (13, 38), (38, 13), (13, 39), (39, 13), (14, 27), (27, 14), (14, 33), (33, 14), (15, 18), (18, 15), (15, 23), (23, 15), (15, 24), (24, 15), (15, 33), (33, 15), (16, 17), (17, 16), (16, 30), (30, 16), (16, 33), (33, 16), (17, 32), (32, 17), (17, 39), (39, 17), (18, 19), (19, 18), (18, 27), (27, 18), (18, 35), (35, 18), (18, 39), (39, 18), (18, 40), (40, 18), (19, 26), (26, 19), (19, 27), (27, 19), (19, 35), (35, 19), (19, 40), (40, 19), (20, 30), (30, 20), (21, 32), (32, 21), (22, 28), (28, 22), (22, 39), (39, 22), (22, 40), (40, 22), (23, 36), (36, 23), (23, 37), (37, 23), (25, 33), (33, 25), (25, 39), (39, 25), (26, 27), (27, 26), (26, 36), (36, 26), (27, 34), (34, 27), (27, 35), (35, 27), (27, 40), (40, 27), (30, 31), (31, 30), (30, 38), (38, 30), (31, 33), (33, 31), (34, 35), (35, 34), (34, 36), (36, 34), (34, 37), (37, 34), (35, 38), (38, 35), (35, 39), (39, 35), (36, 39), (39, 36), (39, 40), (40, 39)]
Z_dad = [9, 13, 18]
Y_dad = [3]
X_dad = [11, 17, 22]
Z_da-ad = [9, 13, 17]
Y_da-ad = [36]
X_da-ad = [8, 14, 40]
