no              #fail
9.287           #totTm
0.238           #lastADTm
7               #itDAD
1.333           #avItADGoal
7               #itADOpt
9               #opt
8               #optDA-AD
0.64            #tmDA
11.1            #relGain

V = [1, 2, 3, 4, 5, 6, 7, 8, 9, 10, 11, 12, 13, 14, 15, 16, 17, 18, 19, 20, 21, 22, 23, 24, 25, 26, 27, 28, 29, 30, 31, 32, 33, 34, 35, 36, 37, 38, 39, 40]
A = [(1, 8), (8, 1), (1, 14), (14, 1), (1, 15), (15, 1), (1, 24), (24, 1), (1, 31), (31, 1), (1, 32), (32, 1), (1, 40), (40, 1), (2, 13), (13, 2), (2, 18), (18, 2), (2, 22), (22, 2), (2, 30), (30, 2), (3, 14), (14, 3), (3, 23), (23, 3), (3, 24), (24, 3), (3, 34), (34, 3), (4, 7), (7, 4), (4, 11), (11, 4), (4, 15), (15, 4), (4, 19), (19, 4), (4, 26), (26, 4), (4, 32), (32, 4), (5, 8), (8, 5), (5, 16), (16, 5), (5, 28), (28, 5), (5, 33), (33, 5), (5, 34), (34, 5), (6, 9), (9, 6), (6, 33), (33, 6), (6, 36), (36, 6), (7, 11), (11, 7), (7, 15), (15, 7), (7, 19), (19, 7), (7, 21), (21, 7), (7, 32), (32, 7), (7, 33), (33, 7), (7, 39), (39, 7), (8, 19), (19, 8), (8, 33), (33, 8), (8, 36), (36, 8), (8, 37), (37, 8), (9, 17), (17, 9), (9, 20), (20, 9), (9, 22), (22, 9), (9, 35), (35, 9), (9, 38), (38, 9), (10, 18), (18, 10), (10, 19), (19, 10), (10, 32), (32, 10), (10, 36), (36, 10), (11, 25), (25, 11), (11, 26), (26, 11), (11, 30), (30, 11), (11, 33), (33, 11), (12, 18), (18, 12), (12, 25), (25, 12), (12, 31), (31, 12), (12, 33), (33, 12), (13, 23), (23, 13), (14, 16), (16, 14), (14, 21), (21, 14), (14, 31), (31, 14), (14, 36), (36, 14), (14, 40), (40, 14), (15, 18), (18, 15), (15, 22), (22, 15), (15, 33), (33, 15), (15, 37), (37, 15), (15, 40), (40, 15), (16, 18), (18, 16), (16, 23), (23, 16), (17, 20), (20, 17), (17, 25), (25, 17), (17, 28), (28, 17), (17, 29), (29, 17), (17, 38), (38, 17), (17, 40), (40, 17), (18, 32), (32, 18), (18, 38), (38, 18), (19, 32), (32, 19), (19, 33), (33, 19), (19, 39), (39, 19), (20, 37), (37, 20), (21, 29), (29, 21), (21, 31), (31, 21), (21, 34), (34, 21), (21, 36), (36, 21), (21, 40), (40, 21), (22, 26), (26, 22), (22, 28), (28, 22), (22, 35), (35, 22), (23, 26), (26, 23), (24, 31), (31, 24), (24, 36), (36, 24), (25, 30), (30, 25), (25, 31), (31, 25), (25, 32), (32, 25), (25, 40), (40, 25), (26, 29), (29, 26), (26, 37), (37, 26), (27, 31), (31, 27), (27, 35), (35, 27), (28, 35), (35, 28), (28, 36), (36, 28), (28, 39), (39, 28), (29, 33), (33, 29), (29, 37), (37, 29), (29, 40), (40, 29), (30, 31), (31, 30), (30, 37), (37, 30), (31, 35), (35, 31), (31, 38), (38, 31), (33, 35), (35, 33), (33, 38), (38, 33), (34, 38), (38, 34), (37, 38), (38, 37), (37, 40), (40, 37), (39, 40), (40, 39)]
Z_dad = [2, 14, 26]
Y_dad = [33]
X_dad = [16, 24, 34]
Z_da-ad = [1, 31, 35]
Y_da-ad = [2]
X_da-ad = [3, 23, 36]
