no              #fail
8.463           #totTm
0.264           #lastADTm
7               #itDAD
1.500           #avItADGoal
5               #itADOpt
9               #opt
9               #optDA-AD
0.521           #tmDA
0.0             #relGain

V = [1, 2, 3, 4, 5, 6, 7, 8, 9, 10, 11, 12, 13, 14, 15, 16, 17, 18, 19, 20, 21, 22, 23, 24, 25, 26, 27, 28, 29, 30, 31, 32, 33, 34, 35, 36, 37, 38, 39, 40]
A = [(1, 8), (8, 1), (1, 10), (10, 1), (1, 11), (11, 1), (1, 20), (20, 1), (1, 23), (23, 1), (1, 26), (26, 1), (2, 20), (20, 2), (2, 22), (22, 2), (2, 23), (23, 2), (2, 33), (33, 2), (2, 34), (34, 2), (2, 37), (37, 2), (3, 5), (5, 3), (3, 14), (14, 3), (3, 15), (15, 3), (3, 18), (18, 3), (3, 23), (23, 3), (3, 27), (27, 3), (3, 32), (32, 3), (3, 38), (38, 3), (4, 10), (10, 4), (4, 17), (17, 4), (4, 18), (18, 4), (4, 22), (22, 4), (4, 25), (25, 4), (5, 6), (6, 5), (5, 21), (21, 5), (5, 35), (35, 5), (6, 11), (11, 6), (6, 24), (24, 6), (6, 33), (33, 6), (6, 34), (34, 6), (6, 40), (40, 6), (7, 22), (22, 7), (7, 26), (26, 7), (7, 28), (28, 7), (7, 37), (37, 7), (7, 38), (38, 7), (8, 19), (19, 8), (8, 22), (22, 8), (8, 24), (24, 8), (8, 32), (32, 8), (8, 39), (39, 8), (9, 11), (11, 9), (9, 19), (19, 9), (9, 23), (23, 9), (9, 33), (33, 9), (9, 34), (34, 9), (9, 35), (35, 9), (9, 38), (38, 9), (10, 13), (13, 10), (10, 23), (23, 10), (10, 28), (28, 10), (10, 37), (37, 10), (11, 12), (12, 11), (11, 16), (16, 11), (12, 21), (21, 12), (12, 26), (26, 12), (12, 28), (28, 12), (13, 25), (25, 13), (13, 29), (29, 13), (13, 34), (34, 13), (13, 40), (40, 13), (14, 17), (17, 14), (14, 18), (18, 14), (14, 20), (20, 14), (14, 34), (34, 14), (14, 35), (35, 14), (14, 36), (36, 14), (14, 37), (37, 14), (15, 21), (21, 15), (15, 26), (26, 15), (15, 30), (30, 15), (16, 21), (21, 16), (16, 24), (24, 16), (16, 26), (26, 16), (16, 28), (28, 16), (16, 34), (34, 16), (17, 18), (18, 17), (17, 21), (21, 17), (17, 23), (23, 17), (17, 24), (24, 17), (17, 26), (26, 17), (17, 37), (37, 17), (18, 19), (19, 18), (18, 24), (24, 18), (19, 33), (33, 19), (20, 24), (24, 20), (20, 25), (25, 20), (20, 27), (27, 20), (20, 30), (30, 20), (20, 37), (37, 20), (21, 33), (33, 21), (21, 38), (38, 21), (23, 27), (27, 23), (23, 29), (29, 23), (23, 37), (37, 23), (23, 38), (38, 23), (25, 29), (29, 25), (26, 29), (29, 26), (26, 32), (32, 26), (26, 33), (33, 26), (26, 34), (34, 26), (27, 32), (32, 27), (28, 35), (35, 28), (28, 37), (37, 28), (28, 38), (38, 28), (29, 30), (30, 29), (30, 32), (32, 30), (30, 34), (34, 30), (30, 38), (38, 30), (31, 32), (32, 31), (31, 33), (33, 31), (32, 36), (36, 32), (32, 40), (40, 32), (34, 38), (38, 34), (34, 39), (39, 34)]
Z_dad = [32, 33, 34]
Y_dad = [23]
X_dad = [8, 14, 24]
Z_da-ad = [14, 32, 33]
Y_da-ad = [13]
X_da-ad = [6, 8, 34]
