no              #fail
49.067          #totTm
0.288           #lastADTm
8               #itDAD
1.429           #avItADGoal
7               #itADOpt
9               #opt
8               #optDA-AD
0.687           #tmDA
11.1            #relGain

V = [1, 2, 3, 4, 5, 6, 7, 8, 9, 10, 11, 12, 13, 14, 15, 16, 17, 18, 19, 20, 21, 22, 23, 24, 25, 26, 27, 28, 29, 30, 31, 32, 33, 34, 35, 36, 37, 38, 39, 40]
A = [(1, 11), (11, 1), (1, 28), (28, 1), (1, 30), (30, 1), (2, 11), (11, 2), (2, 13), (13, 2), (2, 14), (14, 2), (2, 24), (24, 2), (2, 26), (26, 2), (2, 40), (40, 2), (3, 5), (5, 3), (3, 6), (6, 3), (3, 18), (18, 3), (3, 19), (19, 3), (3, 22), (22, 3), (3, 23), (23, 3), (4, 8), (8, 4), (4, 12), (12, 4), (4, 29), (29, 4), (4, 31), (31, 4), (4, 34), (34, 4), (5, 7), (7, 5), (5, 14), (14, 5), (5, 19), (19, 5), (5, 20), (20, 5), (5, 22), (22, 5), (5, 24), (24, 5), (5, 29), (29, 5), (6, 7), (7, 6), (6, 13), (13, 6), (6, 22), (22, 6), (6, 27), (27, 6), (6, 36), (36, 6), (7, 16), (16, 7), (7, 26), (26, 7), (7, 36), (36, 7), (7, 38), (38, 7), (7, 39), (39, 7), (8, 13), (13, 8), (8, 17), (17, 8), (8, 22), (22, 8), (8, 24), (24, 8), (8, 26), (26, 8), (8, 32), (32, 8), (9, 10), (10, 9), (9, 27), (27, 9), (9, 32), (32, 9), (9, 34), (34, 9), (10, 13), (13, 10), (10, 22), (22, 10), (10, 24), (24, 10), (10, 36), (36, 10), (10, 39), (39, 10), (11, 18), (18, 11), (11, 33), (33, 11), (11, 37), (37, 11), (11, 39), (39, 11), (12, 19), (19, 12), (12, 22), (22, 12), (12, 31), (31, 12), (12, 34), (34, 12), (12, 36), (36, 12), (13, 18), (18, 13), (13, 24), (24, 13), (13, 29), (29, 13), (13, 31), (31, 13), (14, 16), (16, 14), (14, 28), (28, 14), (15, 20), (20, 15), (15, 21), (21, 15), (15, 24), (24, 15), (15, 35), (35, 15), (16, 19), (19, 16), (16, 22), (22, 16), (16, 23), (23, 16), (16, 34), (34, 16), (16, 36), (36, 16), (16, 37), (37, 16), (16, 39), (39, 16), (17, 22), (22, 17), (17, 25), (25, 17), (17, 32), (32, 17), (17, 40), (40, 17), (18, 24), (24, 18), (18, 32), (32, 18), (18, 40), (40, 18), (19, 32), (32, 19), (19, 33), (33, 19), (19, 35), (35, 19), (20, 21), (21, 20), (20, 31), (31, 20), (20, 39), (39, 20), (21, 22), (22, 21), (21, 27), (27, 21), (21, 38), (38, 21), (21, 40), (40, 21), (22, 30), (30, 22), (23, 35), (35, 23), (23, 36), (36, 23), (24, 27), (27, 24), (25, 34), (34, 25), (25, 35), (35, 25), (25, 37), (37, 25), (26, 28), (28, 26), (29, 30), (30, 29), (29, 32), (32, 29), (29, 40), (40, 29), (30, 33), (33, 30), (30, 39), (39, 30), (31, 33), (33, 31), (31, 36), (36, 31), (32, 34), (34, 32), (32, 38), (38, 32), (33, 34), (34, 33), (33, 35), (35, 33), (33, 38), (38, 33), (34, 36), (36, 34), (38, 39), (39, 38)]
Z_dad = [2, 5, 16]
Y_dad = [22]
X_dad = [1, 7, 8]
Z_da-ad = [11, 28, 30]
Y_da-ad = [25]
X_da-ad = [2, 5, 16]
