no              #fail
2.938           #totTm
0.247           #lastADTm
6               #itDAD
1.200           #avItADGoal
6               #itADOpt
10              #opt
10              #optDA-AD
0.48            #tmDA
0.0             #relGain

V = [1, 2, 3, 4, 5, 6, 7, 8, 9, 10, 11, 12, 13, 14, 15, 16, 17, 18, 19, 20, 21, 22, 23, 24, 25, 26, 27, 28, 29, 30, 31, 32, 33, 34, 35, 36, 37, 38, 39, 40]
A = [(1, 6), (6, 1), (1, 9), (9, 1), (1, 11), (11, 1), (1, 15), (15, 1), (1, 26), (26, 1), (1, 35), (35, 1), (1, 36), (36, 1), (2, 7), (7, 2), (2, 21), (21, 2), (2, 24), (24, 2), (2, 27), (27, 2), (2, 29), (29, 2), (2, 32), (32, 2), (3, 5), (5, 3), (3, 13), (13, 3), (3, 15), (15, 3), (3, 17), (17, 3), (3, 19), (19, 3), (3, 21), (21, 3), (3, 22), (22, 3), (3, 23), (23, 3), (3, 26), (26, 3), (3, 33), (33, 3), (4, 7), (7, 4), (4, 9), (9, 4), (4, 18), (18, 4), (4, 28), (28, 4), (4, 31), (31, 4), (4, 38), (38, 4), (5, 9), (9, 5), (5, 11), (11, 5), (5, 25), (25, 5), (5, 33), (33, 5), (5, 37), (37, 5), (5, 39), (39, 5), (6, 11), (11, 6), (6, 19), (19, 6), (6, 22), (22, 6), (6, 33), (33, 6), (6, 35), (35, 6), (7, 21), (21, 7), (7, 29), (29, 7), (7, 36), (36, 7), (7, 39), (39, 7), (8, 33), (33, 8), (8, 37), (37, 8), (9, 16), (16, 9), (9, 17), (17, 9), (9, 20), (20, 9), (9, 21), (21, 9), (9, 23), (23, 9), (9, 27), (27, 9), (9, 31), (31, 9), (9, 33), (33, 9), (9, 37), (37, 9), (9, 38), (38, 9), (10, 11), (11, 10), (10, 21), (21, 10), (10, 26), (26, 10), (10, 32), (32, 10), (10, 36), (36, 10), (11, 12), (12, 11), (11, 17), (17, 11), (11, 20), (20, 11), (11, 26), (26, 11), (11, 38), (38, 11), (11, 39), (39, 11), (12, 24), (24, 12), (12, 38), (38, 12), (13, 14), (14, 13), (14, 15), (15, 14), (14, 18), (18, 14), (14, 21), (21, 14), (14, 22), (22, 14), (14, 26), (26, 14), (14, 28), (28, 14), (14, 30), (30, 14), (14, 40), (40, 14), (15, 27), (27, 15), (15, 29), (29, 15), (15, 35), (35, 15), (15, 36), (36, 15), (16, 17), (17, 16), (16, 21), (21, 16), (16, 25), (25, 16), (16, 29), (29, 16), (16, 32), (32, 16), (16, 38), (38, 16), (17, 27), (27, 17), (17, 31), (31, 17), (17, 37), (37, 17), (18, 22), (22, 18), (18, 35), (35, 18), (19, 29), (29, 19), (19, 39), (39, 19), (20, 28), (28, 20), (20, 31), (31, 20), (20, 33), (33, 20), (21, 23), (23, 21), (21, 33), (33, 21), (22, 26), (26, 22), (22, 27), (27, 22), (22, 28), (28, 22), (22, 36), (36, 22), (22, 39), (39, 22), (24, 36), (36, 24), (26, 29), (29, 26), (26, 32), (32, 26), (27, 30), (30, 27), (27, 31), (31, 27), (27, 34), (34, 27), (28, 35), (35, 28), (28, 39), (39, 28), (29, 39), (39, 29), (32, 34), (34, 32), (33, 40), (40, 33), (36, 40), (40, 36)]
Z_dad = [14, 27, 32]
Y_dad = [9]
X_dad = [3, 33, 36]
Z_da-ad = [14, 27, 32]
Y_da-ad = [36]
X_da-ad = [3, 33, 37]
