no              #fail
62.547          #totTm
0.166           #lastADTm
9               #itDAD
1.750           #avItADGoal
3               #itADOpt
8               #opt
8               #optDA-AD
0.581           #tmDA
0.0             #relGain

V = [1, 2, 3, 4, 5, 6, 7, 8, 9, 10, 11, 12, 13, 14, 15, 16, 17, 18, 19, 20, 21, 22, 23, 24, 25, 26, 27, 28, 29, 30, 31, 32, 33, 34, 35, 36, 37, 38, 39, 40]
A = [(1, 3), (3, 1), (1, 14), (14, 1), (1, 17), (17, 1), (1, 28), (28, 1), (2, 6), (6, 2), (2, 9), (9, 2), (2, 11), (11, 2), (2, 18), (18, 2), (2, 19), (19, 2), (2, 20), (20, 2), (2, 23), (23, 2), (3, 5), (5, 3), (3, 24), (24, 3), (3, 36), (36, 3), (3, 38), (38, 3), (4, 6), (6, 4), (4, 10), (10, 4), (4, 11), (11, 4), (4, 18), (18, 4), (4, 21), (21, 4), (4, 26), (26, 4), (4, 30), (30, 4), (4, 32), (32, 4), (4, 35), (35, 4), (5, 10), (10, 5), (5, 13), (13, 5), (5, 15), (15, 5), (5, 23), (23, 5), (5, 25), (25, 5), (5, 29), (29, 5), (5, 32), (32, 5), (5, 34), (34, 5), (5, 39), (39, 5), (6, 8), (8, 6), (6, 17), (17, 6), (6, 22), (22, 6), (6, 24), (24, 6), (6, 32), (32, 6), (6, 38), (38, 6), (6, 40), (40, 6), (7, 23), (23, 7), (7, 26), (26, 7), (7, 28), (28, 7), (7, 31), (31, 7), (7, 33), (33, 7), (7, 38), (38, 7), (8, 16), (16, 8), (8, 20), (20, 8), (8, 21), (21, 8), (8, 24), (24, 8), (8, 27), (27, 8), (8, 34), (34, 8), (9, 14), (14, 9), (9, 19), (19, 9), (9, 28), (28, 9), (9, 32), (32, 9), (9, 39), (39, 9), (10, 19), (19, 10), (10, 39), (39, 10), (11, 32), (32, 11), (11, 40), (40, 11), (12, 19), (19, 12), (12, 22), (22, 12), (12, 27), (27, 12), (13, 18), (18, 13), (13, 36), (36, 13), (14, 16), (16, 14), (14, 22), (22, 14), (14, 24), (24, 14), (15, 27), (27, 15), (15, 29), (29, 15), (15, 33), (33, 15), (15, 36), (36, 15), (16, 27), (27, 16), (16, 28), (28, 16), (16, 39), (39, 16), (17, 28), (28, 17), (17, 34), (34, 17), (18, 28), (28, 18), (18, 30), (30, 18), (18, 32), (32, 18), (19, 20), (20, 19), (19, 22), (22, 19), (19, 27), (27, 19), (19, 31), (31, 19), (19, 40), (40, 19), (20, 21), (21, 20), (20, 22), (22, 20), (20, 26), (26, 20), (20, 28), (28, 20), (20, 30), (30, 20), (21, 38), (38, 21), (22, 32), (32, 22), (23, 25), (25, 23), (23, 28), (28, 23), (23, 40), (40, 23), (24, 36), (36, 24), (24, 37), (37, 24), (24, 39), (39, 24), (25, 28), (28, 25), (25, 30), (30, 25), (26, 31), (31, 26), (26, 37), (37, 26), (28, 32), (32, 28), (29, 32), (32, 29), (29, 34), (34, 29), (30, 34), (34, 30), (31, 34), (34, 31), (31, 40), (40, 31), (32, 36), (36, 32), (33, 36), (36, 33), (33, 40), (40, 33), (34, 35), (35, 34), (34, 38), (38, 34), (35, 38), (38, 35), (36, 38), (38, 36), (38, 39), (39, 38)]
Z_dad = [28, 34, 38]
Y_dad = [32]
X_dad = [3, 6, 14]
Z_da-ad = [4, 34, 38]
Y_da-ad = [8]
X_da-ad = [1, 6, 28]
