no              #fail
42.507          #totTm
42.295          #lastADTm
6               #itDAD
1.000           #avItADGoal
635             #itADOpt
16              #opt
16              #optDA-AD
2.651           #tmDA
0.0             #relGain

V = [1, 2, 3, 4, 5, 6, 7, 8, 9, 10, 11, 12, 13, 14, 15, 16, 17, 18, 19, 20]
A = [(2, 1), (1, 2), (3, 1), (1, 3), (4, 3), (3, 4), (5, 3), (3, 5), (6, 4), (4, 6), (7, 5), (5, 7), (8, 5), (5, 8), (9, 3), (3, 9), (10, 1), (1, 10), (11, 9), (9, 11), (12, 2), (2, 12), (13, 5), (5, 13), (14, 4), (4, 14), (15, 1), (1, 15), (16, 7), (7, 16), (17, 4), (4, 17), (18, 6), (6, 18), (19, 13), (13, 19), (20, 8), (8, 20)]
Z_dad = [1, 4, 5]
Y_dad = [8, 9, 19]
X_dad = [3, 11, 13]
Z_da-ad = [1, 4, 5]
Y_da-ad = [8, 9, 19]
X_da-ad = [3, 11, 13]
