no              #fail
26.981          #totTm
25.324          #lastADTm
18              #itDAD
1.000           #avItADGoal
336             #itADOpt
14              #opt
14              #optDA-AD
0.977           #tmDA
0.0             #relGain

V = [1, 2, 3, 4, 5, 6, 7, 8, 9, 10, 11, 12, 13, 14, 15, 16, 17, 18, 19, 20]
A = [(2, 1), (1, 2), (3, 2), (2, 3), (4, 1), (1, 4), (5, 3), (3, 5), (6, 5), (5, 6), (7, 4), (4, 7), (8, 5), (5, 8), (9, 2), (2, 9), (10, 6), (6, 10), (11, 7), (7, 11), (12, 8), (8, 12), (13, 10), (10, 13), (14, 13), (13, 14), (15, 1), (1, 15), (16, 12), (12, 16), (17, 6), (6, 17), (18, 14), (14, 18), (19, 17), (17, 19), (20, 10), (10, 20)]
Z_dad = [2, 4, 6]
Y_dad = [8, 13, 15]
X_dad = [5, 10, 12]
Z_da-ad = [1, 5, 10]
Y_da-ad = [2, 12, 17]
X_da-ad = [3, 6, 8]
