no              #fail
42.412          #totTm
41.043          #lastADTm
16              #itDAD
1.000           #avItADGoal
452             #itADOpt
14              #opt
14              #optDA-AD
0.920           #tmDA
0.0             #relGain

V = [1, 2, 3, 4, 5, 6, 7, 8, 9, 10, 11, 12, 13, 14, 15, 16, 17, 18, 19, 20]
A = [(2, 1), (1, 2), (3, 1), (1, 3), (4, 2), (2, 4), (5, 3), (3, 5), (6, 2), (2, 6), (7, 5), (5, 7), (8, 6), (6, 8), (9, 1), (1, 9), (10, 7), (7, 10), (11, 3), (3, 11), (12, 7), (7, 12), (13, 10), (10, 13), (14, 4), (4, 14), (15, 6), (6, 15), (16, 9), (9, 16), (17, 12), (12, 17), (18, 14), (14, 18), (19, 10), (10, 19), (20, 15), (15, 20)]
Z_dad = [3, 6, 7]
Y_dad = [9, 10, 14]
X_dad = [1, 4, 13]
Z_da-ad = [2, 3, 7]
Y_da-ad = [9, 10, 14]
X_da-ad = [1, 4, 13]
