no              #fail
43.680          #totTm
43.080          #lastADTm
11              #itDAD
1.000           #avItADGoal
570             #itADOpt
15              #opt
15              #optDA-AD
2.090           #tmDA
0.0             #relGain

V = [1, 2, 3, 4, 5, 6, 7, 8, 9, 10, 11, 12, 13, 14, 15, 16, 17, 18, 19, 20]
A = [(2, 1), (1, 2), (3, 1), (1, 3), (4, 2), (2, 4), (5, 3), (3, 5), (6, 1), (1, 6), (7, 6), (6, 7), (8, 5), (5, 8), (9, 3), (3, 9), (10, 7), (7, 10), (11, 9), (9, 11), (12, 3), (3, 12), (13, 12), (12, 13), (14, 2), (2, 14), (15, 12), (12, 15), (16, 6), (6, 16), (17, 3), (3, 17), (18, 1), (1, 18), (19, 9), (9, 19), (20, 17), (17, 20)]
Z_dad = [2, 3, 6]
Y_dad = [7, 9, 12]
X_dad = [10, 11, 13]
Z_da-ad = [2, 3, 6]
Y_da-ad = [7, 9, 12]
X_da-ad = [10, 11, 13]
