no              #fail
33.477          #totTm
32.671          #lastADTm
13              #itDAD
1.000           #avItADGoal
502             #itADOpt
14              #opt
14              #optDA-AD
2.607           #tmDA
0.0             #relGain

V = [1, 2, 3, 4, 5, 6, 7, 8, 9, 10, 11, 12, 13, 14, 15, 16, 17, 18, 19, 20]
A = [(2, 1), (1, 2), (3, 2), (2, 3), (4, 3), (3, 4), (5, 2), (2, 5), (6, 3), (3, 6), (7, 6), (6, 7), (8, 2), (2, 8), (9, 6), (6, 9), (10, 3), (3, 10), (11, 6), (6, 11), (12, 6), (6, 12), (13, 5), (5, 13), (14, 11), (11, 14), (15, 7), (7, 15), (16, 14), (14, 16), (17, 10), (10, 17), (18, 3), (3, 18), (19, 7), (7, 19), (20, 17), (17, 20)]
Z_dad = [2, 6, 7]
Y_dad = [3, 5, 14]
X_dad = [4, 10, 11]
Z_da-ad = [2, 3, 6]
Y_da-ad = [7, 14, 17]
X_da-ad = [10, 11, 20]
