no              #fail
40.329          #totTm
39.831          #lastADTm
10              #itDAD
1.000           #avItADGoal
592             #itADOpt
15              #opt
14              #optDA-AD
2.305           #tmDA
6.7             #relGain

V = [1, 2, 3, 4, 5, 6, 7, 8, 9, 10, 11, 12, 13, 14, 15, 16, 17, 18, 19, 20]
A = [(2, 1), (1, 2), (3, 2), (2, 3), (4, 3), (3, 4), (5, 2), (2, 5), (6, 1), (1, 6), (7, 1), (1, 7), (8, 3), (3, 8), (9, 2), (2, 9), (10, 3), (3, 10), (11, 7), (7, 11), (12, 7), (7, 12), (13, 3), (3, 13), (14, 5), (5, 14), (15, 10), (10, 15), (16, 1), (1, 16), (17, 6), (6, 17), (18, 17), (17, 18), (19, 5), (5, 19), (20, 7), (7, 20)]
Z_dad = [3, 5, 7]
Y_dad = [1, 10, 17]
X_dad = [2, 6, 15]
Z_da-ad = [1, 3, 5]
Y_da-ad = [7, 10, 17]
X_da-ad = [6, 11, 20]
