no              #fail
2.198           #totTm
1.415           #lastADTm
6               #itDAD
1.000           #avItADGoal
30              #itADOpt
35              #opt
33              #optDA-AD
0.609           #tmDA
5.7             #relGain

V = [1, 2, 3, 4, 5, 6, 7, 8, 9, 10, 11, 12, 13, 14, 15, 16, 17, 18, 19, 20, 21, 22, 23, 24, 25, 26, 27, 28, 29, 30, 31, 32, 33, 34, 35, 36, 37, 38, 39, 40]
A = [(1, 5), (5, 1), (1, 7), (7, 1), (1, 8), (8, 1), (1, 12), (12, 1), (1, 15), (15, 1), (1, 37), (37, 1), (2, 17), (17, 2), (2, 26), (26, 2), (3, 22), (22, 3), (6, 13), (13, 6), (6, 37), (37, 6), (7, 26), (26, 7), (7, 34), (34, 7), (8, 11), (11, 8), (8, 23), (23, 8), (8, 38), (38, 8), (9, 33), (33, 9), (10, 15), (15, 10), (10, 21), (21, 10), (10, 25), (25, 10), (10, 27), (27, 10), (10, 34), (34, 10), (11, 16), (16, 11), (12, 15), (15, 12), (12, 33), (33, 12), (12, 36), (36, 12), (13, 18), (18, 13), (14, 22), (22, 14), (14, 35), (35, 14), (14, 39), (39, 14), (15, 21), (21, 15), (16, 24), (24, 16), (16, 37), (37, 16), (17, 27), (27, 17), (18, 22), (22, 18), (18, 28), (28, 18), (18, 32), (32, 18), (18, 35), (35, 18), (19, 22), (22, 19), (19, 29), (29, 19), (20, 33), (33, 20), (22, 29), (29, 22), (22, 30), (30, 22), (22, 38), (38, 22), (25, 31), (31, 25), (25, 37), (37, 25), (29, 36), (36, 29), (30, 32), (32, 30), (31, 33), (33, 31), (31, 38), (38, 31), (33, 37), (37, 33), (34, 38), (38, 34), (35, 38), (38, 35), (36, 39), (39, 36)]
Z_dad = [1, 25, 38]
Y_dad = [22]
X_dad = [14, 18, 29]
Z_da-ad = [12, 37, 38]
Y_da-ad = [10]
X_da-ad = [7, 15, 25]
