no              #fail
1.795           #totTm
1.114           #lastADTm
6               #itDAD
1.000           #avItADGoal
28              #itADOpt
36              #opt
25              #optDA-AD
0.522           #tmDA
30.6            #relGain

V = [1, 2, 3, 4, 5, 6, 7, 8, 9, 10, 11, 12, 13, 14, 15, 16, 17, 18, 19, 20, 21, 22, 23, 24, 25, 26, 27, 28, 29, 30, 31, 32, 33, 34, 35, 36, 37, 38, 39, 40]
A = [(1, 24), (24, 1), (2, 9), (9, 2), (2, 37), (37, 2), (3, 5), (5, 3), (3, 10), (10, 3), (3, 20), (20, 3), (3, 21), (21, 3), (3, 29), (29, 3), (3, 31), (31, 3), (4, 22), (22, 4), (4, 26), (26, 4), (5, 25), (25, 5), (5, 33), (33, 5), (6, 8), (8, 6), (6, 18), (18, 6), (6, 29), (29, 6), (7, 8), (8, 7), (7, 13), (13, 7), (7, 35), (35, 7), (8, 26), (26, 8), (8, 32), (32, 8), (8, 34), (34, 8), (9, 11), (11, 9), (9, 14), (14, 9), (9, 22), (22, 9), (9, 39), (39, 9), (10, 29), (29, 10), (10, 40), (40, 10), (11, 12), (12, 11), (11, 26), (26, 11), (11, 29), (29, 11), (11, 40), (40, 11), (12, 18), (18, 12), (12, 32), (32, 12), (13, 23), (23, 13), (14, 39), (39, 14), (16, 30), (30, 16), (16, 39), (39, 16), (16, 40), (40, 16), (17, 32), (32, 17), (18, 35), (35, 18), (18, 36), (36, 18), (20, 40), (40, 20), (21, 28), (28, 21), (21, 32), (32, 21), (23, 24), (24, 23), (24, 35), (35, 24), (26, 33), (33, 26), (26, 36), (36, 26), (26, 37), (37, 26), (28, 40), (40, 28), (30, 36), (36, 30), (31, 39), (39, 31), (34, 38), (38, 34)]
Z_dad = [26, 39, 40]
Y_dad = [3]
X_dad = [5, 21, 29]
Z_da-ad = [5, 8, 18]
Y_da-ad = [11]
X_da-ad = [9, 16, 26]
