no              #fail
3.116           #totTm
1.230           #lastADTm
9               #itDAD
1.000           #avItADGoal
30              #itADOpt
35              #opt
25              #optDA-AD
0.923           #tmDA
28.6            #relGain

V = [1, 2, 3, 4, 5, 6, 7, 8, 9, 10, 11, 12, 13, 14, 15, 16, 17, 18, 19, 20, 21, 22, 23, 24, 25, 26, 27, 28, 29, 30, 31, 32, 33, 34, 35, 36, 37, 38, 39, 40]
A = [(1, 11), (11, 1), (1, 26), (26, 1), (2, 8), (8, 2), (2, 13), (13, 2), (2, 20), (20, 2), (3, 9), (9, 3), (3, 33), (33, 3), (3, 38), (38, 3), (4, 9), (9, 4), (4, 23), (23, 4), (5, 32), (32, 5), (5, 36), (36, 5), (6, 32), (32, 6), (8, 24), (24, 8), (9, 26), (26, 9), (9, 27), (27, 9), (9, 35), (35, 9), (10, 16), (16, 10), (10, 29), (29, 10), (10, 35), (35, 10), (11, 20), (20, 11), (11, 32), (32, 11), (11, 36), (36, 11), (11, 39), (39, 11), (12, 35), (35, 12), (13, 14), (14, 13), (13, 17), (17, 13), (13, 21), (21, 13), (14, 18), (18, 14), (14, 19), (19, 14), (14, 31), (31, 14), (15, 32), (32, 15), (17, 20), (20, 17), (17, 21), (21, 17), (17, 23), (23, 17), (17, 33), (33, 17), (18, 27), (27, 18), (18, 30), (30, 18), (19, 22), (22, 19), (20, 31), (31, 20), (22, 23), (23, 22), (22, 32), (32, 22), (23, 34), (34, 23), (23, 38), (38, 23), (24, 30), (30, 24), (24, 36), (36, 24), (26, 27), (27, 26), (29, 34), (34, 29), (29, 40), (40, 29), (30, 39), (39, 30), (32, 33), (33, 32), (34, 35), (35, 34), (35, 37), (37, 35), (35, 39), (39, 35)]
Z_dad = [9, 20, 32]
Y_dad = [23]
X_dad = [17, 22, 34]
Z_da-ad = [23, 32, 35]
Y_da-ad = [11]
X_da-ad = [1, 17, 18]
