no              #fail
1.539           #totTm
1.126           #lastADTm
5               #itDAD
1.000           #avItADGoal
28              #itADOpt
34              #opt
24              #optDA-AD
0.453           #tmDA
29.4            #relGain

V = [1, 2, 3, 4, 5, 6, 7, 8, 9, 10, 11, 12, 13, 14, 15, 16, 17, 18, 19, 20, 21, 22, 23, 24, 25, 26, 27, 28, 29, 30, 31, 32, 33, 34, 35, 36, 37, 38, 39, 40]
A = [(1, 6), (6, 1), (1, 14), (14, 1), (1, 21), (21, 1), (1, 24), (24, 1), (1, 33), (33, 1), (1, 35), (35, 1), (2, 3), (3, 2), (2, 11), (11, 2), (2, 15), (15, 2), (2, 36), (36, 2), (2, 37), (37, 2), (2, 38), (38, 2), (3, 7), (7, 3), (4, 30), (30, 4), (5, 10), (10, 5), (5, 21), (21, 5), (5, 26), (26, 5), (5, 34), (34, 5), (6, 21), (21, 6), (6, 25), (25, 6), (6, 28), (28, 6), (7, 10), (10, 7), (7, 22), (22, 7), (7, 27), (27, 7), (7, 30), (30, 7), (9, 10), (10, 9), (9, 14), (14, 9), (10, 13), (13, 10), (10, 17), (17, 10), (10, 21), (21, 10), (11, 24), (24, 11), (11, 27), (27, 11), (13, 15), (15, 13), (13, 31), (31, 13), (13, 35), (35, 13), (14, 24), (24, 14), (16, 22), (22, 16), (16, 29), (29, 16), (17, 26), (26, 17), (17, 27), (27, 17), (17, 29), (29, 17), (17, 39), (39, 17), (18, 31), (31, 18), (19, 25), (25, 19), (19, 27), (27, 19), (20, 22), (22, 20), (21, 39), (39, 21), (23, 39), (39, 23), (28, 33), (33, 28), (28, 34), (34, 28), (30, 36), (36, 30), (31, 34), (34, 31), (32, 35), (35, 32), (38, 39), (39, 38)]
Z_dad = [1, 7, 10]
Y_dad = [2]
X_dad = [11, 15, 38]
Z_da-ad = [2, 7, 17]
Y_da-ad = [6]
X_da-ad = [1, 13, 21]
