no              #fail
2.192           #totTm
1.687           #lastADTm
5               #itDAD
1.000           #avItADGoal
33              #itADOpt
38              #opt
23              #optDA-AD
0.524           #tmDA
39.5            #relGain

V = [1, 2, 3, 4, 5, 6, 7, 8, 9, 10, 11, 12, 13, 14, 15, 16, 17, 18, 19, 20, 21, 22, 23, 24, 25, 26, 27, 28, 29, 30, 31, 32, 33, 34, 35, 36, 37, 38, 39, 40]
A = [(1, 15), (15, 1), (1, 20), (20, 1), (1, 28), (28, 1), (2, 11), (11, 2), (2, 20), (20, 2), (2, 39), (39, 2), (3, 9), (9, 3), (3, 10), (10, 3), (3, 14), (14, 3), (3, 23), (23, 3), (4, 8), (8, 4), (4, 40), (40, 4), (5, 9), (9, 5), (5, 11), (11, 5), (5, 25), (25, 5), (6, 7), (7, 6), (6, 14), (14, 6), (6, 19), (19, 6), (7, 9), (9, 7), (7, 21), (21, 7), (7, 27), (27, 7), (7, 28), (28, 7), (7, 34), (34, 7), (8, 12), (12, 8), (8, 17), (17, 8), (8, 25), (25, 8), (8, 40), (40, 8), (9, 11), (11, 9), (10, 23), (23, 10), (10, 34), (34, 10), (11, 15), (15, 11), (13, 36), (36, 13), (14, 27), (27, 14), (14, 33), (33, 14), (15, 39), (39, 15), (16, 18), (18, 16), (16, 32), (32, 16), (16, 33), (33, 16), (17, 32), (32, 17), (17, 40), (40, 17), (19, 24), (24, 19), (19, 28), (28, 19), (20, 34), (34, 20), (21, 25), (25, 21), (21, 38), (38, 21), (22, 33), (33, 22), (23, 40), (40, 23), (26, 36), (36, 26), (26, 40), (40, 26), (28, 31), (31, 28), (28, 40), (40, 28), (32, 39), (39, 32), (33, 35), (35, 33), (37, 39), (39, 37)]
Z_dad = [7, 11, 40]
Y_dad = [8]
X_dad = [4, 17, 25]
Z_da-ad = [14, 32, 40]
Y_da-ad = [7]
X_da-ad = [9, 11, 21]
