no              #fail
2.672           #totTm
1.408           #lastADTm
8               #itDAD
1.000           #avItADGoal
28              #itADOpt
37              #opt
23              #optDA-AD
0.518           #tmDA
37.8            #relGain

V = [1, 2, 3, 4, 5, 6, 7, 8, 9, 10, 11, 12, 13, 14, 15, 16, 17, 18, 19, 20, 21, 22, 23, 24, 25, 26, 27, 28, 29, 30, 31, 32, 33, 34, 35, 36, 37, 38, 39, 40]
A = [(1, 2), (2, 1), (1, 5), (5, 1), (2, 27), (27, 2), (2, 37), (37, 2), (3, 17), (17, 3), (4, 29), (29, 4), (4, 31), (31, 4), (5, 11), (11, 5), (5, 26), (26, 5), (5, 27), (27, 5), (5, 34), (34, 5), (7, 14), (14, 7), (7, 29), (29, 7), (9, 11), (11, 9), (9, 26), (26, 9), (9, 35), (35, 9), (10, 18), (18, 10), (11, 13), (13, 11), (12, 21), (21, 12), (13, 18), (18, 13), (13, 21), (21, 13), (13, 38), (38, 13), (14, 34), (34, 14), (14, 37), (37, 14), (14, 38), (38, 14), (15, 18), (18, 15), (15, 24), (24, 15), (15, 37), (37, 15), (15, 38), (38, 15), (16, 28), (28, 16), (16, 34), (34, 16), (17, 20), (20, 17), (17, 22), (22, 17), (17, 24), (24, 17), (18, 34), (34, 18), (19, 20), (20, 19), (21, 28), (28, 21), (21, 35), (35, 21), (21, 36), (36, 21), (22, 31), (31, 22), (22, 32), (32, 22), (22, 33), (33, 22), (23, 34), (34, 23), (23, 37), (37, 23), (24, 40), (40, 24), (26, 30), (30, 26), (27, 40), (40, 27), (28, 29), (29, 28), (28, 38), (38, 28), (29, 39), (39, 29), (29, 40), (40, 29), (30, 33), (33, 30), (31, 36), (36, 31), (35, 36), (36, 35)]
Z_dad = [13, 34, 40]
Y_dad = [15]
X_dad = [24, 37, 38]
Z_da-ad = [24, 26, 31]
Y_da-ad = [13]
X_da-ad = [5, 29, 37]
