no              #fail
1.536           #totTm
1.095           #lastADTm
5               #itDAD
1.000           #avItADGoal
29              #itADOpt
32              #opt
29              #optDA-AD
0.792           #tmDA
9.4             #relGain

V = [1, 2, 3, 4, 5, 6, 7, 8, 9, 10, 11, 12, 13, 14, 15, 16, 17, 18, 19, 20, 21, 22, 23, 24, 25, 26, 27, 28, 29, 30, 31, 32, 33, 34, 35, 36, 37, 38, 39, 40]
A = [(2, 8), (8, 2), (2, 11), (11, 2), (2, 24), (24, 2), (2, 39), (39, 2), (3, 15), (15, 3), (3, 17), (17, 3), (3, 28), (28, 3), (4, 5), (5, 4), (4, 6), (6, 4), (4, 21), (21, 4), (4, 22), (22, 4), (4, 33), (33, 4), (5, 12), (12, 5), (5, 25), (25, 5), (5, 27), (27, 5), (5, 34), (34, 5), (6, 20), (20, 6), (6, 32), (32, 6), (6, 33), (33, 6), (6, 40), (40, 6), (7, 33), (33, 7), (9, 20), (20, 9), (9, 25), (25, 9), (10, 31), (31, 10), (11, 18), (18, 11), (11, 19), (19, 11), (11, 21), (21, 11), (11, 29), (29, 11), (12, 16), (16, 12), (16, 23), (23, 16), (17, 33), (33, 17), (19, 21), (21, 19), (20, 23), (23, 20), (20, 24), (24, 20), (20, 29), (29, 20), (20, 34), (34, 20), (21, 24), (24, 21), (21, 29), (29, 21), (21, 30), (30, 21), (21, 33), (33, 21), (21, 36), (36, 21), (21, 39), (39, 21), (21, 40), (40, 21), (22, 38), (38, 22), (24, 33), (33, 24), (24, 39), (39, 24), (25, 29), (29, 25), (27, 37), (37, 27), (28, 34), (34, 28), (29, 36), (36, 29), (31, 33), (33, 31), (31, 37), (37, 31), (32, 39), (39, 32), (33, 36), (36, 33)]
Z_dad = [20, 21, 33]
Y_dad = [5]
X_dad = [4, 25, 34]
Z_da-ad = [5, 20, 33]
Y_da-ad = [21]
X_da-ad = [2, 4, 29]
