no              #fail
2.459           #totTm
1.846           #lastADTm
6               #itDAD
1.000           #avItADGoal
34              #itADOpt
37              #opt
35              #optDA-AD
0.477           #tmDA
5.4             #relGain

V = [1, 2, 3, 4, 5, 6, 7, 8, 9, 10, 11, 12, 13, 14, 15, 16, 17, 18, 19, 20, 21, 22, 23, 24, 25, 26, 27, 28, 29, 30, 31, 32, 33, 34, 35, 36, 37, 38, 39, 40]
A = [(1, 20), (20, 1), (1, 24), (24, 1), (1, 26), (26, 1), (2, 17), (17, 2), (2, 30), (30, 2), (3, 10), (10, 3), (3, 25), (25, 3), (3, 27), (27, 3), (4, 9), (9, 4), (5, 38), (38, 5), (6, 8), (8, 6), (6, 9), (9, 6), (7, 20), (20, 7), (7, 22), (22, 7), (7, 39), (39, 7), (8, 21), (21, 8), (8, 28), (28, 8), (8, 29), (29, 8), (8, 39), (39, 8), (9, 18), (18, 9), (9, 27), (27, 9), (9, 28), (28, 9), (10, 13), (13, 10), (10, 30), (30, 10), (10, 36), (36, 10), (10, 38), (38, 10), (11, 13), (13, 11), (11, 21), (21, 11), (11, 32), (32, 11), (12, 13), (13, 12), (12, 14), (14, 12), (14, 21), (21, 14), (15, 16), (16, 15), (15, 21), (21, 15), (15, 31), (31, 15), (16, 23), (23, 16), (16, 36), (36, 16), (17, 28), (28, 17), (17, 29), (29, 17), (17, 40), (40, 17), (18, 27), (27, 18), (19, 38), (38, 19), (20, 39), (39, 20), (21, 34), (34, 21), (21, 35), (35, 21), (22, 24), (24, 22), (23, 37), (37, 23), (28, 29), (29, 28), (28, 31), (31, 28), (30, 38), (38, 30), (31, 33), (33, 31), (31, 35), (35, 31), (34, 40), (40, 34), (35, 39), (39, 35)]
Z_dad = [8, 10, 21]
Y_dad = [9]
X_dad = [4, 27, 28]
Z_da-ad = [10, 17, 21]
Y_da-ad = [39]
X_da-ad = [1, 8, 35]
