no              #fail
2.138           #totTm
1.524           #lastADTm
6               #itDAD
1.000           #avItADGoal
32              #itADOpt
37              #opt
29              #optDA-AD
0.472           #tmDA
21.6            #relGain

V = [1, 2, 3, 4, 5, 6, 7, 8, 9, 10, 11, 12, 13, 14, 15, 16, 17, 18, 19, 20, 21, 22, 23, 24, 25, 26, 27, 28, 29, 30, 31, 32, 33, 34, 35, 36, 37, 38, 39, 40]
A = [(1, 36), (36, 1), (2, 34), (34, 2), (2, 38), (38, 2), (3, 25), (25, 3), (3, 27), (27, 3), (4, 29), (29, 4), (5, 19), (19, 5), (5, 20), (20, 5), (5, 37), (37, 5), (5, 38), (38, 5), (6, 16), (16, 6), (6, 20), (20, 6), (6, 36), (36, 6), (6, 37), (37, 6), (6, 40), (40, 6), (7, 35), (35, 7), (8, 9), (9, 8), (8, 19), (19, 8), (8, 30), (30, 8), (8, 31), (31, 8), (9, 21), (21, 9), (9, 39), (39, 9), (10, 29), (29, 10), (11, 22), (22, 11), (11, 26), (26, 11), (11, 35), (35, 11), (14, 26), (26, 14), (14, 32), (32, 14), (14, 34), (34, 14), (14, 37), (37, 14), (14, 38), (38, 14), (15, 20), (20, 15), (16, 29), (29, 16), (18, 36), (36, 18), (18, 37), (37, 18), (19, 29), (29, 19), (19, 37), (37, 19), (20, 23), (23, 20), (20, 35), (35, 20), (21, 24), (24, 21), (21, 36), (36, 21), (22, 35), (35, 22), (22, 39), (39, 22), (25, 28), (28, 25), (29, 37), (37, 29), (30, 32), (32, 30), (31, 38), (38, 31), (31, 40), (40, 31), (32, 33), (33, 32), (32, 36), (36, 32), (33, 36), (36, 33), (34, 38), (38, 34), (37, 40), (40, 37), (38, 39), (39, 38)]
Z_dad = [31, 36, 37]
Y_dad = [20]
X_dad = [5, 6, 35]
Z_da-ad = [14, 20, 39]
Y_da-ad = [37]
X_da-ad = [8, 29, 36]
