no              #fail
1.930           #totTm
1.454           #lastADTm
5               #itDAD
1.000           #avItADGoal
32              #itADOpt
36              #opt
27              #optDA-AD
0.539           #tmDA
25.0            #relGain

V = [1, 2, 3, 4, 5, 6, 7, 8, 9, 10, 11, 12, 13, 14, 15, 16, 17, 18, 19, 20, 21, 22, 23, 24, 25, 26, 27, 28, 29, 30, 31, 32, 33, 34, 35, 36, 37, 38, 39, 40]
A = [(1, 3), (3, 1), (1, 15), (15, 1), (1, 29), (29, 1), (2, 5), (5, 2), (2, 6), (6, 2), (2, 19), (19, 2), (2, 31), (31, 2), (3, 8), (8, 3), (3, 14), (14, 3), (3, 17), (17, 3), (4, 10), (10, 4), (4, 12), (12, 4), (4, 14), (14, 4), (4, 16), (16, 4), (4, 23), (23, 4), (4, 35), (35, 4), (5, 7), (7, 5), (5, 10), (10, 5), (5, 22), (22, 5), (6, 16), (16, 6), (6, 40), (40, 6), (7, 10), (10, 7), (7, 34), (34, 7), (8, 18), (18, 8), (8, 30), (30, 8), (9, 22), (22, 9), (10, 31), (31, 10), (10, 32), (32, 10), (10, 38), (38, 10), (11, 38), (38, 11), (12, 22), (22, 12), (12, 28), (28, 12), (13, 15), (15, 13), (13, 28), (28, 13), (14, 40), (40, 14), (15, 26), (26, 15), (16, 24), (24, 16), (18, 24), (24, 18), (18, 25), (25, 18), (18, 40), (40, 18), (20, 38), (38, 20), (21, 25), (25, 21), (21, 27), (27, 21), (21, 32), (32, 21), (22, 23), (23, 22), (23, 36), (36, 23), (24, 32), (32, 24), (26, 30), (30, 26), (26, 32), (32, 26), (28, 30), (30, 28), (28, 38), (38, 28), (29, 35), (35, 29), (34, 36), (36, 34), (37, 40), (40, 37)]
Z_dad = [4, 10, 18]
Y_dad = [28]
X_dad = [12, 13, 30]
Z_da-ad = [2, 10, 28]
Y_da-ad = [18]
X_da-ad = [3, 4, 26]
