no              #fail
1.696           #totTm
1.255           #lastADTm
5               #itDAD
1.000           #avItADGoal
29              #itADOpt
36              #opt
31              #optDA-AD
0.477           #tmDA
13.9            #relGain

V = [1, 2, 3, 4, 5, 6, 7, 8, 9, 10, 11, 12, 13, 14, 15, 16, 17, 18, 19, 20, 21, 22, 23, 24, 25, 26, 27, 28, 29, 30, 31, 32, 33, 34, 35, 36, 37, 38, 39, 40]
A = [(1, 16), (16, 1), (1, 17), (17, 1), (2, 17), (17, 2), (2, 18), (18, 2), (2, 24), (24, 2), (3, 6), (6, 3), (3, 29), (29, 3), (4, 37), (37, 4), (4, 40), (40, 4), (5, 19), (19, 5), (5, 37), (37, 5), (6, 10), (10, 6), (7, 8), (8, 7), (7, 17), (17, 7), (7, 23), (23, 7), (8, 15), (15, 8), (8, 32), (32, 8), (8, 35), (35, 8), (8, 36), (36, 8), (9, 13), (13, 9), (9, 26), (26, 9), (9, 30), (30, 9), (9, 32), (32, 9), (9, 36), (36, 9), (9, 37), (37, 9), (10, 19), (19, 10), (10, 20), (20, 10), (10, 31), (31, 10), (10, 40), (40, 10), (12, 39), (39, 12), (13, 28), (28, 13), (14, 25), (25, 14), (17, 32), (32, 17), (18, 26), (26, 18), (18, 31), (31, 18), (19, 27), (27, 19), (20, 32), (32, 20), (21, 25), (25, 21), (22, 25), (25, 22), (22, 30), (30, 22), (22, 35), (35, 22), (22, 39), (39, 22), (23, 26), (26, 23), (25, 33), (33, 25), (25, 38), (38, 25), (26, 29), (29, 26), (26, 31), (31, 26), (26, 38), (38, 26), (28, 33), (33, 28), (28, 34), (34, 28), (28, 35), (35, 28), (29, 37), (37, 29), (32, 40), (40, 32), (35, 37), (37, 35)]
Z_dad = [26, 32, 37]
Y_dad = [10]
X_dad = [6, 19, 31]
Z_da-ad = [9, 26, 35]
Y_da-ad = [10]
X_da-ad = [19, 31, 32]
