no              #fail
2.021           #totTm
1.456           #lastADTm
6               #itDAD
1.000           #avItADGoal
32              #itADOpt
37              #opt
19              #optDA-AD
0.656           #tmDA
48.6            #relGain

V = [1, 2, 3, 4, 5, 6, 7, 8, 9, 10, 11, 12, 13, 14, 15, 16, 17, 18, 19, 20, 21, 22, 23, 24, 25, 26, 27, 28, 29, 30, 31, 32, 33, 34, 35, 36, 37, 38, 39, 40]
A = [(1, 5), (5, 1), (1, 6), (6, 1), (1, 9), (9, 1), (1, 34), (34, 1), (2, 8), (8, 2), (2, 15), (15, 2), (3, 11), (11, 3), (3, 15), (15, 3), (3, 16), (16, 3), (3, 23), (23, 3), (3, 26), (26, 3), (3, 40), (40, 3), (4, 27), (27, 4), (4, 28), (28, 4), (4, 33), (33, 4), (4, 38), (38, 4), (6, 17), (17, 6), (6, 24), (24, 6), (6, 26), (26, 6), (8, 28), (28, 8), (8, 38), (38, 8), (9, 33), (33, 9), (10, 22), (22, 10), (10, 30), (30, 10), (10, 37), (37, 10), (10, 39), (39, 10), (13, 17), (17, 13), (13, 18), (18, 13), (13, 31), (31, 13), (13, 32), (32, 13), (13, 33), (33, 13), (13, 37), (37, 13), (13, 38), (38, 13), (15, 39), (39, 15), (16, 20), (20, 16), (16, 21), (21, 16), (16, 30), (30, 16), (17, 29), (29, 17), (18, 26), (26, 18), (19, 37), (37, 19), (20, 33), (33, 20), (22, 25), (25, 22), (22, 26), (26, 22), (23, 31), (31, 23), (23, 37), (37, 23), (24, 26), (26, 24), (24, 28), (28, 24), (24, 39), (39, 24), (25, 26), (26, 25), (26, 31), (31, 26), (30, 31), (31, 30), (30, 34), (34, 30), (32, 37), (37, 32), (38, 40), (40, 38)]
Z_dad = [13, 16, 26]
Y_dad = [10]
X_dad = [30, 37, 39]
Z_da-ad = [1, 16, 33]
Y_da-ad = [24]
X_da-ad = [10, 26, 31]
