no              #fail
0.866           #totTm
0.119           #lastADTm
4               #itDAD
1.333           #avItADGoal
4               #itADOpt
3               #opt
3               #optDA-AD
0.207           #tmDA
0.0             #relGain

V = [1, 2, 3, 4, 5, 6, 7, 8, 9, 10, 11, 12, 13, 14, 15, 16, 17, 18, 19, 20, 21, 22, 23, 24, 25, 26, 27, 28, 29, 30, 31, 32, 33, 34, 35, 36, 37, 38, 39, 40]
A = [(1, 11), (11, 1), (1, 14), (14, 1), (1, 26), (26, 1), (1, 31), (31, 1), (1, 35), (35, 1), (2, 3), (3, 2), (2, 22), (22, 2), (2, 23), (23, 2), (2, 28), (28, 2), (2, 37), (37, 2), (2, 39), (39, 2), (3, 31), (31, 3), (3, 34), (34, 3), (4, 17), (17, 4), (4, 18), (18, 4), (4, 22), (22, 4), (4, 24), (24, 4), (4, 28), (28, 4), (4, 38), (38, 4), (5, 14), (14, 5), (5, 16), (16, 5), (5, 24), (24, 5), (5, 26), (26, 5), (5, 36), (36, 5), (6, 10), (10, 6), (6, 37), (37, 6), (7, 9), (9, 7), (7, 13), (13, 7), (7, 16), (16, 7), (7, 24), (24, 7), (7, 29), (29, 7), (7, 38), (38, 7), (7, 40), (40, 7), (8, 17), (17, 8), (8, 18), (18, 8), (8, 26), (26, 8), (8, 40), (40, 8), (9, 22), (22, 9), (9, 24), (24, 9), (9, 35), (35, 9), (10, 14), (14, 10), (10, 26), (26, 10), (10, 33), (33, 10), (11, 13), (13, 11), (11, 28), (28, 11), (12, 25), (25, 12), (13, 19), (19, 13), (13, 34), (34, 13), (13, 37), (37, 13), (14, 15), (15, 14), (14, 32), (32, 14), (14, 34), (34, 14), (15, 19), (19, 15), (15, 21), (21, 15), (15, 27), (27, 15), (15, 35), (35, 15), (15, 36), (36, 15), (15, 39), (39, 15), (16, 19), (19, 16), (16, 39), (39, 16), (16, 40), (40, 16), (17, 22), (22, 17), (17, 27), (27, 17), (17, 28), (28, 17), (17, 34), (34, 17), (17, 36), (36, 17), (17, 37), (37, 17), (18, 25), (25, 18), (18, 31), (31, 18), (19, 24), (24, 19), (19, 29), (29, 19), (19, 33), (33, 19), (20, 22), (22, 20), (20, 31), (31, 20), (20, 35), (35, 20), (21, 24), (24, 21), (21, 29), (29, 21), (22, 23), (23, 22), (22, 28), (28, 22), (22, 35), (35, 22), (23, 24), (24, 23), (23, 29), (29, 23), (23, 30), (30, 23), (24, 28), (28, 24), (24, 32), (32, 24), (24, 34), (34, 24), (25, 30), (30, 25), (25, 35), (35, 25), (26, 39), (39, 26), (27, 31), (31, 27), (27, 34), (34, 27), (28, 34), (34, 28), (28, 37), (37, 28), (29, 39), (39, 29), (30, 35), (35, 30), (30, 37), (37, 30), (31, 33), (33, 31), (32, 36), (36, 32), (34, 35), (35, 34), (36, 37), (37, 36), (39, 40), (40, 39)]
Z_dad = [25]
Y_dad = [24]
X_dad = [4]
Z_da-ad = [25]
Y_da-ad = [24]
X_da-ad = [4]
