no              #fail
1.051           #totTm
0.125           #lastADTm
4               #itDAD
1.333           #avItADGoal
4               #itADOpt
3               #opt
3               #optDA-AD
0.207           #tmDA
0.0             #relGain

V = [1, 2, 3, 4, 5, 6, 7, 8, 9, 10, 11, 12, 13, 14, 15, 16, 17, 18, 19, 20, 21, 22, 23, 24, 25, 26, 27, 28, 29, 30, 31, 32, 33, 34, 35, 36, 37, 38, 39, 40]
A = [(1, 5), (5, 1), (1, 19), (19, 1), (1, 31), (31, 1), (1, 37), (37, 1), (1, 40), (40, 1), (2, 9), (9, 2), (2, 29), (29, 2), (2, 32), (32, 2), (3, 24), (24, 3), (3, 35), (35, 3), (3, 39), (39, 3), (4, 14), (14, 4), (4, 22), (22, 4), (4, 30), (30, 4), (5, 23), (23, 5), (5, 26), (26, 5), (5, 27), (27, 5), (5, 29), (29, 5), (5, 36), (36, 5), (6, 15), (15, 6), (6, 22), (22, 6), (6, 29), (29, 6), (6, 32), (32, 6), (6, 38), (38, 6), (7, 9), (9, 7), (7, 16), (16, 7), (7, 33), (33, 7), (8, 15), (15, 8), (8, 16), (16, 8), (8, 19), (19, 8), (8, 24), (24, 8), (8, 26), (26, 8), (8, 32), (32, 8), (9, 20), (20, 9), (9, 25), (25, 9), (9, 35), (35, 9), (10, 12), (12, 10), (10, 17), (17, 10), (10, 21), (21, 10), (10, 26), (26, 10), (10, 36), (36, 10), (11, 12), (12, 11), (11, 14), (14, 11), (11, 28), (28, 11), (11, 34), (34, 11), (12, 14), (14, 12), (12, 29), (29, 12), (12, 32), (32, 12), (12, 36), (36, 12), (12, 37), (37, 12), (12, 40), (40, 12), (13, 19), (19, 13), (13, 21), (21, 13), (13, 23), (23, 13), (13, 38), (38, 13), (14, 17), (17, 14), (14, 27), (27, 14), (14, 33), (33, 14), (14, 35), (35, 14), (14, 40), (40, 14), (15, 29), (29, 15), (15, 30), (30, 15), (16, 19), (19, 16), (16, 20), (20, 16), (16, 26), (26, 16), (17, 20), (20, 17), (17, 21), (21, 17), (17, 30), (30, 17), (17, 33), (33, 17), (18, 24), (24, 18), (19, 21), (21, 19), (19, 24), (24, 19), (19, 29), (29, 19), (19, 34), (34, 19), (20, 26), (26, 20), (20, 27), (27, 20), (20, 31), (31, 20), (21, 24), (24, 21), (21, 28), (28, 21), (21, 31), (31, 21), (21, 33), (33, 21), (22, 27), (27, 22), (22, 34), (34, 22), (23, 25), (25, 23), (23, 40), (40, 23), (24, 37), (37, 24), (25, 35), (35, 25), (26, 36), (36, 26), (27, 31), (31, 27), (27, 38), (38, 27), (28, 33), (33, 28), (29, 38), (38, 29), (29, 39), (39, 29), (30, 34), (34, 30), (30, 37), (37, 30), (30, 38), (38, 30), (31, 33), (33, 31), (31, 34), (34, 31), (32, 33), (33, 32), (33, 38), (38, 33), (33, 40), (40, 33)]
Z_dad = [24]
Y_dad = [33]
X_dad = [7]
Z_da-ad = [24]
Y_da-ad = [33]
X_da-ad = [7]
