no              #fail
0.874           #totTm
0.129           #lastADTm
4               #itDAD
1.333           #avItADGoal
4               #itADOpt
3               #opt
3               #optDA-AD
0.195           #tmDA
0.0             #relGain

V = [1, 2, 3, 4, 5, 6, 7, 8, 9, 10, 11, 12, 13, 14, 15, 16, 17, 18, 19, 20, 21, 22, 23, 24, 25, 26, 27, 28, 29, 30, 31, 32, 33, 34, 35, 36, 37, 38, 39, 40]
A = [(1, 25), (25, 1), (2, 7), (7, 2), (2, 14), (14, 2), (2, 15), (15, 2), (2, 18), (18, 2), (2, 19), (19, 2), (2, 24), (24, 2), (2, 29), (29, 2), (2, 36), (36, 2), (3, 4), (4, 3), (3, 5), (5, 3), (3, 14), (14, 3), (3, 17), (17, 3), (3, 20), (20, 3), (3, 27), (27, 3), (4, 16), (16, 4), (4, 22), (22, 4), (4, 32), (32, 4), (4, 37), (37, 4), (4, 38), (38, 4), (5, 16), (16, 5), (5, 22), (22, 5), (5, 31), (31, 5), (5, 35), (35, 5), (6, 14), (14, 6), (6, 19), (19, 6), (6, 36), (36, 6), (7, 13), (13, 7), (7, 27), (27, 7), (8, 10), (10, 8), (8, 14), (14, 8), (8, 16), (16, 8), (8, 21), (21, 8), (9, 11), (11, 9), (9, 20), (20, 9), (9, 25), (25, 9), (9, 27), (27, 9), (10, 29), (29, 10), (10, 33), (33, 10), (11, 13), (13, 11), (11, 14), (14, 11), (11, 21), (21, 11), (11, 22), (22, 11), (11, 26), (26, 11), (11, 40), (40, 11), (12, 15), (15, 12), (12, 24), (24, 12), (12, 31), (31, 12), (12, 37), (37, 12), (13, 23), (23, 13), (13, 31), (31, 13), (13, 40), (40, 13), (14, 16), (16, 14), (14, 24), (24, 14), (14, 36), (36, 14), (14, 39), (39, 14), (15, 16), (16, 15), (15, 19), (19, 15), (15, 22), (22, 15), (15, 30), (30, 15), (15, 33), (33, 15), (15, 34), (34, 15), (15, 35), (35, 15), (16, 19), (19, 16), (16, 29), (29, 16), (16, 30), (30, 16), (17, 29), (29, 17), (17, 31), (31, 17), (17, 32), (32, 17), (17, 34), (34, 17), (17, 38), (38, 17), (18, 35), (35, 18), (18, 39), (39, 18), (19, 23), (23, 19), (19, 25), (25, 19), (19, 32), (32, 19), (20, 24), (24, 20), (20, 26), (26, 20), (20, 40), (40, 20), (21, 23), (23, 21), (21, 26), (26, 21), (21, 31), (31, 21), (21, 38), (38, 21), (22, 27), (27, 22), (22, 30), (30, 22), (22, 32), (32, 22), (22, 33), (33, 22), (22, 40), (40, 22), (23, 36), (36, 23), (23, 37), (37, 23), (24, 28), (28, 24), (24, 37), (37, 24), (25, 31), (31, 25), (26, 28), (28, 26), (27, 34), (34, 27), (28, 32), (32, 28), (28, 38), (38, 28), (29, 37), (37, 29), (31, 32), (32, 31), (33, 35), (35, 33), (37, 38), (38, 37)]
Z_dad = [25]
Y_dad = [14]
X_dad = [2]
Z_da-ad = [25]
Y_da-ad = [14]
X_da-ad = [2]
