no              #fail
0.952           #totTm
0.208           #lastADTm
4               #itDAD
1.333           #avItADGoal
5               #itADOpt
4               #opt
4               #optDA-AD
0.278           #tmDA
0.0             #relGain

V = [1, 2, 3, 4, 5, 6, 7, 8, 9, 10, 11, 12, 13, 14, 15, 16, 17, 18, 19, 20, 21, 22, 23, 24, 25, 26, 27, 28, 29, 30, 31, 32, 33, 34, 35, 36, 37, 38, 39, 40]
A = [(1, 3), (3, 1), (1, 5), (5, 1), (1, 7), (7, 1), (1, 11), (11, 1), (1, 19), (19, 1), (1, 30), (30, 1), (1, 33), (33, 1), (2, 13), (13, 2), (2, 29), (29, 2), (2, 35), (35, 2), (3, 18), (18, 3), (3, 21), (21, 3), (3, 23), (23, 3), (3, 24), (24, 3), (3, 38), (38, 3), (4, 9), (9, 4), (4, 12), (12, 4), (4, 17), (17, 4), (4, 19), (19, 4), (4, 29), (29, 4), (4, 32), (32, 4), (4, 36), (36, 4), (4, 37), (37, 4), (4, 38), (38, 4), (5, 21), (21, 5), (5, 22), (22, 5), (5, 24), (24, 5), (5, 31), (31, 5), (5, 34), (34, 5), (6, 10), (10, 6), (6, 17), (17, 6), (6, 23), (23, 6), (7, 30), (30, 7), (7, 36), (36, 7), (8, 13), (13, 8), (8, 16), (16, 8), (8, 20), (20, 8), (8, 22), (22, 8), (8, 29), (29, 8), (8, 30), (30, 8), (8, 33), (33, 8), (9, 13), (13, 9), (9, 16), (16, 9), (9, 22), (22, 9), (10, 34), (34, 10), (10, 35), (35, 10), (11, 22), (22, 11), (11, 23), (23, 11), (11, 28), (28, 11), (11, 33), (33, 11), (12, 18), (18, 12), (13, 27), (27, 13), (13, 30), (30, 13), (13, 33), (33, 13), (13, 36), (36, 13), (14, 25), (25, 14), (14, 30), (30, 14), (15, 22), (22, 15), (15, 26), (26, 15), (15, 39), (39, 15), (15, 40), (40, 15), (16, 19), (19, 16), (16, 21), (21, 16), (16, 22), (22, 16), (17, 26), (26, 17), (17, 31), (31, 17), (17, 38), (38, 17), (17, 40), (40, 17), (18, 20), (20, 18), (18, 33), (33, 18), (19, 26), (26, 19), (19, 31), (31, 19), (19, 36), (36, 19), (19, 38), (38, 19), (20, 23), (23, 20), (20, 37), (37, 20), (21, 24), (24, 21), (21, 27), (27, 21), (21, 35), (35, 21), (22, 34), (34, 22), (23, 24), (24, 23), (23, 36), (36, 23), (23, 40), (40, 23), (24, 34), (34, 24), (24, 40), (40, 24), (26, 28), (28, 26), (26, 31), (31, 26), (26, 38), (38, 26), (27, 28), (28, 27), (28, 29), (29, 28), (28, 34), (34, 28), (29, 33), (33, 29), (29, 38), (38, 29), (30, 38), (38, 30), (31, 32), (32, 31), (31, 37), (37, 31), (32, 39), (39, 32), (35, 37), (37, 35), (35, 38), (38, 35), (38, 39), (39, 38), (38, 40), (40, 38)]
Z_dad = [30]
Y_dad = [4]
X_dad = [9]
Z_da-ad = [30]
Y_da-ad = [4]
X_da-ad = [9]
