no              #fail
4.975           #totTm
0.136           #lastADTm
7               #itDAD
1.667           #avItADGoal
4               #itADOpt
3               #opt
3               #optDA-AD
0.212           #tmDA
0.0             #relGain

V = [1, 2, 3, 4, 5, 6, 7, 8, 9, 10, 11, 12, 13, 14, 15, 16, 17, 18, 19, 20, 21, 22, 23, 24, 25, 26, 27, 28, 29, 30, 31, 32, 33, 34, 35, 36, 37, 38, 39, 40]
A = [(1, 6), (6, 1), (1, 11), (11, 1), (1, 15), (15, 1), (1, 28), (28, 1), (2, 7), (7, 2), (2, 11), (11, 2), (2, 15), (15, 2), (2, 16), (16, 2), (2, 31), (31, 2), (3, 9), (9, 3), (3, 18), (18, 3), (3, 27), (27, 3), (3, 30), (30, 3), (3, 36), (36, 3), (3, 38), (38, 3), (4, 12), (12, 4), (4, 17), (17, 4), (4, 30), (30, 4), (4, 33), (33, 4), (4, 36), (36, 4), (5, 16), (16, 5), (5, 19), (19, 5), (5, 30), (30, 5), (5, 32), (32, 5), (5, 36), (36, 5), (6, 16), (16, 6), (6, 24), (24, 6), (6, 25), (25, 6), (6, 26), (26, 6), (6, 27), (27, 6), (6, 30), (30, 6), (6, 31), (31, 6), (7, 17), (17, 7), (7, 29), (29, 7), (8, 11), (11, 8), (8, 17), (17, 8), (8, 21), (21, 8), (8, 28), (28, 8), (8, 34), (34, 8), (8, 38), (38, 8), (8, 39), (39, 8), (9, 22), (22, 9), (9, 31), (31, 9), (10, 17), (17, 10), (10, 24), (24, 10), (10, 25), (25, 10), (10, 40), (40, 10), (11, 13), (13, 11), (11, 15), (15, 11), (11, 16), (16, 11), (11, 18), (18, 11), (11, 25), (25, 11), (11, 37), (37, 11), (12, 14), (14, 12), (12, 24), (24, 12), (12, 37), (37, 12), (13, 16), (16, 13), (13, 18), (18, 13), (13, 21), (21, 13), (13, 22), (22, 13), (13, 35), (35, 13), (14, 17), (17, 14), (14, 34), (34, 14), (14, 37), (37, 14), (15, 25), (25, 15), (15, 28), (28, 15), (15, 33), (33, 15), (15, 39), (39, 15), (16, 24), (24, 16), (16, 26), (26, 16), (16, 27), (27, 16), (16, 30), (30, 16), (17, 20), (20, 17), (17, 21), (21, 17), (17, 22), (22, 17), (17, 38), (38, 17), (18, 21), (21, 18), (18, 22), (22, 18), (18, 37), (37, 18), (18, 39), (39, 18), (19, 37), (37, 19), (20, 26), (26, 20), (20, 37), (37, 20), (21, 28), (28, 21), (21, 33), (33, 21), (21, 39), (39, 21), (22, 28), (28, 22), (24, 32), (32, 24), (24, 33), (33, 24), (24, 36), (36, 24), (26, 28), (28, 26), (27, 39), (39, 27), (28, 34), (34, 28), (29, 31), (31, 29), (30, 33), (33, 30), (30, 35), (35, 30), (31, 32), (32, 31), (31, 34), (34, 31), (32, 40), (40, 32), (33, 40), (40, 33), (35, 37), (37, 35)]
Z_dad = [31]
Y_dad = [7]
X_dad = [2]
Z_da-ad = [1]
Y_da-ad = [17]
X_da-ad = [4]
