no              #fail
8.102           #totTm
0.101           #lastADTm
8               #itDAD
1.714           #avItADGoal
3               #itADOpt
2               #opt
2               #optDA-AD
0.188           #tmDA
0.0             #relGain

V = [1, 2, 3, 4, 5, 6, 7, 8, 9, 10, 11, 12, 13, 14, 15, 16, 17, 18, 19, 20, 21, 22, 23, 24, 25, 26, 27, 28, 29, 30, 31, 32, 33, 34, 35, 36, 37, 38, 39, 40]
A = [(1, 3), (3, 1), (1, 6), (6, 1), (2, 11), (11, 2), (2, 13), (13, 2), (2, 21), (21, 2), (2, 24), (24, 2), (2, 38), (38, 2), (3, 16), (16, 3), (3, 17), (17, 3), (3, 19), (19, 3), (3, 27), (27, 3), (4, 10), (10, 4), (4, 11), (11, 4), (4, 20), (20, 4), (4, 34), (34, 4), (4, 36), (36, 4), (5, 13), (13, 5), (5, 40), (40, 5), (6, 8), (8, 6), (6, 10), (10, 6), (6, 12), (12, 6), (6, 23), (23, 6), (6, 29), (29, 6), (6, 34), (34, 6), (6, 38), (38, 6), (7, 10), (10, 7), (7, 14), (14, 7), (7, 18), (18, 7), (7, 21), (21, 7), (7, 29), (29, 7), (8, 16), (16, 8), (8, 23), (23, 8), (8, 29), (29, 8), (8, 35), (35, 8), (8, 39), (39, 8), (9, 15), (15, 9), (9, 20), (20, 9), (9, 33), (33, 9), (9, 38), (38, 9), (10, 23), (23, 10), (10, 29), (29, 10), (11, 25), (25, 11), (11, 30), (30, 11), (11, 34), (34, 11), (12, 13), (13, 12), (12, 16), (16, 12), (12, 18), (18, 12), (12, 25), (25, 12), (13, 15), (15, 13), (13, 31), (31, 13), (14, 15), (15, 14), (14, 38), (38, 14), (15, 27), (27, 15), (15, 28), (28, 15), (15, 40), (40, 15), (16, 17), (17, 16), (16, 22), (22, 16), (16, 26), (26, 16), (16, 36), (36, 16), (17, 25), (25, 17), (17, 26), (26, 17), (17, 29), (29, 17), (17, 34), (34, 17), (18, 20), (20, 18), (18, 22), (22, 18), (18, 34), (34, 18), (18, 36), (36, 18), (19, 22), (22, 19), (19, 28), (28, 19), (19, 31), (31, 19), (19, 35), (35, 19), (20, 23), (23, 20), (20, 26), (26, 20), (20, 31), (31, 20), (21, 28), (28, 21), (21, 32), (32, 21), (22, 23), (23, 22), (22, 36), (36, 22), (22, 40), (40, 22), (23, 24), (24, 23), (23, 25), (25, 23), (23, 32), (32, 23), (23, 34), (34, 23), (24, 32), (32, 24), (24, 38), (38, 24), (25, 31), (31, 25), (27, 34), (34, 27), (27, 35), (35, 27), (27, 37), (37, 27), (28, 38), (38, 28), (28, 39), (39, 28), (28, 40), (40, 28), (29, 34), (34, 29), (29, 39), (39, 29), (30, 34), (34, 30), (32, 39), (39, 32), (33, 34), (34, 33), (33, 40), (40, 33), (34, 37), (37, 34), (37, 39), (39, 37), (37, 40), (40, 37)]
Z_dad = [40]
Y_dad = [13]
X_dad = [2]
Z_da-ad = [1]
Y_da-ad = [34]
X_da-ad = [4]
