no              #fail
2.330           #totTm
0.112           #lastADTm
6               #itDAD
1.600           #avItADGoal
4               #itADOpt
3               #opt
3               #optDA-AD
0.193           #tmDA
0.0             #relGain

V = [1, 2, 3, 4, 5, 6, 7, 8, 9, 10, 11, 12, 13, 14, 15, 16, 17, 18, 19, 20, 21, 22, 23, 24, 25, 26, 27, 28, 29, 30, 31, 32, 33, 34, 35, 36, 37, 38, 39, 40]
A = [(1, 5), (5, 1), (1, 15), (15, 1), (1, 22), (22, 1), (1, 24), (24, 1), (1, 26), (26, 1), (1, 29), (29, 1), (2, 25), (25, 2), (3, 5), (5, 3), (3, 17), (17, 3), (3, 25), (25, 3), (3, 39), (39, 3), (4, 8), (8, 4), (4, 19), (19, 4), (4, 21), (21, 4), (4, 24), (24, 4), (5, 6), (6, 5), (5, 15), (15, 5), (5, 17), (17, 5), (5, 32), (32, 5), (6, 10), (10, 6), (6, 12), (12, 6), (6, 19), (19, 6), (6, 25), (25, 6), (6, 34), (34, 6), (6, 38), (38, 6), (7, 8), (8, 7), (7, 14), (14, 7), (7, 24), (24, 7), (7, 28), (28, 7), (7, 30), (30, 7), (7, 31), (31, 7), (8, 15), (15, 8), (8, 19), (19, 8), (8, 33), (33, 8), (8, 34), (34, 8), (8, 39), (39, 8), (9, 19), (19, 9), (9, 23), (23, 9), (9, 26), (26, 9), (10, 18), (18, 10), (11, 13), (13, 11), (11, 22), (22, 11), (11, 25), (25, 11), (12, 16), (16, 12), (12, 22), (22, 12), (12, 32), (32, 12), (13, 14), (14, 13), (13, 22), (22, 13), (13, 30), (30, 13), (13, 35), (35, 13), (13, 40), (40, 13), (14, 18), (18, 14), (14, 36), (36, 14), (15, 33), (33, 15), (15, 34), (34, 15), (15, 36), (36, 15), (15, 37), (37, 15), (16, 18), (18, 16), (16, 19), (19, 16), (16, 39), (39, 16), (17, 22), (22, 17), (17, 28), (28, 17), (17, 36), (36, 17), (17, 38), (38, 17), (18, 25), (25, 18), (18, 32), (32, 18), (19, 22), (22, 19), (19, 24), (24, 19), (19, 28), (28, 19), (19, 32), (32, 19), (19, 33), (33, 19), (20, 21), (21, 20), (20, 31), (31, 20), (20, 33), (33, 20), (20, 36), (36, 20), (20, 38), (38, 20), (21, 25), (25, 21), (21, 36), (36, 21), (21, 39), (39, 21), (22, 28), (28, 22), (24, 36), (36, 24), (24, 39), (39, 24), (25, 27), (27, 25), (26, 37), (37, 26), (27, 33), (33, 27), (27, 34), (34, 27), (28, 36), (36, 28), (28, 37), (37, 28), (29, 32), (32, 29), (29, 37), (37, 29), (30, 35), (35, 30), (30, 36), (36, 30), (31, 39), (39, 31), (31, 40), (40, 31), (32, 33), (33, 32), (32, 34), (34, 32), (32, 37), (37, 32), (34, 39), (39, 34), (35, 36), (36, 35), (36, 39), (39, 36), (36, 40), (40, 36)]
Z_dad = [25]
Y_dad = [9]
X_dad = [19]
Z_da-ad = [9]
Y_da-ad = [25]
X_da-ad = [3]
