no              #fail
0.879           #totTm
0.158           #lastADTm
4               #itDAD
1.333           #avItADGoal
5               #itADOpt
5               #opt
5               #optDA-AD
0.230           #tmDA
0.0             #relGain

V = [1, 2, 3, 4, 5, 6, 7, 8, 9, 10, 11, 12, 13, 14, 15, 16, 17, 18, 19, 20, 21, 22, 23, 24, 25, 26, 27, 28, 29, 30, 31, 32, 33, 34, 35, 36, 37, 38, 39, 40]
A = [(1, 20), (20, 1), (1, 25), (25, 1), (1, 34), (34, 1), (2, 11), (11, 2), (2, 14), (14, 2), (2, 17), (17, 2), (2, 21), (21, 2), (2, 32), (32, 2), (2, 36), (36, 2), (3, 5), (5, 3), (3, 8), (8, 3), (3, 11), (11, 3), (3, 13), (13, 3), (3, 29), (29, 3), (4, 15), (15, 4), (4, 35), (35, 4), (5, 8), (8, 5), (5, 24), (24, 5), (5, 27), (27, 5), (5, 29), (29, 5), (5, 40), (40, 5), (6, 9), (9, 6), (6, 14), (14, 6), (6, 15), (15, 6), (6, 26), (26, 6), (6, 37), (37, 6), (8, 20), (20, 8), (8, 32), (32, 8), (9, 11), (11, 9), (9, 12), (12, 9), (9, 13), (13, 9), (9, 24), (24, 9), (9, 30), (30, 9), (10, 34), (34, 10), (10, 37), (37, 10), (11, 14), (14, 11), (11, 21), (21, 11), (11, 33), (33, 11), (11, 35), (35, 11), (11, 37), (37, 11), (11, 40), (40, 11), (12, 14), (14, 12), (12, 16), (16, 12), (12, 19), (19, 12), (12, 20), (20, 12), (12, 24), (24, 12), (12, 33), (33, 12), (12, 34), (34, 12), (13, 14), (14, 13), (13, 15), (15, 13), (13, 22), (22, 13), (13, 27), (27, 13), (14, 17), (17, 14), (14, 24), (24, 14), (14, 25), (25, 14), (14, 26), (26, 14), (14, 27), (27, 14), (14, 30), (30, 14), (15, 17), (17, 15), (15, 18), (18, 15), (15, 19), (19, 15), (15, 25), (25, 15), (15, 27), (27, 15), (16, 25), (25, 16), (16, 30), (30, 16), (16, 39), (39, 16), (17, 23), (23, 17), (17, 29), (29, 17), (17, 32), (32, 17), (17, 39), (39, 17), (18, 19), (19, 18), (18, 21), (21, 18), (18, 24), (24, 18), (18, 29), (29, 18), (18, 39), (39, 18), (19, 39), (39, 19), (20, 26), (26, 20), (21, 25), (25, 21), (22, 30), (30, 22), (22, 32), (32, 22), (23, 33), (33, 23), (24, 25), (25, 24), (24, 29), (29, 24), (24, 33), (33, 24), (24, 34), (34, 24), (24, 35), (35, 24), (24, 37), (37, 24), (25, 33), (33, 25), (25, 38), (38, 25), (26, 29), (29, 26), (27, 33), (33, 27), (29, 33), (33, 29), (29, 39), (39, 29), (30, 32), (32, 30), (30, 37), (37, 30), (31, 40), (40, 31), (32, 33), (33, 32), (32, 35), (35, 32), (35, 36), (36, 35), (38, 39), (39, 38), (39, 40), (40, 39)]
Z_dad = [25]
Y_dad = [14]
X_dad = [39]
Z_da-ad = [40]
Y_da-ad = [14]
X_da-ad = [2]
