no              #fail
1.545           #totTm
0.146           #lastADTm
5               #itDAD
1.500           #avItADGoal
4               #itADOpt
3               #opt
3               #optDA-AD
0.203           #tmDA
0.0             #relGain

V = [1, 2, 3, 4, 5, 6, 7, 8, 9, 10, 11, 12, 13, 14, 15, 16, 17, 18, 19, 20, 21, 22, 23, 24, 25, 26, 27, 28, 29, 30, 31, 32, 33, 34, 35, 36, 37, 38, 39, 40]
A = [(1, 6), (6, 1), (1, 8), (8, 1), (1, 19), (19, 1), (1, 26), (26, 1), (1, 37), (37, 1), (1, 39), (39, 1), (2, 3), (3, 2), (2, 18), (18, 2), (2, 33), (33, 2), (3, 8), (8, 3), (3, 10), (10, 3), (3, 11), (11, 3), (3, 19), (19, 3), (3, 25), (25, 3), (3, 26), (26, 3), (4, 10), (10, 4), (4, 30), (30, 4), (5, 21), (21, 5), (6, 14), (14, 6), (6, 21), (21, 6), (7, 12), (12, 7), (7, 27), (27, 7), (7, 35), (35, 7), (7, 39), (39, 7), (8, 12), (12, 8), (8, 23), (23, 8), (8, 25), (25, 8), (8, 27), (27, 8), (8, 34), (34, 8), (9, 13), (13, 9), (9, 21), (21, 9), (9, 27), (27, 9), (9, 28), (28, 9), (10, 26), (26, 10), (10, 36), (36, 10), (10, 37), (37, 10), (11, 12), (12, 11), (11, 13), (13, 11), (11, 16), (16, 11), (11, 18), (18, 11), (11, 21), (21, 11), (11, 31), (31, 11), (11, 40), (40, 11), (12, 15), (15, 12), (12, 28), (28, 12), (12, 31), (31, 12), (12, 36), (36, 12), (13, 40), (40, 13), (14, 21), (21, 14), (14, 28), (28, 14), (14, 34), (34, 14), (15, 16), (16, 15), (15, 22), (22, 15), (15, 23), (23, 15), (15, 28), (28, 15), (16, 34), (34, 16), (16, 37), (37, 16), (17, 18), (18, 17), (17, 26), (26, 17), (18, 22), (22, 18), (18, 34), (34, 18), (18, 40), (40, 18), (19, 20), (20, 19), (19, 39), (39, 19), (19, 40), (40, 19), (20, 34), (34, 20), (20, 37), (37, 20), (21, 23), (23, 21), (21, 28), (28, 21), (21, 36), (36, 21), (22, 27), (27, 22), (22, 28), (28, 22), (22, 29), (29, 22), (23, 28), (28, 23), (23, 30), (30, 23), (24, 30), (30, 24), (24, 32), (32, 24), (25, 26), (26, 25), (25, 30), (30, 25), (25, 34), (34, 25), (26, 27), (27, 26), (26, 29), (29, 26), (27, 34), (34, 27), (27, 38), (38, 27), (28, 32), (32, 28), (28, 36), (36, 28), (28, 37), (37, 28), (29, 32), (32, 29), (29, 33), (33, 29), (29, 34), (34, 29), (29, 39), (39, 29), (29, 40), (40, 29), (30, 31), (31, 30), (32, 37), (37, 32), (32, 39), (39, 32), (33, 39), (39, 33), (34, 36), (36, 34), (34, 37), (37, 34), (35, 36), (36, 35), (37, 39), (39, 37), (37, 40), (40, 37)]
Z_dad = [21]
Y_dad = [27]
X_dad = [7]
Z_da-ad = [27]
Y_da-ad = [21]
X_da-ad = [6]
