no              #fail
1.327           #totTm
0.113           #lastADTm
5               #itDAD
1.500           #avItADGoal
4               #itADOpt
4               #opt
4               #optDA-AD
0.219           #tmDA
0.0             #relGain

V = [1, 2, 3, 4, 5, 6, 7, 8, 9, 10, 11, 12, 13, 14, 15, 16, 17, 18, 19, 20, 21, 22, 23, 24, 25, 26, 27, 28, 29, 30, 31, 32, 33, 34, 35, 36, 37, 38, 39, 40]
A = [(1, 12), (12, 1), (1, 15), (15, 1), (1, 16), (16, 1), (1, 24), (24, 1), (1, 33), (33, 1), (1, 37), (37, 1), (1, 38), (38, 1), (2, 21), (21, 2), (2, 24), (24, 2), (2, 27), (27, 2), (2, 33), (33, 2), (2, 34), (34, 2), (2, 37), (37, 2), (2, 40), (40, 2), (3, 22), (22, 3), (3, 23), (23, 3), (3, 30), (30, 3), (3, 38), (38, 3), (5, 13), (13, 5), (5, 16), (16, 5), (5, 19), (19, 5), (5, 25), (25, 5), (5, 27), (27, 5), (5, 30), (30, 5), (5, 34), (34, 5), (5, 37), (37, 5), (5, 39), (39, 5), (6, 26), (26, 6), (7, 9), (9, 7), (7, 11), (11, 7), (8, 10), (10, 8), (8, 32), (32, 8), (8, 34), (34, 8), (9, 11), (11, 9), (9, 18), (18, 9), (10, 13), (13, 10), (10, 15), (15, 10), (10, 16), (16, 10), (10, 18), (18, 10), (10, 37), (37, 10), (10, 39), (39, 10), (11, 13), (13, 11), (11, 14), (14, 11), (11, 21), (21, 11), (11, 36), (36, 11), (12, 15), (15, 12), (12, 19), (19, 12), (12, 31), (31, 12), (13, 22), (22, 13), (13, 23), (23, 13), (13, 28), (28, 13), (13, 29), (29, 13), (13, 33), (33, 13), (14, 24), (24, 14), (14, 27), (27, 14), (14, 30), (30, 14), (14, 39), (39, 14), (15, 17), (17, 15), (15, 25), (25, 15), (15, 34), (34, 15), (16, 18), (18, 16), (16, 19), (19, 16), (16, 21), (21, 16), (16, 26), (26, 16), (16, 27), (27, 16), (16, 29), (29, 16), (16, 34), (34, 16), (16, 39), (39, 16), (16, 40), (40, 16), (17, 23), (23, 17), (17, 39), (39, 17), (18, 27), (27, 18), (18, 38), (38, 18), (18, 39), (39, 18), (18, 40), (40, 18), (19, 23), (23, 19), (20, 24), (24, 20), (20, 26), (26, 20), (20, 27), (27, 20), (20, 29), (29, 20), (21, 24), (24, 21), (22, 29), (29, 22), (22, 35), (35, 22), (22, 39), (39, 22), (23, 24), (24, 23), (23, 28), (28, 23), (24, 26), (26, 24), (24, 32), (32, 24), (25, 40), (40, 25), (26, 35), (35, 26), (27, 35), (35, 27), (27, 38), (38, 27), (28, 34), (34, 28), (28, 40), (40, 28), (29, 39), (39, 29), (31, 34), (34, 31), (32, 34), (34, 32), (32, 38), (38, 32), (34, 37), (37, 34), (36, 40), (40, 36), (38, 40), (40, 38)]
Z_dad = [18]
Y_dad = [11]
X_dad = [26]
Z_da-ad = [26]
Y_da-ad = [16]
X_da-ad = [1]
