no              #fail
0.386           #totTm
0.119           #lastADTm
3               #itDAD
1.000           #avItADGoal
4               #itADOpt
3               #opt
3               #optDA-AD
0.197           #tmDA
0.0             #relGain

V = [1, 2, 3, 4, 5, 6, 7, 8, 9, 10, 11, 12, 13, 14, 15, 16, 17, 18, 19, 20, 21, 22, 23, 24, 25, 26, 27, 28, 29, 30, 31, 32, 33, 34, 35, 36, 37, 38, 39, 40]
A = [(1, 2), (2, 1), (1, 13), (13, 1), (1, 22), (22, 1), (1, 23), (23, 1), (1, 25), (25, 1), (1, 34), (34, 1), (2, 6), (6, 2), (2, 8), (8, 2), (2, 17), (17, 2), (2, 25), (25, 2), (2, 26), (26, 2), (2, 35), (35, 2), (2, 36), (36, 2), (3, 9), (9, 3), (3, 19), (19, 3), (3, 20), (20, 3), (3, 21), (21, 3), (3, 36), (36, 3), (3, 37), (37, 3), (3, 39), (39, 3), (4, 30), (30, 4), (4, 36), (36, 4), (5, 11), (11, 5), (6, 9), (9, 6), (6, 13), (13, 6), (6, 25), (25, 6), (6, 37), (37, 6), (6, 39), (39, 6), (7, 19), (19, 7), (7, 22), (22, 7), (7, 40), (40, 7), (8, 11), (11, 8), (8, 26), (26, 8), (9, 17), (17, 9), (10, 11), (11, 10), (10, 15), (15, 10), (10, 21), (21, 10), (10, 25), (25, 10), (10, 32), (32, 10), (10, 37), (37, 10), (11, 16), (16, 11), (11, 20), (20, 11), (11, 28), (28, 11), (11, 29), (29, 11), (11, 32), (32, 11), (11, 34), (34, 11), (11, 40), (40, 11), (12, 16), (16, 12), (12, 17), (17, 12), (13, 19), (19, 13), (13, 21), (21, 13), (13, 32), (32, 13), (14, 16), (16, 14), (14, 26), (26, 14), (14, 27), (27, 14), (15, 31), (31, 15), (15, 35), (35, 15), (16, 17), (17, 16), (16, 21), (21, 16), (16, 25), (25, 16), (17, 20), (20, 17), (17, 23), (23, 17), (17, 26), (26, 17), (18, 22), (22, 18), (18, 25), (25, 18), (18, 26), (26, 18), (18, 31), (31, 18), (18, 34), (34, 18), (19, 27), (27, 19), (19, 29), (29, 19), (19, 30), (30, 19), (19, 38), (38, 19), (20, 31), (31, 20), (21, 24), (24, 21), (21, 25), (25, 21), (21, 31), (31, 21), (21, 36), (36, 21), (21, 40), (40, 21), (22, 39), (39, 22), (22, 40), (40, 22), (23, 26), (26, 23), (23, 33), (33, 23), (23, 34), (34, 23), (24, 30), (30, 24), (25, 29), (29, 25), (25, 35), (35, 25), (25, 38), (38, 25), (25, 40), (40, 25), (26, 29), (29, 26), (26, 34), (34, 26), (27, 28), (28, 27), (27, 33), (33, 27), (27, 36), (36, 27), (27, 37), (37, 27), (28, 35), (35, 28), (30, 31), (31, 30), (31, 40), (40, 31), (34, 35), (35, 34), (34, 36), (36, 34), (35, 38), (38, 35), (36, 39), (39, 36)]
Z_dad = [11]
Y_dad = [25]
X_dad = [1]
Z_da-ad = [11]
Y_da-ad = [25]
X_da-ad = [1]
