no              #fail
1.716           #totTm
0.132           #lastADTm
5               #itDAD
1.500           #avItADGoal
4               #itADOpt
3               #opt
3               #optDA-AD
0.198           #tmDA
0.0             #relGain

V = [1, 2, 3, 4, 5, 6, 7, 8, 9, 10, 11, 12, 13, 14, 15, 16, 17, 18, 19, 20, 21, 22, 23, 24, 25, 26, 27, 28, 29, 30, 31, 32, 33, 34, 35, 36, 37, 38, 39, 40]
A = [(1, 13), (13, 1), (1, 15), (15, 1), (1, 19), (19, 1), (1, 33), (33, 1), (1, 35), (35, 1), (1, 40), (40, 1), (2, 9), (9, 2), (2, 31), (31, 2), (2, 33), (33, 2), (2, 38), (38, 2), (3, 23), (23, 3), (4, 7), (7, 4), (4, 10), (10, 4), (4, 16), (16, 4), (4, 36), (36, 4), (5, 17), (17, 5), (5, 21), (21, 5), (5, 22), (22, 5), (5, 27), (27, 5), (5, 33), (33, 5), (5, 38), (38, 5), (5, 39), (39, 5), (6, 10), (10, 6), (6, 30), (30, 6), (7, 17), (17, 7), (7, 22), (22, 7), (7, 24), (24, 7), (7, 25), (25, 7), (7, 31), (31, 7), (8, 9), (9, 8), (8, 12), (12, 8), (8, 20), (20, 8), (8, 23), (23, 8), (8, 40), (40, 8), (9, 12), (12, 9), (9, 13), (13, 9), (9, 19), (19, 9), (9, 21), (21, 9), (9, 22), (22, 9), (9, 29), (29, 9), (9, 37), (37, 9), (10, 22), (22, 10), (10, 28), (28, 10), (10, 32), (32, 10), (10, 35), (35, 10), (10, 38), (38, 10), (11, 25), (25, 11), (11, 39), (39, 11), (12, 14), (14, 12), (12, 22), (22, 12), (12, 23), (23, 12), (12, 27), (27, 12), (12, 32), (32, 12), (12, 35), (35, 12), (13, 14), (14, 13), (13, 19), (19, 13), (13, 32), (32, 13), (14, 15), (15, 14), (14, 17), (17, 14), (14, 24), (24, 14), (14, 37), (37, 14), (15, 20), (20, 15), (15, 37), (37, 15), (15, 39), (39, 15), (15, 40), (40, 15), (16, 17), (17, 16), (16, 32), (32, 16), (16, 33), (33, 16), (17, 23), (23, 17), (17, 26), (26, 17), (17, 27), (27, 17), (17, 37), (37, 17), (17, 39), (39, 17), (18, 27), (27, 18), (19, 30), (30, 19), (19, 32), (32, 19), (20, 28), (28, 20), (20, 29), (29, 20), (20, 34), (34, 20), (20, 37), (37, 20), (21, 23), (23, 21), (21, 24), (24, 21), (21, 26), (26, 21), (22, 28), (28, 22), (22, 30), (30, 22), (22, 33), (33, 22), (23, 36), (36, 23), (24, 26), (26, 24), (24, 35), (35, 24), (25, 40), (40, 25), (26, 28), (28, 26), (26, 36), (36, 26), (27, 33), (33, 27), (28, 30), (30, 28), (29, 36), (36, 29), (30, 38), (38, 30), (31, 39), (39, 31), (32, 33), (33, 32), (32, 34), (34, 32), (32, 40), (40, 32), (36, 40), (40, 36)]
Z_dad = [27]
Y_dad = [23]
X_dad = [8]
Z_da-ad = [27]
Y_da-ad = [23]
X_da-ad = [8]
