no              #fail
0.490           #totTm
0.148           #lastADTm
3               #itDAD
1.000           #avItADGoal
4               #itADOpt
4               #opt
3               #optDA-AD
0.202           #tmDA
25.0            #relGain

V = [1, 2, 3, 4, 5, 6, 7, 8, 9, 10, 11, 12, 13, 14, 15, 16, 17, 18, 19, 20, 21, 22, 23, 24, 25, 26, 27, 28, 29, 30, 31, 32, 33, 34, 35, 36, 37, 38, 39, 40]
A = [(1, 4), (4, 1), (1, 37), (37, 1), (1, 39), (39, 1), (2, 12), (12, 2), (2, 24), (24, 2), (2, 27), (27, 2), (2, 31), (31, 2), (2, 35), (35, 2), (2, 36), (36, 2), (3, 4), (4, 3), (3, 13), (13, 3), (3, 20), (20, 3), (3, 23), (23, 3), (3, 24), (24, 3), (3, 25), (25, 3), (3, 30), (30, 3), (3, 33), (33, 3), (4, 13), (13, 4), (4, 19), (19, 4), (4, 24), (24, 4), (4, 25), (25, 4), (4, 32), (32, 4), (4, 37), (37, 4), (4, 38), (38, 4), (4, 39), (39, 4), (4, 40), (40, 4), (5, 9), (9, 5), (5, 31), (31, 5), (6, 12), (12, 6), (7, 14), (14, 7), (7, 17), (17, 7), (7, 18), (18, 7), (7, 27), (27, 7), (7, 38), (38, 7), (8, 31), (31, 8), (8, 36), (36, 8), (9, 15), (15, 9), (9, 19), (19, 9), (10, 20), (20, 10), (10, 21), (21, 10), (10, 27), (27, 10), (10, 38), (38, 10), (10, 39), (39, 10), (11, 20), (20, 11), (11, 23), (23, 11), (11, 26), (26, 11), (11, 27), (27, 11), (11, 33), (33, 11), (12, 14), (14, 12), (12, 32), (32, 12), (13, 19), (19, 13), (13, 34), (34, 13), (14, 15), (15, 14), (14, 24), (24, 14), (14, 29), (29, 14), (14, 36), (36, 14), (15, 25), (25, 15), (15, 27), (27, 15), (15, 35), (35, 15), (15, 40), (40, 15), (16, 27), (27, 16), (16, 28), (28, 16), (16, 32), (32, 16), (18, 23), (23, 18), (19, 31), (31, 19), (19, 33), (33, 19), (19, 34), (34, 19), (20, 24), (24, 20), (20, 28), (28, 20), (20, 31), (31, 20), (20, 33), (33, 20), (20, 34), (34, 20), (20, 37), (37, 20), (20, 40), (40, 20), (21, 28), (28, 21), (21, 37), (37, 21), (22, 34), (34, 22), (22, 36), (36, 22), (22, 38), (38, 22), (23, 28), (28, 23), (23, 30), (30, 23), (23, 34), (34, 23), (24, 29), (29, 24), (24, 34), (34, 24), (24, 35), (35, 24), (25, 37), (37, 25), (25, 38), (38, 25), (26, 31), (31, 26), (26, 36), (36, 26), (27, 30), (30, 27), (27, 31), (31, 27), (27, 35), (35, 27), (27, 40), (40, 27), (28, 33), (33, 28), (28, 40), (40, 28), (30, 40), (40, 30), (31, 33), (33, 31), (32, 39), (39, 32), (34, 35), (35, 34), (35, 40), (40, 35), (37, 40), (40, 37)]
Z_dad = [7]
Y_dad = [4]
X_dad = [23]
Z_da-ad = [12]
Y_da-ad = [7]
X_da-ad = [14]
