no              #fail
0.417           #totTm
0.102           #lastADTm
3               #itDAD
1.000           #avItADGoal
3               #itADOpt
3               #opt
3               #optDA-AD
0.194           #tmDA
0.0             #relGain

V = [1, 2, 3, 4, 5, 6, 7, 8, 9, 10, 11, 12, 13, 14, 15, 16, 17, 18, 19, 20, 21, 22, 23, 24, 25, 26, 27, 28, 29, 30, 31, 32, 33, 34, 35, 36, 37, 38, 39, 40]
A = [(1, 6), (6, 1), (1, 8), (8, 1), (1, 14), (14, 1), (1, 20), (20, 1), (1, 22), (22, 1), (1, 24), (24, 1), (1, 28), (28, 1), (1, 40), (40, 1), (2, 7), (7, 2), (2, 8), (8, 2), (2, 25), (25, 2), (3, 6), (6, 3), (3, 9), (9, 3), (3, 22), (22, 3), (3, 24), (24, 3), (3, 29), (29, 3), (3, 31), (31, 3), (3, 38), (38, 3), (4, 7), (7, 4), (4, 12), (12, 4), (4, 17), (17, 4), (4, 25), (25, 4), (4, 32), (32, 4), (5, 11), (11, 5), (5, 15), (15, 5), (6, 24), (24, 6), (6, 29), (29, 6), (6, 36), (36, 6), (7, 17), (17, 7), (7, 18), (18, 7), (7, 24), (24, 7), (7, 30), (30, 7), (7, 33), (33, 7), (7, 39), (39, 7), (8, 24), (24, 8), (8, 37), (37, 8), (8, 38), (38, 8), (9, 14), (14, 9), (9, 15), (15, 9), (9, 17), (17, 9), (9, 22), (22, 9), (9, 23), (23, 9), (9, 38), (38, 9), (10, 11), (11, 10), (10, 15), (15, 10), (10, 16), (16, 10), (10, 17), (17, 10), (10, 30), (30, 10), (10, 34), (34, 10), (10, 39), (39, 10), (11, 19), (19, 11), (11, 22), (22, 11), (12, 17), (17, 12), (12, 24), (24, 12), (12, 33), (33, 12), (12, 36), (36, 12), (13, 18), (18, 13), (13, 22), (22, 13), (13, 31), (31, 13), (13, 37), (37, 13), (14, 22), (22, 14), (14, 40), (40, 14), (15, 17), (17, 15), (15, 33), (33, 15), (15, 34), (34, 15), (16, 19), (19, 16), (16, 20), (20, 16), (16, 21), (21, 16), (16, 30), (30, 16), (16, 37), (37, 16), (17, 21), (21, 17), (17, 36), (36, 17), (17, 39), (39, 17), (18, 25), (25, 18), (18, 27), (27, 18), (18, 28), (28, 18), (18, 34), (34, 18), (18, 38), (38, 18), (18, 39), (39, 18), (19, 28), (28, 19), (19, 30), (30, 19), (20, 22), (22, 20), (21, 33), (33, 21), (22, 36), (36, 22), (23, 24), (24, 23), (23, 31), (31, 23), (24, 33), (33, 24), (24, 34), (34, 24), (24, 35), (35, 24), (24, 38), (38, 24), (25, 30), (30, 25), (25, 33), (33, 25), (25, 40), (40, 25), (26, 40), (40, 26), (27, 28), (28, 27), (28, 38), (38, 28), (29, 34), (34, 29), (30, 37), (37, 30), (32, 39), (39, 32), (35, 37), (37, 35), (37, 40), (40, 37)]
Z_dad = [24]
Y_dad = [17]
X_dad = [40]
Z_da-ad = [40]
Y_da-ad = [24]
X_da-ad = [1]
