no              #fail
1435.572        #totTm
1.765           #lastADTm
24              #itDAD
6.000           #avItADGoal
12              #itADOpt
9               #opt
7               #optDA-AD
25.94           #tmDA
22.2            #relGain

V = [1, 2, 3, 4, 5, 6, 7, 8, 9, 10, 11, 12, 13, 14, 15, 16, 17, 18, 19, 20, 21, 22, 23, 24, 25, 26, 27, 28, 29, 30, 31, 32, 33, 34, 35, 36, 37, 38, 39, 40]
A = [(1, 12), (12, 1), (1, 21), (21, 1), (1, 24), (24, 1), (1, 39), (39, 1), (2, 10), (10, 2), (2, 37), (37, 2), (3, 8), (8, 3), (3, 17), (17, 3), (3, 19), (19, 3), (3, 21), (21, 3), (3, 22), (22, 3), (3, 25), (25, 3), (3, 31), (31, 3), (4, 13), (13, 4), (4, 20), (20, 4), (4, 22), (22, 4), (4, 35), (35, 4), (5, 20), (20, 5), (5, 25), (25, 5), (5, 28), (28, 5), (5, 32), (32, 5), (5, 34), (34, 5), (5, 35), (35, 5), (6, 12), (12, 6), (6, 13), (13, 6), (6, 15), (15, 6), (6, 29), (29, 6), (6, 31), (31, 6), (6, 32), (32, 6), (6, 33), (33, 6), (6, 37), (37, 6), (6, 40), (40, 6), (7, 9), (9, 7), (7, 10), (10, 7), (7, 11), (11, 7), (7, 13), (13, 7), (7, 15), (15, 7), (8, 11), (11, 8), (8, 13), (13, 8), (8, 14), (14, 8), (9, 17), (17, 9), (9, 22), (22, 9), (9, 25), (25, 9), (9, 39), (39, 9), (10, 17), (17, 10), (10, 18), (18, 10), (10, 19), (19, 10), (10, 23), (23, 10), (10, 31), (31, 10), (11, 13), (13, 11), (11, 21), (21, 11), (11, 23), (23, 11), (11, 27), (27, 11), (11, 34), (34, 11), (11, 37), (37, 11), (12, 15), (15, 12), (12, 20), (20, 12), (12, 25), (25, 12), (12, 29), (29, 12), (12, 33), (33, 12), (12, 34), (34, 12), (13, 21), (21, 13), (13, 33), (33, 13), (13, 37), (37, 13), (13, 39), (39, 13), (14, 15), (15, 14), (14, 26), (26, 14), (14, 28), (28, 14), (15, 16), (16, 15), (15, 18), (18, 15), (15, 21), (21, 15), (15, 35), (35, 15), (16, 20), (20, 16), (16, 21), (21, 16), (17, 30), (30, 17), (17, 40), (40, 17), (19, 28), (28, 19), (20, 24), (24, 20), (20, 26), (26, 20), (20, 35), (35, 20), (20, 38), (38, 20), (21, 26), (26, 21), (21, 31), (31, 21), (21, 34), (34, 21), (22, 24), (24, 22), (22, 26), (26, 22), (22, 31), (31, 22), (23, 34), (34, 23), (24, 35), (35, 24), (24, 36), (36, 24), (26, 27), (27, 26), (26, 30), (30, 26), (26, 32), (32, 26), (26, 37), (37, 26), (26, 39), (39, 26), (31, 39), (39, 31), (31, 40), (40, 31), (33, 34), (34, 33), (33, 36), (36, 33), (36, 40), (40, 36), (38, 40), (40, 38)]
Z_dad = [5, 10, 26]
Y_dad = [3, 12, 13]
X_dad = [6, 11, 15]
Z_da-ad = [5, 14, 19]
Y_da-ad = [10, 26, 28]
X_da-ad = [3, 11, 13]
