no              #fail
640.036         #totTm
4.887           #lastADTm
15              #itDAD
2.429           #avItADGoal
20              #itADOpt
9               #opt
8               #optDA-AD
17.19           #tmDA
11.1            #relGain

V = [1, 2, 3, 4, 5, 6, 7, 8, 9, 10, 11, 12, 13, 14, 15, 16, 17, 18, 19, 20, 21, 22, 23, 24, 25, 26, 27, 28, 29, 30, 31, 32, 33, 34, 35, 36, 37, 38, 39, 40]
A = [(1, 6), (6, 1), (1, 7), (7, 1), (1, 10), (10, 1), (1, 34), (34, 1), (1, 37), (37, 1), (2, 9), (9, 2), (2, 12), (12, 2), (2, 26), (26, 2), (2, 32), (32, 2), (2, 33), (33, 2), (2, 38), (38, 2), (3, 9), (9, 3), (3, 21), (21, 3), (3, 38), (38, 3), (4, 6), (6, 4), (4, 15), (15, 4), (4, 20), (20, 4), (4, 32), (32, 4), (4, 34), (34, 4), (4, 37), (37, 4), (5, 11), (11, 5), (5, 23), (23, 5), (5, 27), (27, 5), (5, 34), (34, 5), (5, 36), (36, 5), (5, 39), (39, 5), (6, 13), (13, 6), (6, 19), (19, 6), (6, 27), (27, 6), (6, 35), (35, 6), (7, 9), (9, 7), (7, 14), (14, 7), (7, 17), (17, 7), (7, 22), (22, 7), (7, 27), (27, 7), (7, 30), (30, 7), (7, 35), (35, 7), (7, 39), (39, 7), (8, 15), (15, 8), (9, 25), (25, 9), (9, 27), (27, 9), (9, 28), (28, 9), (9, 33), (33, 9), (10, 22), (22, 10), (11, 24), (24, 11), (11, 25), (25, 11), (11, 27), (27, 11), (11, 28), (28, 11), (11, 38), (38, 11), (12, 22), (22, 12), (12, 30), (30, 12), (12, 31), (31, 12), (12, 32), (32, 12), (12, 34), (34, 12), (12, 40), (40, 12), (13, 14), (14, 13), (13, 15), (15, 13), (13, 31), (31, 13), (13, 32), (32, 13), (13, 35), (35, 13), (13, 36), (36, 13), (13, 40), (40, 13), (14, 16), (16, 14), (14, 19), (19, 14), (14, 25), (25, 14), (14, 28), (28, 14), (14, 40), (40, 14), (15, 31), (31, 15), (16, 20), (20, 16), (16, 22), (22, 16), (16, 32), (32, 16), (16, 33), (33, 16), (16, 34), (34, 16), (16, 36), (36, 16), (17, 28), (28, 17), (18, 24), (24, 18), (18, 35), (35, 18), (19, 22), (22, 19), (19, 25), (25, 19), (19, 29), (29, 19), (19, 30), (30, 19), (19, 38), (38, 19), (20, 33), (33, 20), (20, 38), (38, 20), (21, 25), (25, 21), (21, 32), (32, 21), (22, 27), (27, 22), (22, 39), (39, 22), (24, 30), (30, 24), (24, 37), (37, 24), (26, 27), (27, 26), (27, 31), (31, 27), (27, 39), (39, 27), (28, 30), (30, 28), (28, 34), (34, 28), (28, 37), (37, 28), (30, 32), (32, 30), (31, 37), (37, 31), (33, 34), (34, 33), (37, 39), (39, 37), (37, 40), (40, 37)]
Z_dad = [7, 13, 28]
Y_dad = [17, 27, 32]
X_dad = [4, 5, 31]
Z_da-ad = [5, 15, 19]
Y_da-ad = [8, 11, 23]
X_da-ad = [1, 2, 22]
