no              #fail
3125.731        #totTm
24.367          #lastADTm
12              #itDAD
4.091           #avItADGoal
32              #itADOpt
7               #opt
7               #optDA-AD
22.5            #tmDA
0.0             #relGain

V = [1, 2, 3, 4, 5, 6, 7, 8, 9, 10, 11, 12, 13, 14, 15, 16, 17, 18, 19, 20, 21, 22, 23, 24, 25, 26, 27, 28, 29, 30, 31, 32, 33, 34, 35, 36, 37, 38, 39, 40, 41, 42, 43, 44, 45, 46, 47, 48, 49, 50, 51, 52, 53, 54, 55, 56, 57, 58, 59, 60, 61, 62, 63, 64, 65, 66, 67, 68, 69, 70, 71, 72, 73, 74, 75, 76, 77, 78, 79, 80, 81, 82, 83, 84, 85, 86, 87, 88, 89, 90, 91, 92, 93, 94, 95, 96, 97, 98, 99, 100]
A = [(1, 2), (2, 1), (1, 29), (29, 1), (1, 93), (93, 1), (2, 30), (30, 2), (2, 78), (78, 2), (3, 12), (12, 3), (3, 45), (45, 3), (3, 72), (72, 3), (3, 89), (89, 3), (3, 92), (92, 3), (3, 100), (100, 3), (4, 8), (8, 4), (4, 27), (27, 4), (4, 51), (51, 4), (4, 66), (66, 4), (4, 82), (82, 4), (5, 11), (11, 5), (5, 74), (74, 5), (5, 79), (79, 5), (5, 84), (84, 5), (6, 55), (55, 6), (6, 78), (78, 6), (6, 83), (83, 6), (6, 85), (85, 6), (6, 95), (95, 6), (7, 22), (22, 7), (7, 37), (37, 7), (7, 43), (43, 7), (8, 14), (14, 8), (8, 15), (15, 8), (8, 25), (25, 8), (8, 26), (26, 8), (8, 32), (32, 8), (8, 54), (54, 8), (8, 81), (81, 8), (9, 22), (22, 9), (9, 39), (39, 9), (9, 44), (44, 9), (9, 74), (74, 9), (10, 56), (56, 10), (10, 74), (74, 10), (10, 76), (76, 10), (10, 83), (83, 10), (10, 89), (89, 10), (11, 28), (28, 11), (11, 33), (33, 11), (11, 36), (36, 11), (11, 39), (39, 11), (11, 50), (50, 11), (11, 57), (57, 11), (11, 78), (78, 11), (11, 88), (88, 11), (11, 92), (92, 11), (11, 99), (99, 11), (12, 13), (13, 12), (12, 69), (69, 12), (12, 70), (70, 12), (12, 74), (74, 12), (12, 77), (77, 12), (13, 29), (29, 13), (13, 33), (33, 13), (13, 40), (40, 13), (13, 45), (45, 13), (13, 75), (75, 13), (13, 76), (76, 13), (13, 92), (92, 13), (14, 63), (63, 14), (14, 81), (81, 14), (15, 18), (18, 15), (15, 37), (37, 15), (15, 40), (40, 15), (15, 92), (92, 15), (15, 96), (96, 15), (15, 97), (97, 15), (16, 18), (18, 16), (16, 47), (47, 16), (16, 63), (63, 16), (16, 80), (80, 16), (17, 26), (26, 17), (17, 53), (53, 17), (17, 82), (82, 17), (17, 100), (100, 17), (18, 21), (21, 18), (18, 36), (36, 18), (18, 42), (42, 18), (18, 60), (60, 18), (19, 44), (44, 19), (19, 49), (49, 19), (19, 64), (64, 19), (19, 71), (71, 19), (19, 90), (90, 19), (20, 37), (37, 20), (20, 39), (39, 20), (20, 54), (54, 20), (20, 76), (76, 20), (21, 26), (26, 21), (21, 48), (48, 21), (21, 61), (61, 21), (21, 84), (84, 21), (21, 86), (86, 21), (22, 25), (25, 22), (22, 45), (45, 22), (22, 49), (49, 22), (22, 56), (56, 22), (22, 70), (70, 22), (22, 79), (79, 22), (23, 55), (55, 23), (23, 73), (73, 23), (23, 78), (78, 23), (24, 37), (37, 24), (24, 60), (60, 24), (24, 71), (71, 24), (24, 73), (73, 24), (24, 74), (74, 24), (24, 76), (76, 24), (24, 97), (97, 24), (25, 42), (42, 25), (25, 52), (52, 25), (25, 87), (87, 25), (25, 96), (96, 25), (26, 52), (52, 26), (26, 65), (65, 26), (26, 66), (66, 26), (26, 97), (97, 26), (27, 30), (30, 27), (27, 52), (52, 27), (27, 67), (67, 27), (27, 76), (76, 27), (28, 36), (36, 28), (28, 48), (48, 28), (29, 74), (74, 29), (30, 37), (37, 30), (30, 63), (63, 30), (30, 90), (90, 30), (30, 100), (100, 30), (31, 33), (33, 31), (31, 51), (51, 31), (31, 61), (61, 31), (31, 96), (96, 31), (32, 61), (61, 32), (32, 76), (76, 32), (32, 79), (79, 32), (32, 100), (100, 32), (33, 48), (48, 33), (34, 71), (71, 34), (34, 72), (72, 34), (34, 80), (80, 34), (35, 62), (62, 35), (35, 65), (65, 35), (35, 84), (84, 35), (35, 99), (99, 35), (36, 44), (44, 36), (36, 48), (48, 36), (36, 66), (66, 36), (36, 69), (69, 36), (37, 49), (49, 37), (37, 78), (78, 37), (37, 99), (99, 37), (38, 48), (48, 38), (38, 63), (63, 38), (38, 72), (72, 38), (38, 73), (73, 38), (38, 90), (90, 38), (38, 93), (93, 38), (39, 49), (49, 39), (39, 52), (52, 39), (40, 56), (56, 40), (41, 73), (73, 41), (41, 79), (79, 41), (43, 60), (60, 43), (43, 74), (74, 43), (43, 81), (81, 43), (44, 89), (89, 44), (45, 58), (58, 45), (45, 80), (80, 45), (45, 94), (94, 45), (45, 97), (97, 45), (46, 63), (63, 46), (46, 64), (64, 46), (46, 66), (66, 46), (46, 93), (93, 46), (48, 59), (59, 48), (48, 73), (73, 48), (48, 98), (98, 48), (49, 59), (59, 49), (49, 86), (86, 49), (49, 87), (87, 49), (51, 55), (55, 51), (51, 70), (70, 51), (51, 73), (73, 51), (51, 99), (99, 51), (52, 91), (91, 52), (53, 64), (64, 53), (53, 76), (76, 53), (54, 76), (76, 54), (54, 79), (79, 54), (54, 95), (95, 54), (54, 97), (97, 54), (54, 99), (99, 54), (55, 69), (69, 55), (55, 80), (80, 55), (56, 87), (87, 56), (57, 78), (78, 57), (58, 69), (69, 58), (58, 70), (70, 58), (58, 74), (74, 58), (59, 60), (60, 59), (60, 61), (61, 60), (60, 75), (75, 60), (60, 99), (99, 60), (61, 82), (82, 61), (61, 99), (99, 61), (63, 66), (66, 63), (64, 65), (65, 64), (64, 81), (81, 64), (65, 89), (89, 65), (66, 84), (84, 66), (66, 92), (92, 66), (67, 94), (94, 67), (68, 90), (90, 68), (69, 73), (73, 69), (69, 95), (95, 69), (69, 98), (98, 69), (71, 73), (73, 71), (71, 89), (89, 71), (75, 80), (80, 75), (75, 100), (100, 75), (76, 79), (79, 76), (76, 83), (83, 76), (76, 100), (100, 76), (78, 79), (79, 78), (79, 90), (90, 79), (79, 93), (93, 79), (80, 81), (81, 80), (80, 99), (99, 80), (81, 97), (97, 81), (82, 85), (85, 82), (82, 86), (86, 82), (82, 94), (94, 82), (82, 97), (97, 82), (83, 84), (84, 83), (84, 87), (87, 84), (84, 94), (94, 84), (86, 87), (87, 86), (86, 99), (99, 86), (90, 99), (99, 90), (93, 97), (97, 93)]
Z_dad = [11, 12, 35]
Y_dad = [62, 76, 77]
X_dad = [52]
Z_da-ad = [11, 52, 90]
Y_da-ad = [35, 68, 91]
X_da-ad = [12]
