no              #fail
5267.377        #totTm
32.073          #lastADTm
11              #itDAD
7.500           #avItADGoal
49              #itADOpt
8               #opt
7               #optDA-AD
3.63            #tmDA
12.5            #relGain

V = [1, 2, 3, 4, 5, 6, 7, 8, 9, 10, 11, 12, 13, 14, 15, 16, 17, 18, 19, 20, 21, 22, 23, 24, 25, 26, 27, 28, 29, 30, 31, 32, 33, 34, 35, 36, 37, 38, 39, 40, 41, 42, 43, 44, 45, 46, 47, 48, 49, 50, 51, 52, 53, 54, 55, 56, 57, 58, 59, 60, 61, 62, 63, 64, 65, 66, 67, 68, 69, 70, 71, 72, 73, 74, 75, 76, 77, 78, 79, 80, 81, 82, 83, 84, 85, 86, 87, 88, 89, 90, 91, 92, 93, 94, 95, 96, 97, 98, 99, 100]
A = [(1, 3), (3, 1), (1, 27), (27, 1), (1, 29), (29, 1), (1, 34), (34, 1), (1, 65), (65, 1), (2, 11), (11, 2), (2, 13), (13, 2), (2, 70), (70, 2), (3, 5), (5, 3), (3, 8), (8, 3), (3, 19), (19, 3), (3, 20), (20, 3), (3, 27), (27, 3), (3, 38), (38, 3), (3, 51), (51, 3), (3, 69), (69, 3), (3, 95), (95, 3), (4, 12), (12, 4), (4, 28), (28, 4), (4, 33), (33, 4), (4, 65), (65, 4), (4, 73), (73, 4), (4, 89), (89, 4), (5, 92), (92, 5), (6, 31), (31, 6), (6, 37), (37, 6), (6, 59), (59, 6), (6, 62), (62, 6), (6, 76), (76, 6), (7, 21), (21, 7), (7, 45), (45, 7), (7, 92), (92, 7), (7, 96), (96, 7), (8, 80), (80, 8), (8, 83), (83, 8), (9, 10), (10, 9), (9, 30), (30, 9), (9, 47), (47, 9), (10, 34), (34, 10), (10, 35), (35, 10), (10, 72), (72, 10), (10, 93), (93, 10), (11, 17), (17, 11), (11, 28), (28, 11), (11, 55), (55, 11), (11, 69), (69, 11), (11, 85), (85, 11), (12, 25), (25, 12), (12, 26), (26, 12), (12, 27), (27, 12), (12, 62), (62, 12), (12, 78), (78, 12), (13, 26), (26, 13), (13, 30), (30, 13), (13, 41), (41, 13), (13, 50), (50, 13), (13, 64), (64, 13), (13, 83), (83, 13), (14, 18), (18, 14), (14, 36), (36, 14), (14, 44), (44, 14), (14, 51), (51, 14), (14, 52), (52, 14), (14, 60), (60, 14), (14, 64), (64, 14), (14, 72), (72, 14), (14, 100), (100, 14), (16, 53), (53, 16), (17, 30), (30, 17), (17, 74), (74, 17), (18, 50), (50, 18), (18, 78), (78, 18), (18, 89), (89, 18), (18, 94), (94, 18), (19, 24), (24, 19), (19, 56), (56, 19), (19, 63), (63, 19), (19, 86), (86, 19), (19, 88), (88, 19), (20, 25), (25, 20), (20, 54), (54, 20), (20, 85), (85, 20), (20, 99), (99, 20), (21, 40), (40, 21), (21, 46), (46, 21), (22, 49), (49, 22), (22, 59), (59, 22), (22, 60), (60, 22), (22, 64), (64, 22), (22, 82), (82, 22), (23, 38), (38, 23), (23, 49), (49, 23), (23, 66), (66, 23), (23, 74), (74, 23), (24, 64), (64, 24), (24, 67), (67, 24), (25, 44), (44, 25), (25, 84), (84, 25), (26, 28), (28, 26), (26, 64), (64, 26), (26, 65), (65, 26), (26, 66), (66, 26), (26, 77), (77, 26), (27, 86), (86, 27), (27, 89), (89, 27), (28, 39), (39, 28), (28, 74), (74, 28), (28, 82), (82, 28), (28, 90), (90, 28), (28, 92), (92, 28), (28, 98), (98, 28), (29, 48), (48, 29), (29, 68), (68, 29), (29, 95), (95, 29), (30, 33), (33, 30), (30, 54), (54, 30), (31, 37), (37, 31), (31, 44), (44, 31), (31, 54), (54, 31), (31, 55), (55, 31), (31, 84), (84, 31), (31, 95), (95, 31), (32, 34), (34, 32), (33, 37), (37, 33), (33, 53), (53, 33), (33, 60), (60, 33), (33, 65), (65, 33), (33, 99), (99, 33), (34, 45), (45, 34), (34, 96), (96, 34), (35, 42), (42, 35), (35, 86), (86, 35), (35, 93), (93, 35), (36, 37), (37, 36), (36, 45), (45, 36), (36, 56), (56, 36), (36, 64), (64, 36), (36, 77), (77, 36), (37, 41), (41, 37), (37, 58), (58, 37), (37, 78), (78, 37), (38, 45), (45, 38), (38, 64), (64, 38), (38, 92), (92, 38), (39, 51), (51, 39), (39, 99), (99, 39), (40, 42), (42, 40), (40, 43), (43, 40), (40, 78), (78, 40), (40, 89), (89, 40), (40, 90), (90, 40), (41, 43), (43, 41), (41, 47), (47, 41), (41, 56), (56, 41), (41, 64), (64, 41), (42, 56), (56, 42), (42, 94), (94, 42), (43, 44), (44, 43), (43, 55), (55, 43), (43, 88), (88, 43), (43, 98), (98, 43), (43, 100), (100, 43), (44, 53), (53, 44), (44, 72), (72, 44), (45, 54), (54, 45), (45, 63), (63, 45), (45, 98), (98, 45), (46, 49), (49, 46), (46, 76), (76, 46), (46, 84), (84, 46), (46, 95), (95, 46), (47, 62), (62, 47), (47, 64), (64, 47), (48, 76), (76, 48), (48, 80), (80, 48), (48, 93), (93, 48), (49, 66), (66, 49), (49, 90), (90, 49), (49, 92), (92, 49), (50, 65), (65, 50), (50, 94), (94, 50), (50, 98), (98, 50), (51, 79), (79, 51), (51, 92), (92, 51), (51, 97), (97, 51), (52, 66), (66, 52), (52, 70), (70, 52), (52, 81), (81, 52), (52, 89), (89, 52), (53, 58), (58, 53), (53, 87), (87, 53), (54, 65), (65, 54), (55, 69), (69, 55), (57, 80), (80, 57), (57, 89), (89, 57), (58, 95), (95, 58), (59, 66), (66, 59), (59, 71), (71, 59), (59, 81), (81, 59), (59, 83), (83, 59), (60, 80), (80, 60), (60, 95), (95, 60), (62, 98), (98, 62), (63, 67), (67, 63), (63, 68), (68, 63), (63, 94), (94, 63), (64, 70), (70, 64), (64, 75), (75, 64), (65, 69), (69, 65), (65, 73), (73, 65), (65, 76), (76, 65), (65, 84), (84, 65), (66, 79), (79, 66), (66, 89), (89, 66), (67, 75), (75, 67), (67, 82), (82, 67), (67, 85), (85, 67), (68, 88), (88, 68), (68, 89), (89, 68), (69, 81), (81, 69), (70, 76), (76, 70), (70, 89), (89, 70), (70, 95), (95, 70), (70, 98), (98, 70), (71, 86), (86, 71), (71, 90), (90, 71), (71, 93), (93, 71), (74, 86), (86, 74), (74, 99), (99, 74), (75, 89), (89, 75), (77, 88), (88, 77), (77, 96), (96, 77), (78, 92), (92, 78), (79, 90), (90, 79), (80, 96), (96, 80), (81, 98), (98, 81), (82, 87), (87, 82), (82, 93), (93, 82), (82, 97), (97, 82), (83, 95), (95, 83), (84, 85), (85, 84), (86, 87), (87, 86), (86, 89), (89, 86), (86, 92), (92, 86), (86, 99), (99, 86), (94, 100), (100, 94), (96, 98), (98, 96)]
Z_dad = [34, 53, 82]
Y_dad = [32, 64, 91]
X_dad = [86]
Z_da-ad = [1, 34, 53]
Y_da-ad = [11, 32, 61]
X_da-ad = [5]
