no              #fail
19.155          #totTm
1.287           #lastADTm
8               #itDAD
2.571           #avItADGoal
9               #itADOpt
6               #opt
6               #optDA-AD
0.6             #tmDA
0.0             #relGain

V = [1, 2, 3, 4, 5, 6, 7, 8, 9, 10, 11, 12, 13, 14, 15, 16, 17, 18, 19, 20, 21, 22, 23, 24, 25, 26, 27, 28, 29, 30, 31, 32, 33, 34, 35, 36, 37, 38, 39, 40]
A = [(1, 4), (4, 1), (1, 22), (22, 1), (1, 24), (24, 1), (1, 33), (33, 1), (2, 3), (3, 2), (2, 11), (11, 2), (2, 17), (17, 2), (2, 24), (24, 2), (2, 29), (29, 2), (3, 18), (18, 3), (3, 21), (21, 3), (3, 24), (24, 3), (3, 30), (30, 3), (3, 31), (31, 3), (3, 37), (37, 3), (4, 7), (7, 4), (4, 26), (26, 4), (4, 35), (35, 4), (4, 40), (40, 4), (5, 20), (20, 5), (5, 24), (24, 5), (5, 27), (27, 5), (5, 36), (36, 5), (6, 23), (23, 6), (6, 29), (29, 6), (7, 8), (8, 7), (7, 12), (12, 7), (7, 21), (21, 7), (7, 30), (30, 7), (8, 11), (11, 8), (8, 17), (17, 8), (8, 29), (29, 8), (8, 39), (39, 8), (8, 40), (40, 8), (9, 24), (24, 9), (9, 34), (34, 9), (9, 38), (38, 9), (10, 13), (13, 10), (10, 25), (25, 10), (10, 26), (26, 10), (10, 28), (28, 10), (10, 36), (36, 10), (11, 22), (22, 11), (12, 23), (23, 12), (12, 32), (32, 12), (12, 33), (33, 12), (13, 19), (19, 13), (13, 22), (22, 13), (13, 24), (24, 13), (13, 27), (27, 13), (13, 36), (36, 13), (14, 29), (29, 14), (14, 32), (32, 14), (15, 19), (19, 15), (15, 27), (27, 15), (15, 34), (34, 15), (15, 35), (35, 15), (16, 26), (26, 16), (17, 29), (29, 17), (18, 30), (30, 18), (18, 32), (32, 18), (19, 25), (25, 19), (19, 26), (26, 19), (20, 21), (21, 20), (20, 22), (22, 20), (21, 25), (25, 21), (21, 27), (27, 21), (21, 33), (33, 21), (21, 39), (39, 21), (22, 23), (23, 22), (22, 26), (26, 22), (22, 34), (34, 22), (23, 25), (25, 23), (23, 29), (29, 23), (23, 35), (35, 23), (23, 36), (36, 23), (23, 37), (37, 23), (24, 25), (25, 24), (25, 27), (27, 25), (25, 31), (31, 25), (25, 34), (34, 25), (25, 38), (38, 25), (26, 33), (33, 26), (26, 37), (37, 26), (27, 35), (35, 27), (29, 37), (37, 29), (29, 39), (39, 29), (30, 33), (33, 30), (31, 35), (35, 31), (31, 38), (38, 31), (32, 33), (33, 32), (33, 36), (36, 33), (34, 38), (38, 34)]
Z_dad = [23, 29]
Y_dad = [10, 26]
X_dad = [5, 32]
Z_da-ad = [10, 26]
Y_da-ad = [8, 16]
X_da-ad = [29, 32]
