no              #fail
62.542          #totTm
1.163           #lastADTm
13              #itDAD
2.667           #avItADGoal
9               #itADOpt
6               #opt
6               #optDA-AD
0.565           #tmDA
0.0             #relGain

V = [1, 2, 3, 4, 5, 6, 7, 8, 9, 10, 11, 12, 13, 14, 15, 16, 17, 18, 19, 20, 21, 22, 23, 24, 25, 26, 27, 28, 29, 30, 31, 32, 33, 34, 35, 36, 37, 38, 39, 40]
A = [(1, 4), (4, 1), (1, 7), (7, 1), (1, 8), (8, 1), (1, 9), (9, 1), (1, 20), (20, 1), (1, 27), (27, 1), (1, 32), (32, 1), (1, 34), (34, 1), (2, 5), (5, 2), (2, 19), (19, 2), (3, 8), (8, 3), (3, 10), (10, 3), (3, 12), (12, 3), (3, 32), (32, 3), (3, 34), (34, 3), (3, 39), (39, 3), (4, 24), (24, 4), (4, 28), (28, 4), (4, 29), (29, 4), (4, 30), (30, 4), (4, 38), (38, 4), (5, 7), (7, 5), (5, 13), (13, 5), (5, 15), (15, 5), (5, 18), (18, 5), (5, 22), (22, 5), (5, 23), (23, 5), (5, 27), (27, 5), (5, 32), (32, 5), (5, 35), (35, 5), (6, 18), (18, 6), (6, 38), (38, 6), (7, 11), (11, 7), (7, 30), (30, 7), (8, 23), (23, 8), (8, 24), (24, 8), (8, 25), (25, 8), (8, 28), (28, 8), (8, 29), (29, 8), (8, 34), (34, 8), (9, 31), (31, 9), (9, 40), (40, 9), (10, 26), (26, 10), (10, 36), (36, 10), (10, 40), (40, 10), (11, 15), (15, 11), (13, 27), (27, 13), (13, 30), (30, 13), (14, 25), (25, 14), (15, 27), (27, 15), (15, 32), (32, 15), (15, 34), (34, 15), (15, 38), (38, 15), (16, 30), (30, 16), (16, 31), (31, 16), (17, 20), (20, 17), (17, 26), (26, 17), (17, 32), (32, 17), (17, 37), (37, 17), (17, 39), (39, 17), (18, 23), (23, 18), (18, 25), (25, 18), (18, 30), (30, 18), (18, 33), (33, 18), (18, 34), (34, 18), (19, 38), (38, 19), (19, 39), (39, 19), (20, 21), (21, 20), (21, 37), (37, 21), (22, 27), (27, 22), (22, 39), (39, 22), (23, 24), (24, 23), (23, 38), (38, 23), (24, 33), (33, 24), (24, 37), (37, 24), (25, 26), (26, 25), (25, 29), (29, 25), (25, 38), (38, 25), (25, 40), (40, 25), (26, 32), (32, 26), (26, 35), (35, 26), (27, 31), (31, 27), (27, 33), (33, 27), (27, 37), (37, 27), (28, 33), (33, 28), (32, 34), (34, 32), (32, 37), (37, 32), (33, 35), (35, 33), (33, 39), (39, 33), (34, 38), (38, 34), (36, 37), (37, 36), (37, 40), (40, 37), (38, 40), (40, 38)]
Z_dad = [3, 5]
Y_dad = [1, 19]
X_dad = [25, 31]
Z_da-ad = [3, 25]
Y_da-ad = [14, 19]
X_da-ad = [20, 37]
