no              #fail
20.367          #totTm
1.089           #lastADTm
10              #itDAD
2.333           #avItADGoal
5               #itADOpt
6               #opt
5               #optDA-AD
2.272           #tmDA
16.7            #relGain

V = [1, 2, 3, 4, 5, 6, 7, 8, 9, 10, 11, 12, 13, 14, 15, 16, 17, 18, 19, 20, 21, 22, 23, 24, 25, 26, 27, 28, 29, 30, 31, 32, 33, 34, 35, 36, 37, 38, 39, 40]
A = [(1, 26), (26, 1), (1, 28), (28, 1), (1, 31), (31, 1), (2, 9), (9, 2), (2, 26), (26, 2), (3, 10), (10, 3), (3, 31), (31, 3), (3, 36), (36, 3), (4, 11), (11, 4), (4, 16), (16, 4), (4, 30), (30, 4), (5, 11), (11, 5), (5, 27), (27, 5), (5, 35), (35, 5), (6, 15), (15, 6), (6, 39), (39, 6), (7, 12), (12, 7), (7, 24), (24, 7), (7, 32), (32, 7), (7, 33), (33, 7), (7, 37), (37, 7), (7, 38), (38, 7), (8, 13), (13, 8), (8, 25), (25, 8), (9, 12), (12, 9), (9, 15), (15, 9), (9, 30), (30, 9), (10, 12), (12, 10), (10, 22), (22, 10), (10, 23), (23, 10), (10, 24), (24, 10), (11, 15), (15, 11), (11, 16), (16, 11), (12, 23), (23, 12), (12, 24), (24, 12), (12, 27), (27, 12), (13, 14), (14, 13), (13, 32), (32, 13), (13, 34), (34, 13), (13, 35), (35, 13), (14, 15), (15, 14), (14, 22), (22, 14), (14, 24), (24, 14), (14, 37), (37, 14), (15, 17), (17, 15), (15, 19), (19, 15), (15, 28), (28, 15), (15, 34), (34, 15), (16, 17), (17, 16), (16, 24), (24, 16), (16, 28), (28, 16), (16, 35), (35, 16), (16, 38), (38, 16), (17, 18), (18, 17), (17, 21), (21, 17), (17, 24), (24, 17), (18, 30), (30, 18), (18, 35), (35, 18), (19, 23), (23, 19), (19, 38), (38, 19), (20, 23), (23, 20), (20, 29), (29, 20), (20, 33), (33, 20), (21, 22), (22, 21), (21, 36), (36, 21), (21, 37), (37, 21), (21, 38), (38, 21), (21, 40), (40, 21), (22, 30), (30, 22), (22, 39), (39, 22), (22, 40), (40, 22), (23, 25), (25, 23), (23, 39), (39, 23), (23, 40), (40, 23), (24, 28), (28, 24), (24, 35), (35, 24), (25, 28), (28, 25), (25, 34), (34, 25), (25, 35), (35, 25), (25, 36), (36, 25), (26, 30), (30, 26), (28, 30), (30, 28), (29, 30), (30, 29), (29, 39), (39, 29), (30, 39), (39, 30), (31, 32), (32, 31), (32, 34), (34, 32), (33, 34), (34, 33), (33, 38), (38, 33), (34, 37), (37, 34), (35, 37), (37, 35), (35, 38), (38, 35), (36, 40), (40, 36)]
Z_dad = [15, 30]
Y_dad = [12, 35]
X_dad = [1, 9]
Z_da-ad = [5, 12]
Y_da-ad = [3, 27]
X_da-ad = [13, 25]
