no              #fail
998.459         #totTm
0.789           #lastADTm
16              #itDAD
3.267           #avItADGoal
4               #itADOpt
5               #opt
5               #optDA-AD
0.697           #tmDA
0.0             #relGain

V = [1, 2, 3, 4, 5, 6, 7, 8, 9, 10, 11, 12, 13, 14, 15, 16, 17, 18, 19, 20, 21, 22, 23, 24, 25, 26, 27, 28, 29, 30, 31, 32, 33, 34, 35, 36, 37, 38, 39, 40]
A = [(1, 2), (2, 1), (1, 6), (6, 1), (1, 34), (34, 1), (2, 9), (9, 2), (2, 10), (10, 2), (2, 28), (28, 2), (2, 30), (30, 2), (3, 9), (9, 3), (3, 11), (11, 3), (3, 14), (14, 3), (3, 22), (22, 3), (3, 26), (26, 3), (3, 27), (27, 3), (3, 40), (40, 3), (4, 5), (5, 4), (4, 22), (22, 4), (5, 28), (28, 5), (5, 30), (30, 5), (5, 34), (34, 5), (5, 35), (35, 5), (6, 8), (8, 6), (6, 12), (12, 6), (6, 14), (14, 6), (6, 21), (21, 6), (6, 29), (29, 6), (6, 36), (36, 6), (6, 40), (40, 6), (7, 8), (8, 7), (7, 11), (11, 7), (7, 21), (21, 7), (7, 23), (23, 7), (8, 29), (29, 8), (8, 37), (37, 8), (9, 13), (13, 9), (9, 29), (29, 9), (9, 32), (32, 9), (10, 14), (14, 10), (10, 17), (17, 10), (10, 20), (20, 10), (10, 23), (23, 10), (10, 25), (25, 10), (10, 34), (34, 10), (10, 36), (36, 10), (10, 39), (39, 10), (10, 40), (40, 10), (11, 12), (12, 11), (11, 14), (14, 11), (11, 16), (16, 11), (11, 18), (18, 11), (11, 31), (31, 11), (12, 25), (25, 12), (12, 38), (38, 12), (13, 20), (20, 13), (13, 21), (21, 13), (14, 25), (25, 14), (14, 31), (31, 14), (15, 25), (25, 15), (15, 31), (31, 15), (15, 35), (35, 15), (16, 30), (30, 16), (16, 32), (32, 16), (17, 31), (31, 17), (17, 33), (33, 17), (17, 34), (34, 17), (17, 38), (38, 17), (17, 39), (39, 17), (18, 33), (33, 18), (18, 39), (39, 18), (19, 22), (22, 19), (19, 35), (35, 19), (19, 36), (36, 19), (20, 24), (24, 20), (20, 31), (31, 20), (20, 35), (35, 20), (22, 30), (30, 22), (22, 32), (32, 22), (22, 35), (35, 22), (22, 36), (36, 22), (22, 37), (37, 22), (23, 40), (40, 23), (24, 27), (27, 24), (24, 28), (28, 24), (24, 34), (34, 24), (24, 35), (35, 24), (28, 31), (31, 28), (29, 38), (38, 29), (30, 36), (36, 30), (30, 38), (38, 30), (31, 36), (36, 31), (32, 37), (37, 32), (32, 39), (39, 32), (33, 34), (34, 33), (34, 39), (39, 34)]
Z_dad = [6, 9]
Y_dad = [3, 20]
X_dad = [8, 38]
Z_da-ad = [3, 24]
Y_da-ad = [22, 27]
X_da-ad = [30, 32]
