no              #fail
17.771          #totTm
1.326           #lastADTm
9               #itDAD
3.750           #avItADGoal
10              #itADOpt
6               #opt
6               #optDA-AD
0.713           #tmDA
0.0             #relGain

V = [1, 2, 3, 4, 5, 6, 7, 8, 9, 10, 11, 12, 13, 14, 15, 16, 17, 18, 19, 20, 21, 22, 23, 24, 25, 26, 27, 28, 29, 30, 31, 32, 33, 34, 35, 36, 37, 38, 39, 40]
A = [(1, 17), (17, 1), (1, 34), (34, 1), (1, 36), (36, 1), (2, 10), (10, 2), (2, 16), (16, 2), (2, 21), (21, 2), (2, 33), (33, 2), (3, 10), (10, 3), (3, 17), (17, 3), (3, 19), (19, 3), (3, 22), (22, 3), (3, 30), (30, 3), (4, 16), (16, 4), (4, 22), (22, 4), (4, 23), (23, 4), (4, 27), (27, 4), (4, 30), (30, 4), (5, 11), (11, 5), (5, 12), (12, 5), (5, 13), (13, 5), (5, 17), (17, 5), (5, 31), (31, 5), (5, 32), (32, 5), (5, 34), (34, 5), (5, 37), (37, 5), (6, 31), (31, 6), (7, 9), (9, 7), (7, 16), (16, 7), (7, 20), (20, 7), (7, 24), (24, 7), (7, 30), (30, 7), (7, 32), (32, 7), (7, 34), (34, 7), (7, 40), (40, 7), (8, 9), (9, 8), (8, 17), (17, 8), (9, 10), (10, 9), (9, 14), (14, 9), (9, 16), (16, 9), (9, 27), (27, 9), (9, 35), (35, 9), (9, 36), (36, 9), (10, 15), (15, 10), (10, 17), (17, 10), (10, 24), (24, 10), (10, 36), (36, 10), (10, 39), (39, 10), (11, 19), (19, 11), (11, 22), (22, 11), (11, 25), (25, 11), (12, 14), (14, 12), (12, 16), (16, 12), (12, 31), (31, 12), (13, 20), (20, 13), (13, 24), (24, 13), (13, 38), (38, 13), (14, 21), (21, 14), (14, 23), (23, 14), (14, 26), (26, 14), (14, 40), (40, 14), (16, 18), (18, 16), (16, 31), (31, 16), (17, 23), (23, 17), (17, 33), (33, 17), (17, 35), (35, 17), (17, 38), (38, 17), (17, 40), (40, 17), (18, 28), (28, 18), (18, 30), (30, 18), (19, 31), (31, 19), (19, 40), (40, 19), (20, 25), (25, 20), (21, 39), (39, 21), (22, 25), (25, 22), (22, 28), (28, 22), (22, 37), (37, 22), (23, 28), (28, 23), (23, 30), (30, 23), (23, 34), (34, 23), (24, 30), (30, 24), (24, 40), (40, 24), (25, 27), (27, 25), (25, 31), (31, 25), (25, 36), (36, 25), (26, 35), (35, 26), (26, 36), (36, 26), (27, 31), (31, 27), (28, 31), (31, 28), (29, 34), (34, 29), (29, 36), (36, 29), (29, 39), (39, 29), (30, 35), (35, 30), (31, 39), (39, 31)]
Z_dad = [2, 17]
Y_dad = [31, 33]
X_dad = [9, 10]
Z_da-ad = [10, 31]
Y_da-ad = [6, 17]
X_da-ad = [5, 22]
