no              #fail
5.035           #totTm
1.230           #lastADTm
5               #itDAD
2.000           #avItADGoal
13              #itADOpt
7               #opt
7               #optDA-AD
0.607           #tmDA
0.0             #relGain

V = [1, 2, 3, 4, 5, 6, 7, 8, 9, 10, 11, 12, 13, 14, 15, 16, 17, 18, 19, 20, 21, 22, 23, 24, 25, 26, 27, 28, 29, 30, 31, 32, 33, 34, 35, 36, 37, 38, 39, 40]
A = [(1, 35), (35, 1), (1, 37), (37, 1), (1, 38), (38, 1), (2, 11), (11, 2), (2, 24), (24, 2), (2, 27), (27, 2), (2, 34), (34, 2), (3, 4), (4, 3), (3, 11), (11, 3), (3, 24), (24, 3), (3, 37), (37, 3), (3, 38), (38, 3), (4, 16), (16, 4), (4, 17), (17, 4), (4, 20), (20, 4), (4, 29), (29, 4), (4, 31), (31, 4), (5, 15), (15, 5), (5, 25), (25, 5), (5, 27), (27, 5), (5, 37), (37, 5), (5, 39), (39, 5), (5, 40), (40, 5), (6, 11), (11, 6), (6, 27), (27, 6), (7, 9), (9, 7), (7, 29), (29, 7), (7, 34), (34, 7), (7, 37), (37, 7), (7, 40), (40, 7), (8, 20), (20, 8), (8, 32), (32, 8), (8, 35), (35, 8), (9, 12), (12, 9), (9, 20), (20, 9), (9, 29), (29, 9), (9, 35), (35, 9), (10, 31), (31, 10), (10, 34), (34, 10), (11, 30), (30, 11), (11, 32), (32, 11), (11, 33), (33, 11), (11, 39), (39, 11), (12, 14), (14, 12), (12, 16), (16, 12), (12, 17), (17, 12), (12, 27), (27, 12), (12, 32), (32, 12), (12, 40), (40, 12), (13, 24), (24, 13), (13, 35), (35, 13), (14, 15), (15, 14), (14, 16), (16, 14), (14, 18), (18, 14), (14, 19), (19, 14), (14, 26), (26, 14), (16, 28), (28, 16), (16, 35), (35, 16), (17, 22), (22, 17), (17, 23), (23, 17), (17, 34), (34, 17), (18, 20), (20, 18), (18, 21), (21, 18), (18, 32), (32, 18), (18, 39), (39, 18), (20, 24), (24, 20), (20, 37), (37, 20), (20, 39), (39, 20), (21, 24), (24, 21), (21, 30), (30, 21), (21, 40), (40, 21), (22, 23), (23, 22), (22, 32), (32, 22), (23, 34), (34, 23), (24, 30), (30, 24), (24, 33), (33, 24), (24, 36), (36, 24), (25, 30), (30, 25), (25, 33), (33, 25), (25, 35), (35, 25), (27, 30), (30, 27), (27, 37), (37, 27), (28, 37), (37, 28), (29, 33), (33, 29), (30, 35), (35, 30), (30, 36), (36, 30), (31, 35), (35, 31), (31, 40), (40, 31), (32, 34), (34, 32), (34, 37), (37, 34), (34, 38), (38, 34), (36, 37), (37, 36), (36, 38), (38, 36)]
Z_dad = [5, 14]
Y_dad = [19, 24]
X_dad = [16, 37]
Z_da-ad = [5, 14]
Y_da-ad = [16, 26]
X_da-ad = [11, 27]
