no              #fail
424.910         #totTm
1.004           #lastADTm
18              #itDAD
3.059           #avItADGoal
11              #itADOpt
6               #opt
6               #optDA-AD
1.191           #tmDA
0.0             #relGain

V = [1, 2, 3, 4, 5, 6, 7, 8, 9, 10, 11, 12, 13, 14, 15, 16, 17, 18, 19, 20, 21, 22, 23, 24, 25, 26, 27, 28, 29, 30, 31, 32, 33, 34, 35, 36, 37, 38, 39, 40]
A = [(1, 7), (7, 1), (1, 8), (8, 1), (1, 20), (20, 1), (1, 21), (21, 1), (1, 22), (22, 1), (1, 34), (34, 1), (1, 37), (37, 1), (2, 15), (15, 2), (2, 16), (16, 2), (2, 27), (27, 2), (2, 31), (31, 2), (2, 34), (34, 2), (2, 37), (37, 2), (3, 7), (7, 3), (3, 30), (30, 3), (3, 34), (34, 3), (4, 13), (13, 4), (4, 14), (14, 4), (4, 20), (20, 4), (4, 25), (25, 4), (4, 30), (30, 4), (4, 31), (31, 4), (4, 34), (34, 4), (4, 36), (36, 4), (5, 12), (12, 5), (5, 15), (15, 5), (5, 36), (36, 5), (5, 37), (37, 5), (6, 12), (12, 6), (6, 16), (16, 6), (6, 20), (20, 6), (6, 22), (22, 6), (6, 29), (29, 6), (6, 34), (34, 6), (6, 40), (40, 6), (7, 22), (22, 7), (7, 23), (23, 7), (7, 38), (38, 7), (8, 23), (23, 8), (8, 24), (24, 8), (8, 25), (25, 8), (8, 33), (33, 8), (8, 38), (38, 8), (9, 21), (21, 9), (9, 24), (24, 9), (9, 34), (34, 9), (9, 35), (35, 9), (10, 12), (12, 10), (10, 17), (17, 10), (10, 18), (18, 10), (10, 26), (26, 10), (10, 36), (36, 10), (11, 34), (34, 11), (11, 40), (40, 11), (12, 13), (13, 12), (12, 29), (29, 12), (12, 34), (34, 12), (13, 17), (17, 13), (13, 19), (19, 13), (13, 29), (29, 13), (14, 32), (32, 14), (15, 23), (23, 15), (15, 24), (24, 15), (15, 27), (27, 15), (15, 34), (34, 15), (15, 36), (36, 15), (16, 36), (36, 16), (17, 37), (37, 17), (19, 25), (25, 19), (20, 31), (31, 20), (20, 32), (32, 20), (20, 35), (35, 20), (20, 37), (37, 20), (20, 38), (38, 20), (21, 26), (26, 21), (21, 36), (36, 21), (21, 38), (38, 21), (21, 39), (39, 21), (22, 29), (29, 22), (22, 36), (36, 22), (22, 39), (39, 22), (23, 29), (29, 23), (24, 26), (26, 24), (24, 34), (34, 24), (24, 40), (40, 24), (25, 40), (40, 25), (26, 28), (28, 26), (27, 32), (32, 27), (30, 34), (34, 30), (34, 36), (36, 34), (36, 37), (37, 36), (38, 39), (39, 38), (38, 40), (40, 38)]
Z_dad = [13, 25]
Y_dad = [19, 34]
X_dad = [8, 26]
Z_da-ad = [8, 26]
Y_da-ad = [10, 28]
X_da-ad = [34, 40]
