no              #fail
154.005         #totTm
0.929           #lastADTm
12              #itDAD
4.182           #avItADGoal
9               #itADOpt
6               #opt
6               #optDA-AD
0.619           #tmDA
0.0             #relGain

V = [1, 2, 3, 4, 5, 6, 7, 8, 9, 10, 11, 12, 13, 14, 15, 16, 17, 18, 19, 20, 21, 22, 23, 24, 25, 26, 27, 28, 29, 30, 31, 32, 33, 34, 35, 36, 37, 38, 39, 40]
A = [(1, 3), (3, 1), (1, 4), (4, 1), (1, 8), (8, 1), (1, 30), (30, 1), (1, 34), (34, 1), (1, 38), (38, 1), (2, 9), (9, 2), (2, 14), (14, 2), (2, 25), (25, 2), (2, 27), (27, 2), (2, 32), (32, 2), (2, 40), (40, 2), (3, 7), (7, 3), (3, 10), (10, 3), (3, 15), (15, 3), (3, 17), (17, 3), (3, 23), (23, 3), (3, 28), (28, 3), (4, 5), (5, 4), (4, 13), (13, 4), (4, 28), (28, 4), (4, 39), (39, 4), (5, 12), (12, 5), (5, 20), (20, 5), (5, 21), (21, 5), (5, 26), (26, 5), (5, 27), (27, 5), (5, 28), (28, 5), (5, 38), (38, 5), (6, 21), (21, 6), (6, 33), (33, 6), (6, 40), (40, 6), (7, 25), (25, 7), (7, 26), (26, 7), (7, 28), (28, 7), (8, 10), (10, 8), (8, 12), (12, 8), (8, 17), (17, 8), (8, 25), (25, 8), (8, 31), (31, 8), (9, 17), (17, 9), (9, 23), (23, 9), (9, 25), (25, 9), (9, 26), (26, 9), (11, 13), (13, 11), (11, 22), (22, 11), (11, 23), (23, 11), (12, 34), (34, 12), (12, 36), (36, 12), (13, 15), (15, 13), (13, 17), (17, 13), (13, 19), (19, 13), (13, 24), (24, 13), (13, 28), (28, 13), (14, 18), (18, 14), (14, 21), (21, 14), (14, 30), (30, 14), (14, 32), (32, 14), (15, 35), (35, 15), (15, 38), (38, 15), (15, 39), (39, 15), (17, 29), (29, 17), (17, 33), (33, 17), (17, 36), (36, 17), (18, 25), (25, 18), (18, 39), (39, 18), (18, 40), (40, 18), (19, 21), (21, 19), (19, 32), (32, 19), (20, 29), (29, 20), (21, 25), (25, 21), (21, 26), (26, 21), (21, 30), (30, 21), (21, 34), (34, 21), (21, 39), (39, 21), (22, 24), (24, 22), (22, 29), (29, 22), (22, 31), (31, 22), (22, 40), (40, 22), (23, 33), (33, 23), (25, 28), (28, 25), (25, 29), (29, 25), (25, 31), (31, 25), (25, 32), (32, 25), (25, 34), (34, 25), (25, 38), (38, 25), (26, 36), (36, 26), (28, 31), (31, 28), (28, 34), (34, 28), (30, 35), (35, 30), (32, 34), (34, 32), (34, 39), (39, 34), (37, 39), (39, 37)]
Z_dad = [22, 39]
Y_dad = [13, 37]
X_dad = [5, 29]
Z_da-ad = [2, 39]
Y_da-ad = [29, 37]
X_da-ad = [5, 20]
