no              #fail
137.013         #totTm
0.835           #lastADTm
13              #itDAD
2.167           #avItADGoal
8               #itADOpt
6               #opt
6               #optDA-AD
3.254           #tmDA
0.0             #relGain

V = [1, 2, 3, 4, 5, 6, 7, 8, 9, 10, 11, 12, 13, 14, 15, 16, 17, 18, 19, 20, 21, 22, 23, 24, 25, 26, 27, 28, 29, 30, 31, 32, 33, 34, 35, 36, 37, 38, 39, 40]
A = [(1, 39), (39, 1), (2, 12), (12, 2), (2, 26), (26, 2), (3, 6), (6, 3), (3, 18), (18, 3), (3, 20), (20, 3), (3, 29), (29, 3), (4, 23), (23, 4), (4, 26), (26, 4), (4, 30), (30, 4), (4, 32), (32, 4), (4, 34), (34, 4), (4, 35), (35, 4), (4, 37), (37, 4), (5, 8), (8, 5), (5, 10), (10, 5), (5, 18), (18, 5), (5, 22), (22, 5), (5, 23), (23, 5), (5, 24), (24, 5), (6, 12), (12, 6), (6, 14), (14, 6), (6, 25), (25, 6), (6, 27), (27, 6), (7, 16), (16, 7), (7, 18), (18, 7), (7, 27), (27, 7), (7, 31), (31, 7), (7, 33), (33, 7), (7, 36), (36, 7), (8, 10), (10, 8), (8, 24), (24, 8), (8, 32), (32, 8), (8, 35), (35, 8), (9, 12), (12, 9), (9, 15), (15, 9), (9, 21), (21, 9), (9, 27), (27, 9), (9, 28), (28, 9), (9, 34), (34, 9), (10, 18), (18, 10), (10, 28), (28, 10), (10, 29), (29, 10), (10, 32), (32, 10), (10, 34), (34, 10), (10, 38), (38, 10), (11, 12), (12, 11), (11, 19), (19, 11), (11, 21), (21, 11), (12, 23), (23, 12), (12, 29), (29, 12), (12, 35), (35, 12), (12, 36), (36, 12), (13, 20), (20, 13), (13, 21), (21, 13), (13, 22), (22, 13), (13, 24), (24, 13), (14, 15), (15, 14), (14, 16), (16, 14), (14, 20), (20, 14), (14, 23), (23, 14), (14, 35), (35, 14), (15, 17), (17, 15), (15, 25), (25, 15), (17, 18), (18, 17), (17, 35), (35, 17), (17, 36), (36, 17), (18, 21), (21, 18), (18, 27), (27, 18), (18, 30), (30, 18), (19, 33), (33, 19), (19, 38), (38, 19), (20, 25), (25, 20), (21, 31), (31, 21), (21, 35), (35, 21), (22, 27), (27, 22), (22, 31), (31, 22), (23, 27), (27, 23), (24, 25), (25, 24), (26, 37), (37, 26), (26, 39), (39, 26), (27, 36), (36, 27), (27, 40), (40, 27), (28, 34), (34, 28), (30, 34), (34, 30), (30, 35), (35, 30), (31, 34), (34, 31), (31, 35), (35, 31), (31, 39), (39, 31), (31, 40), (40, 31), (34, 36), (36, 34), (37, 39), (39, 37), (39, 40), (40, 39)]
Z_dad = [10, 39]
Y_dad = [4, 19]
X_dad = [7, 14]
Z_da-ad = [7, 19]
Y_da-ad = [10, 33]
X_da-ad = [14, 39]
