no              #fail
30.491          #totTm
1.445           #lastADTm
10              #itDAD
2.778           #avItADGoal
9               #itADOpt
6               #opt
6               #optDA-AD
0.833           #tmDA
0.0             #relGain

V = [1, 2, 3, 4, 5, 6, 7, 8, 9, 10, 11, 12, 13, 14, 15, 16, 17, 18, 19, 20, 21, 22, 23, 24, 25, 26, 27, 28, 29, 30, 31, 32, 33, 34, 35, 36, 37, 38, 39, 40]
A = [(1, 14), (14, 1), (1, 15), (15, 1), (1, 39), (39, 1), (2, 12), (12, 2), (2, 16), (16, 2), (2, 37), (37, 2), (3, 15), (15, 3), (3, 22), (22, 3), (3, 34), (34, 3), (3, 39), (39, 3), (4, 7), (7, 4), (4, 18), (18, 4), (4, 29), (29, 4), (4, 34), (34, 4), (4, 35), (35, 4), (5, 13), (13, 5), (5, 14), (14, 5), (5, 23), (23, 5), (5, 26), (26, 5), (5, 35), (35, 5), (6, 18), (18, 6), (6, 20), (20, 6), (6, 30), (30, 6), (6, 32), (32, 6), (6, 34), (34, 6), (6, 39), (39, 6), (6, 40), (40, 6), (7, 10), (10, 7), (7, 20), (20, 7), (7, 27), (27, 7), (8, 28), (28, 8), (8, 29), (29, 8), (8, 39), (39, 8), (9, 18), (18, 9), (9, 19), (19, 9), (9, 20), (20, 9), (9, 29), (29, 9), (10, 15), (15, 10), (10, 22), (22, 10), (10, 36), (36, 10), (11, 17), (17, 11), (11, 22), (22, 11), (13, 16), (16, 13), (13, 19), (19, 13), (13, 24), (24, 13), (13, 25), (25, 13), (14, 21), (21, 14), (14, 28), (28, 14), (14, 36), (36, 14), (14, 37), (37, 14), (15, 23), (23, 15), (16, 17), (17, 16), (16, 22), (22, 16), (16, 36), (36, 16), (17, 33), (33, 17), (17, 37), (37, 17), (17, 38), (38, 17), (18, 22), (22, 18), (18, 31), (31, 18), (18, 37), (37, 18), (19, 29), (29, 19), (19, 35), (35, 19), (19, 36), (36, 19), (20, 23), (23, 20), (20, 24), (24, 20), (20, 29), (29, 20), (20, 32), (32, 20), (20, 40), (40, 20), (21, 23), (23, 21), (21, 31), (31, 21), (22, 39), (39, 22), (23, 25), (25, 23), (23, 28), (28, 23), (25, 29), (29, 25), (25, 30), (30, 25), (25, 38), (38, 25), (26, 32), (32, 26), (28, 31), (31, 28), (28, 36), (36, 28), (28, 40), (40, 28), (29, 32), (32, 29), (29, 40), (40, 29), (30, 31), (31, 30), (30, 35), (35, 30), (30, 37), (37, 30), (30, 39), (39, 30), (30, 40), (40, 30), (31, 39), (39, 31), (31, 40), (40, 31), (32, 34), (34, 32), (33, 40), (40, 33), (37, 38), (38, 37), (39, 40), (40, 39)]
Z_dad = [7, 40]
Y_dad = [27, 29]
X_dad = [17, 22]
Z_da-ad = [2, 7]
Y_da-ad = [12, 22]
X_da-ad = [17, 40]
