no              #fail
6.438           #totTm
0.932           #lastADTm
7               #itDAD
1.333           #avItADGoal
13              #itADOpt
7               #opt
6               #optDA-AD
1.003           #tmDA
14.3            #relGain

V = [1, 2, 3, 4, 5, 6, 7, 8, 9, 10, 11, 12, 13, 14, 15, 16, 17, 18, 19, 20, 21, 22, 23, 24, 25, 26, 27, 28, 29, 30, 31, 32, 33, 34, 35, 36, 37, 38, 39, 40]
A = [(1, 10), (10, 1), (1, 11), (11, 1), (1, 16), (16, 1), (1, 21), (21, 1), (1, 40), (40, 1), (2, 12), (12, 2), (2, 31), (31, 2), (2, 40), (40, 2), (3, 18), (18, 3), (3, 19), (19, 3), (3, 39), (39, 3), (4, 12), (12, 4), (4, 27), (27, 4), (4, 29), (29, 4), (4, 35), (35, 4), (4, 39), (39, 4), (5, 9), (9, 5), (5, 16), (16, 5), (5, 19), (19, 5), (5, 20), (20, 5), (5, 25), (25, 5), (5, 29), (29, 5), (6, 21), (21, 6), (6, 32), (32, 6), (7, 15), (15, 7), (7, 17), (17, 7), (7, 20), (20, 7), (7, 25), (25, 7), (7, 38), (38, 7), (8, 10), (10, 8), (8, 23), (23, 8), (8, 24), (24, 8), (8, 25), (25, 8), (8, 28), (28, 8), (8, 29), (29, 8), (8, 34), (34, 8), (8, 38), (38, 8), (8, 39), (39, 8), (9, 12), (12, 9), (9, 28), (28, 9), (10, 16), (16, 10), (10, 26), (26, 10), (11, 12), (12, 11), (11, 21), (21, 11), (11, 25), (25, 11), (12, 19), (19, 12), (12, 21), (21, 12), (12, 29), (29, 12), (13, 22), (22, 13), (13, 37), (37, 13), (14, 18), (18, 14), (14, 33), (33, 14), (14, 37), (37, 14), (14, 38), (38, 14), (15, 22), (22, 15), (16, 22), (22, 16), (16, 25), (25, 16), (16, 26), (26, 16), (16, 35), (35, 16), (17, 22), (22, 17), (17, 34), (34, 17), (18, 30), (30, 18), (19, 22), (22, 19), (19, 24), (24, 19), (19, 29), (29, 19), (20, 21), (21, 20), (20, 32), (32, 20), (20, 35), (35, 20), (20, 40), (40, 20), (21, 24), (24, 21), (21, 28), (28, 21), (21, 30), (30, 21), (21, 33), (33, 21), (22, 25), (25, 22), (22, 38), (38, 22), (24, 37), (37, 24), (25, 28), (28, 25), (25, 30), (30, 25), (25, 32), (32, 25), (25, 39), (39, 25), (26, 28), (28, 26), (26, 32), (32, 26), (26, 39), (39, 26), (28, 33), (33, 28), (28, 35), (35, 28), (28, 37), (37, 28), (29, 31), (31, 29), (29, 40), (40, 29), (31, 33), (33, 31), (36, 38), (38, 36), (37, 38), (38, 37), (37, 40), (40, 37), (38, 39), (39, 38)]
Z_dad = [8, 38]
Y_dad = [17, 21]
X_dad = [7, 22]
Z_da-ad = [8, 17]
Y_da-ad = [23, 38]
X_da-ad = [4, 6]
