no              #fail
63.224          #totTm
1.009           #lastADTm
12              #itDAD
2.273           #avItADGoal
10              #itADOpt
7               #opt
6               #optDA-AD
1.483           #tmDA
14.3            #relGain

V = [1, 2, 3, 4, 5, 6, 7, 8, 9, 10, 11, 12, 13, 14, 15, 16, 17, 18, 19, 20, 21, 22, 23, 24, 25, 26, 27, 28, 29, 30, 31, 32, 33, 34, 35, 36, 37, 38, 39, 40]
A = [(1, 8), (8, 1), (1, 11), (11, 1), (1, 13), (13, 1), (1, 18), (18, 1), (1, 31), (31, 1), (1, 36), (36, 1), (1, 40), (40, 1), (2, 3), (3, 2), (2, 20), (20, 2), (2, 21), (21, 2), (2, 24), (24, 2), (2, 34), (34, 2), (2, 40), (40, 2), (3, 9), (9, 3), (3, 36), (36, 3), (4, 24), (24, 4), (4, 28), (28, 4), (5, 7), (7, 5), (5, 14), (14, 5), (6, 8), (8, 6), (6, 13), (13, 6), (6, 17), (17, 6), (6, 22), (22, 6), (6, 27), (27, 6), (6, 31), (31, 6), (6, 33), (33, 6), (6, 40), (40, 6), (7, 27), (27, 7), (7, 37), (37, 7), (8, 9), (9, 8), (8, 10), (10, 8), (8, 13), (13, 8), (9, 19), (19, 9), (9, 22), (22, 9), (9, 39), (39, 9), (10, 25), (25, 10), (10, 30), (30, 10), (11, 27), (27, 11), (11, 28), (28, 11), (11, 29), (29, 11), (11, 33), (33, 11), (11, 40), (40, 11), (12, 13), (13, 12), (12, 16), (16, 12), (12, 18), (18, 12), (12, 26), (26, 12), (13, 23), (23, 13), (13, 29), (29, 13), (13, 32), (32, 13), (13, 33), (33, 13), (15, 20), (20, 15), (15, 32), (32, 15), (15, 36), (36, 15), (16, 17), (17, 16), (16, 18), (18, 16), (16, 23), (23, 16), (16, 34), (34, 16), (16, 36), (36, 16), (16, 40), (40, 16), (17, 23), (23, 17), (17, 29), (29, 17), (18, 20), (20, 18), (18, 25), (25, 18), (18, 31), (31, 18), (18, 32), (32, 18), (18, 33), (33, 18), (18, 35), (35, 18), (18, 38), (38, 18), (18, 39), (39, 18), (20, 35), (35, 20), (20, 40), (40, 20), (21, 28), (28, 21), (21, 29), (29, 21), (22, 23), (23, 22), (22, 34), (34, 22), (23, 24), (24, 23), (24, 33), (33, 24), (24, 34), (34, 24), (24, 40), (40, 24), (25, 28), (28, 25), (27, 28), (28, 27), (27, 31), (31, 27), (27, 34), (34, 27), (28, 29), (29, 28), (28, 35), (35, 28), (28, 37), (37, 28), (29, 30), (30, 29), (31, 37), (37, 31), (33, 34), (34, 33), (33, 35), (35, 33), (33, 36), (36, 33), (37, 39), (39, 37), (39, 40), (40, 39)]
Z_dad = [13, 18]
Y_dad = [7, 16]
X_dad = [5, 12]
Z_da-ad = [5, 12]
Y_da-ad = [9, 14]
X_da-ad = [4, 18]
