no              #fail
1351.027        #totTm
1349.319        #lastADTm
3               #itDAD
1.000           #avItADGoal
584             #itADOpt
36              #opt
36              #optDA-AD
0.794           #tmDA
0.0             #relGain

V = [1, 2, 3, 4, 5, 6, 7, 8, 9, 10, 11, 12, 13, 14, 15, 16, 17, 18, 19, 20, 21, 22, 23, 24, 25, 26, 27, 28, 29, 30, 31, 32, 33, 34, 35, 36, 37, 38, 39, 40, 41, 42, 43, 44, 45, 46, 47, 48, 49, 50, 51, 52, 53, 54, 55, 56, 57, 58, 59, 60]
A = [(2, 1), (1, 2), (3, 2), (2, 3), (4, 1), (1, 4), (5, 2), (2, 5), (6, 1), (1, 6), (7, 6), (6, 7), (8, 7), (7, 8), (9, 4), (4, 9), (10, 6), (6, 10), (11, 3), (3, 11), (12, 11), (11, 12), (13, 11), (11, 13), (14, 6), (6, 14), (15, 10), (10, 15), (16, 8), (8, 16), (17, 8), (8, 17), (18, 13), (13, 18), (19, 1), (1, 19), (20, 19), (19, 20), (21, 13), (13, 21), (22, 13), (13, 22), (23, 14), (14, 23), (24, 5), (5, 24), (25, 11), (11, 25), (26, 3), (3, 26), (27, 9), (9, 27), (28, 13), (13, 28), (29, 18), (18, 29), (30, 25), (25, 30), (31, 6), (6, 31), (32, 15), (15, 32), (33, 15), (15, 33), (34, 30), (30, 34), (35, 31), (31, 35), (36, 30), (30, 36), (37, 24), (24, 37), (38, 32), (32, 38), (39, 14), (14, 39), (40, 3), (3, 40), (41, 4), (4, 41), (42, 3), (3, 42), (43, 2), (2, 43), (44, 3), (3, 44), (45, 20), (20, 45), (46, 29), (29, 46), (47, 46), (46, 47), (48, 19), (19, 48), (49, 25), (25, 49), (50, 7), (7, 50), (51, 8), (8, 51), (52, 40), (40, 52), (53, 22), (22, 53), (54, 50), (50, 54), (55, 40), (40, 55), (56, 34), (34, 56), (57, 25), (25, 57), (58, 42), (42, 58), (59, 24), (24, 59), (60, 18), (18, 60)]
Z_dad = [6]
Y_dad = [1, 7, 11]
X_dad = [3, 13, 25]
Z_da-ad = [6]
Y_da-ad = [1, 7, 11]
X_da-ad = [3, 13, 25]
