no              #fail
6286.508        #totTm
6284.726        #lastADTm
5               #itDAD
1.250           #avItADGoal
1422            #itADOpt
36              #opt
36              #optDA-AD
1.187           #tmDA
0.0             #relGain

V = [1, 2, 3, 4, 5, 6, 7, 8, 9, 10, 11, 12, 13, 14, 15, 16, 17, 18, 19, 20, 21, 22, 23, 24, 25, 26, 27, 28, 29, 30, 31, 32, 33, 34, 35, 36, 37, 38, 39, 40, 41, 42, 43, 44, 45, 46, 47, 48, 49, 50, 51, 52, 53, 54, 55, 56, 57, 58, 59, 60]
A = [(2, 1), (1, 2), (3, 2), (2, 3), (4, 2), (2, 4), (5, 4), (4, 5), (6, 1), (1, 6), (7, 4), (4, 7), (8, 5), (5, 8), (9, 4), (4, 9), (10, 7), (7, 10), (11, 1), (1, 11), (12, 3), (3, 12), (13, 4), (4, 13), (14, 4), (4, 14), (15, 1), (1, 15), (16, 12), (12, 16), (17, 4), (4, 17), (18, 3), (3, 18), (19, 14), (14, 19), (20, 6), (6, 20), (21, 20), (20, 21), (22, 18), (18, 22), (23, 19), (19, 23), (24, 16), (16, 24), (25, 9), (9, 25), (26, 19), (19, 26), (27, 20), (20, 27), (28, 4), (4, 28), (29, 12), (12, 29), (30, 16), (16, 30), (31, 30), (30, 31), (32, 29), (29, 32), (33, 11), (11, 33), (34, 2), (2, 34), (35, 7), (7, 35), (36, 31), (31, 36), (37, 3), (3, 37), (38, 20), (20, 38), (39, 20), (20, 39), (40, 6), (6, 40), (41, 10), (10, 41), (42, 15), (15, 42), (43, 31), (31, 43), (44, 42), (42, 44), (45, 16), (16, 45), (46, 7), (7, 46), (47, 14), (14, 47), (48, 6), (6, 48), (49, 47), (47, 49), (50, 25), (25, 50), (51, 6), (6, 51), (52, 15), (15, 52), (53, 6), (6, 53), (54, 44), (44, 54), (55, 38), (38, 55), (56, 13), (13, 56), (57, 1), (1, 57), (58, 2), (2, 58), (59, 15), (15, 59), (60, 16), (16, 60)]
Z_dad = [4]
Y_dad = [1, 16, 47]
X_dad = [2, 6, 12]
Z_da-ad = [4]
Y_da-ad = [1, 16, 47]
X_da-ad = [2, 6, 12]
