no              #fail
3799.422        #totTm
3797.189        #lastADTm
5               #itDAD
1.000           #avItADGoal
1003            #itADOpt
35              #opt
29              #optDA-AD
0.493           #tmDA
17.1            #relGain

V = [1, 2, 3, 4, 5, 6, 7, 8, 9, 10, 11, 12, 13, 14, 15, 16, 17, 18, 19, 20, 21, 22, 23, 24, 25, 26, 27, 28, 29, 30, 31, 32, 33, 34, 35, 36, 37, 38, 39, 40, 41, 42, 43, 44, 45, 46, 47, 48, 49, 50, 51, 52, 53, 54, 55, 56, 57, 58, 59, 60]
A = [(2, 1), (1, 2), (3, 2), (2, 3), (4, 2), (2, 4), (5, 2), (2, 5), (6, 1), (1, 6), (7, 6), (6, 7), (8, 5), (5, 8), (9, 6), (6, 9), (10, 8), (8, 10), (11, 1), (1, 11), (12, 3), (3, 12), (13, 4), (4, 13), (14, 10), (10, 14), (15, 4), (4, 15), (16, 15), (15, 16), (17, 8), (8, 17), (18, 1), (1, 18), (19, 3), (3, 19), (20, 9), (9, 20), (21, 2), (2, 21), (22, 8), (8, 22), (23, 14), (14, 23), (24, 22), (22, 24), (25, 19), (19, 25), (26, 12), (12, 26), (27, 19), (19, 27), (28, 3), (3, 28), (29, 7), (7, 29), (30, 11), (11, 30), (31, 26), (26, 31), (32, 5), (5, 32), (33, 14), (14, 33), (34, 21), (21, 34), (35, 3), (3, 35), (36, 23), (23, 36), (37, 4), (4, 37), (38, 28), (28, 38), (39, 27), (27, 39), (40, 25), (25, 40), (41, 13), (13, 41), (42, 15), (15, 42), (43, 10), (10, 43), (44, 18), (18, 44), (45, 38), (38, 45), (46, 11), (11, 46), (47, 5), (5, 47), (48, 17), (17, 48), (49, 5), (5, 49), (50, 32), (32, 50), (51, 48), (48, 51), (52, 17), (17, 52), (53, 46), (46, 53), (54, 6), (6, 54), (55, 25), (25, 55), (56, 45), (45, 56), (57, 4), (4, 57), (58, 35), (35, 58), (59, 31), (31, 59), (60, 3), (3, 60)]
Z_dad = [3]
Y_dad = [1, 8, 15]
X_dad = [5, 6, 10]
Z_da-ad = [2]
Y_da-ad = [1, 3, 8]
X_da-ad = [6, 10, 19]
