no              #fail
4788.676        #totTm
4787.829        #lastADTm
3               #itDAD
1.000           #avItADGoal
1144            #itADOpt
39              #opt
39              #optDA-AD
3.319           #tmDA
0.0             #relGain

V = [1, 2, 3, 4, 5, 6, 7, 8, 9, 10, 11, 12, 13, 14, 15, 16, 17, 18, 19, 20, 21, 22, 23, 24, 25, 26, 27, 28, 29, 30, 31, 32, 33, 34, 35, 36, 37, 38, 39, 40, 41, 42, 43, 44, 45, 46, 47, 48, 49, 50, 51, 52, 53, 54, 55, 56, 57, 58, 59, 60]
A = [(2, 1), (1, 2), (3, 1), (1, 3), (4, 1), (1, 4), (5, 4), (4, 5), (6, 1), (1, 6), (7, 5), (5, 7), (8, 7), (7, 8), (9, 8), (8, 9), (10, 2), (2, 10), (11, 4), (4, 11), (12, 4), (4, 12), (13, 6), (6, 13), (14, 1), (1, 14), (15, 3), (3, 15), (16, 4), (4, 16), (17, 5), (5, 17), (18, 12), (12, 18), (19, 9), (9, 19), (20, 14), (14, 20), (21, 5), (5, 21), (22, 15), (15, 22), (23, 14), (14, 23), (24, 1), (1, 24), (25, 12), (12, 25), (26, 6), (6, 26), (27, 19), (19, 27), (28, 19), (19, 28), (29, 3), (3, 29), (30, 9), (9, 30), (31, 10), (10, 31), (32, 12), (12, 32), (33, 32), (32, 33), (34, 20), (20, 34), (35, 17), (17, 35), (36, 7), (7, 36), (37, 19), (19, 37), (38, 33), (33, 38), (39, 15), (15, 39), (40, 38), (38, 40), (41, 10), (10, 41), (42, 1), (1, 42), (43, 7), (7, 43), (44, 31), (31, 44), (45, 7), (7, 45), (46, 25), (25, 46), (47, 26), (26, 47), (48, 32), (32, 48), (49, 4), (4, 49), (50, 27), (27, 50), (51, 16), (16, 51), (52, 26), (26, 52), (53, 5), (5, 53), (54, 9), (9, 54), (55, 42), (42, 55), (56, 36), (36, 56), (57, 16), (16, 57), (58, 20), (20, 58), (59, 54), (54, 59), (60, 47), (47, 60)]
Z_dad = [1]
Y_dad = [4, 9, 52]
X_dad = [5, 8, 12]
Z_da-ad = [1]
Y_da-ad = [4, 9, 47]
X_da-ad = [5, 8, 12]
