no              #fail
536.658         #totTm
534.524         #lastADTm
4               #itDAD
1.000           #avItADGoal
344             #itADOpt
34              #opt
34              #optDA-AD
7.25            #tmDA
0.0             #relGain

V = [1, 2, 3, 4, 5, 6, 7, 8, 9, 10, 11, 12, 13, 14, 15, 16, 17, 18, 19, 20, 21, 22, 23, 24, 25, 26, 27, 28, 29, 30, 31, 32, 33, 34, 35, 36, 37, 38, 39, 40, 41, 42, 43, 44, 45, 46, 47, 48, 49, 50, 51, 52, 53, 54, 55, 56, 57, 58, 59, 60]
A = [(2, 1), (1, 2), (3, 2), (2, 3), (4, 1), (1, 4), (5, 1), (1, 5), (6, 5), (5, 6), (7, 5), (5, 7), (8, 3), (3, 8), (9, 8), (8, 9), (10, 6), (6, 10), (11, 6), (6, 11), (12, 9), (9, 12), (13, 12), (12, 13), (14, 4), (4, 14), (15, 14), (14, 15), (16, 15), (15, 16), (17, 5), (5, 17), (18, 12), (12, 18), (19, 8), (8, 19), (20, 7), (7, 20), (21, 16), (16, 21), (22, 8), (8, 22), (23, 12), (12, 23), (24, 21), (21, 24), (25, 13), (13, 25), (26, 4), (4, 26), (27, 19), (19, 27), (28, 11), (11, 28), (29, 19), (19, 29), (30, 28), (28, 30), (31, 16), (16, 31), (32, 16), (16, 32), (33, 7), (7, 33), (34, 7), (7, 34), (35, 26), (26, 35), (36, 28), (28, 36), (37, 22), (22, 37), (38, 23), (23, 38), (39, 14), (14, 39), (40, 11), (11, 40), (41, 13), (13, 41), (42, 30), (30, 42), (43, 24), (24, 43), (44, 40), (40, 44), (45, 35), (35, 45), (46, 34), (34, 46), (47, 39), (39, 47), (48, 29), (29, 48), (49, 11), (11, 49), (50, 26), (26, 50), (51, 14), (14, 51), (52, 23), (23, 52), (53, 20), (20, 53), (54, 50), (50, 54), (55, 28), (28, 55), (56, 16), (16, 56), (57, 40), (40, 57), (58, 57), (57, 58), (59, 31), (31, 59), (60, 21), (21, 60)]
Z_dad = [8]
Y_dad = [4, 11, 12]
X_dad = [5, 14, 26]
Z_da-ad = [8]
Y_da-ad = [5, 16, 25]
X_da-ad = [1, 6, 15]
