no              #fail
1504.404        #totTm
1500.607        #lastADTm
5               #itDAD
1.000           #avItADGoal
620             #itADOpt
35              #opt
33              #optDA-AD
1.241           #tmDA
5.7             #relGain

V = [1, 2, 3, 4, 5, 6, 7, 8, 9, 10, 11, 12, 13, 14, 15, 16, 17, 18, 19, 20, 21, 22, 23, 24, 25, 26, 27, 28, 29, 30, 31, 32, 33, 34, 35, 36, 37, 38, 39, 40, 41, 42, 43, 44, 45, 46, 47, 48, 49, 50, 51, 52, 53, 54, 55, 56, 57, 58, 59, 60]
A = [(2, 1), (1, 2), (3, 1), (1, 3), (4, 3), (3, 4), (5, 3), (3, 5), (6, 5), (5, 6), (7, 1), (1, 7), (8, 2), (2, 8), (9, 8), (8, 9), (10, 1), (1, 10), (11, 8), (8, 11), (12, 6), (6, 12), (13, 2), (2, 13), (14, 4), (4, 14), (15, 14), (14, 15), (16, 6), (6, 16), (17, 11), (11, 17), (18, 12), (12, 18), (19, 9), (9, 19), (20, 15), (15, 20), (21, 18), (18, 21), (22, 21), (21, 22), (23, 1), (1, 23), (24, 16), (16, 24), (25, 24), (24, 25), (26, 24), (24, 26), (27, 8), (8, 27), (28, 15), (15, 28), (29, 16), (16, 29), (30, 21), (21, 30), (31, 15), (15, 31), (32, 27), (27, 32), (33, 17), (17, 33), (34, 22), (22, 34), (35, 11), (11, 35), (36, 28), (28, 36), (37, 1), (1, 37), (38, 17), (17, 38), (39, 15), (15, 39), (40, 4), (4, 40), (41, 23), (23, 41), (42, 33), (33, 42), (43, 6), (6, 43), (44, 26), (26, 44), (45, 23), (23, 45), (46, 18), (18, 46), (47, 21), (21, 47), (48, 14), (14, 48), (49, 21), (21, 49), (50, 8), (8, 50), (51, 39), (39, 51), (52, 25), (25, 52), (53, 7), (7, 53), (54, 23), (23, 54), (55, 44), (44, 55), (56, 48), (48, 56), (57, 46), (46, 57), (58, 19), (19, 58), (59, 30), (30, 59), (60, 58), (58, 60)]
Z_dad = [8]
Y_dad = [1, 15, 21]
X_dad = [3, 14, 18]
Z_da-ad = [1]
Y_da-ad = [8, 14, 18]
X_da-ad = [6, 15, 21]
