no              #fail
522.534         #totTm
517.922         #lastADTm
6               #itDAD
1.000           #avItADGoal
341             #itADOpt
33              #opt
31              #optDA-AD
4.75            #tmDA
6.1             #relGain

V = [1, 2, 3, 4, 5, 6, 7, 8, 9, 10, 11, 12, 13, 14, 15, 16, 17, 18, 19, 20, 21, 22, 23, 24, 25, 26, 27, 28, 29, 30, 31, 32, 33, 34, 35, 36, 37, 38, 39, 40, 41, 42, 43, 44, 45, 46, 47, 48, 49, 50, 51, 52, 53, 54, 55, 56, 57, 58, 59, 60]
A = [(2, 1), (1, 2), (3, 2), (2, 3), (4, 2), (2, 4), (5, 4), (4, 5), (6, 1), (1, 6), (7, 5), (5, 7), (8, 1), (1, 8), (9, 2), (2, 9), (10, 3), (3, 10), (11, 5), (5, 11), (12, 3), (3, 12), (13, 12), (12, 13), (14, 5), (5, 14), (15, 10), (10, 15), (16, 13), (13, 16), (17, 14), (14, 17), (18, 1), (1, 18), (19, 4), (4, 19), (20, 11), (11, 20), (21, 18), (18, 21), (22, 20), (20, 22), (23, 15), (15, 23), (24, 6), (6, 24), (25, 10), (10, 25), (26, 4), (4, 26), (27, 17), (17, 27), (28, 19), (19, 28), (29, 6), (6, 29), (30, 12), (12, 30), (31, 11), (11, 31), (32, 21), (21, 32), (33, 14), (14, 33), (34, 22), (22, 34), (35, 17), (17, 35), (36, 4), (4, 36), (37, 32), (32, 37), (38, 37), (37, 38), (39, 9), (9, 39), (40, 4), (4, 40), (41, 14), (14, 41), (42, 27), (27, 42), (43, 29), (29, 43), (44, 13), (13, 44), (45, 34), (34, 45), (46, 17), (17, 46), (47, 17), (17, 47), (48, 23), (23, 48), (49, 27), (27, 49), (50, 41), (41, 50), (51, 14), (14, 51), (52, 29), (29, 52), (53, 8), (8, 53), (54, 7), (7, 54), (55, 12), (12, 55), (56, 38), (38, 56), (57, 23), (23, 57), (58, 46), (46, 58), (59, 42), (42, 59), (60, 38), (38, 60)]
Z_dad = [1]
Y_dad = [3, 5, 17]
X_dad = [4, 10, 12]
Z_da-ad = [4]
Y_da-ad = [1, 10, 14]
X_da-ad = [3, 5, 17]
