no              #fail
1445.407        #totTm
1444.229        #lastADTm
3               #itDAD
1.000           #avItADGoal
627             #itADOpt
35              #opt
29              #optDA-AD
1.986           #tmDA
17.1            #relGain

V = [1, 2, 3, 4, 5, 6, 7, 8, 9, 10, 11, 12, 13, 14, 15, 16, 17, 18, 19, 20, 21, 22, 23, 24, 25, 26, 27, 28, 29, 30, 31, 32, 33, 34, 35, 36, 37, 38, 39, 40, 41, 42, 43, 44, 45, 46, 47, 48, 49, 50, 51, 52, 53, 54, 55, 56, 57, 58, 59, 60]
A = [(2, 1), (1, 2), (3, 1), (1, 3), (4, 1), (1, 4), (5, 2), (2, 5), (6, 4), (4, 6), (7, 5), (5, 7), (8, 3), (3, 8), (9, 8), (8, 9), (10, 2), (2, 10), (11, 5), (5, 11), (12, 4), (4, 12), (13, 4), (4, 13), (14, 11), (11, 14), (15, 10), (10, 15), (16, 13), (13, 16), (17, 2), (2, 17), (18, 17), (17, 18), (19, 7), (7, 19), (20, 12), (12, 20), (21, 19), (19, 21), (22, 14), (14, 22), (23, 5), (5, 23), (24, 2), (2, 24), (25, 18), (18, 25), (26, 13), (13, 26), (27, 25), (25, 27), (28, 8), (8, 28), (29, 11), (11, 29), (30, 7), (7, 30), (31, 18), (18, 31), (32, 6), (6, 32), (33, 19), (19, 33), (34, 24), (24, 34), (35, 4), (4, 35), (36, 23), (23, 36), (37, 35), (35, 37), (38, 16), (16, 38), (39, 19), (19, 39), (40, 17), (17, 40), (41, 19), (19, 41), (42, 11), (11, 42), (43, 30), (30, 43), (44, 36), (36, 44), (45, 34), (34, 45), (46, 43), (43, 46), (47, 46), (46, 47), (48, 8), (8, 48), (49, 32), (32, 49), (50, 30), (30, 50), (51, 38), (38, 51), (52, 35), (35, 52), (53, 47), (47, 53), (54, 5), (5, 54), (55, 16), (16, 55), (56, 37), (37, 56), (57, 48), (48, 57), (58, 40), (40, 58), (59, 35), (35, 59), (60, 33), (33, 60)]
Z_dad = [4]
Y_dad = [2, 13, 19]
X_dad = [1, 5, 17]
Z_da-ad = [2]
Y_da-ad = [4, 7, 40]
X_da-ad = [1, 5, 30]
