no              #fail
802.779         #totTm
801.244         #lastADTm
3               #itDAD
1.000           #avItADGoal
363             #itADOpt
39              #opt
39              #optDA-AD
0.499           #tmDA
0.0             #relGain

V = [1, 2, 3, 4, 5, 6, 7, 8, 9, 10, 11, 12, 13, 14, 15, 16, 17, 18, 19, 20, 21, 22, 23, 24, 25, 26, 27, 28, 29, 30, 31, 32, 33, 34, 35, 36, 37, 38, 39, 40, 41, 42, 43, 44, 45, 46, 47, 48, 49, 50, 51, 52, 53, 54, 55, 56, 57, 58, 59, 60]
A = [(2, 1), (1, 2), (3, 1), (1, 3), (4, 3), (3, 4), (5, 1), (1, 5), (6, 3), (3, 6), (7, 2), (2, 7), (8, 3), (3, 8), (9, 4), (4, 9), (10, 7), (7, 10), (11, 7), (7, 11), (12, 1), (1, 12), (13, 8), (8, 13), (14, 8), (8, 14), (15, 5), (5, 15), (16, 3), (3, 16), (17, 13), (13, 17), (18, 4), (4, 18), (19, 12), (12, 19), (20, 6), (6, 20), (21, 20), (20, 21), (22, 18), (18, 22), (23, 20), (20, 23), (24, 10), (10, 24), (25, 2), (2, 25), (26, 5), (5, 26), (27, 18), (18, 27), (28, 26), (26, 28), (29, 18), (18, 29), (30, 8), (8, 30), (31, 6), (6, 31), (32, 15), (15, 32), (33, 28), (28, 33), (34, 1), (1, 34), (35, 16), (16, 35), (36, 28), (28, 36), (37, 35), (35, 37), (38, 5), (5, 38), (39, 13), (13, 39), (40, 16), (16, 40), (41, 34), (34, 41), (42, 8), (8, 42), (43, 11), (11, 43), (44, 2), (2, 44), (45, 43), (43, 45), (46, 34), (34, 46), (47, 14), (14, 47), (48, 37), (37, 48), (49, 24), (24, 49), (50, 40), (40, 50), (51, 26), (26, 51), (52, 5), (5, 52), (53, 21), (21, 53), (54, 51), (51, 54), (55, 29), (29, 55), (56, 4), (4, 56), (57, 35), (35, 57), (58, 43), (43, 58), (59, 34), (34, 59), (60, 39), (39, 60)]
Z_dad = [3]
Y_dad = [5, 7, 8]
X_dad = [1, 13, 26]
Z_da-ad = [3]
Y_da-ad = [5, 7, 8]
X_da-ad = [1, 13, 26]
