no              #fail
1.258           #totTm
0.761           #lastADTm
3               #itDAD
1.000           #avItADGoal
13              #itADOpt
64              #opt
64              #optDA-AD
0.638           #tmDA
0.0             #relGain

V = [1, 2, 3, 4, 5, 6, 7, 8, 9, 10, 11, 12, 13, 14, 15, 16, 17, 18, 19, 20, 21, 22, 23, 24, 25, 26, 27, 28, 29, 30, 31, 32, 33, 34, 35, 36, 37, 38, 39, 40, 41, 42, 43, 44, 45, 46, 47, 48, 49, 50, 51, 52, 53, 54, 55, 56, 57, 58, 59, 60, 61, 62, 63, 64, 65, 66, 67, 68, 69, 70, 71, 72, 73, 74, 75, 76, 77, 78, 79, 80]
A = [(2, 1), (1, 2), (3, 2), (2, 3), (4, 2), (2, 4), (5, 4), (4, 5), (6, 4), (4, 6), (7, 5), (5, 7), (8, 1), (1, 8), (9, 7), (7, 9), (10, 5), (5, 10), (11, 8), (8, 11), (12, 4), (4, 12), (13, 9), (9, 13), (14, 4), (4, 14), (15, 12), (12, 15), (16, 14), (14, 16), (17, 9), (9, 17), (18, 17), (17, 18), (19, 4), (4, 19), (20, 3), (3, 20), (21, 19), (19, 21), (22, 20), (20, 22), (23, 3), (3, 23), (24, 2), (2, 24), (25, 17), (17, 25), (26, 24), (24, 26), (27, 22), (22, 27), (28, 5), (5, 28), (29, 5), (5, 29), (30, 13), (13, 30), (31, 17), (17, 31), (32, 27), (27, 32), (33, 26), (26, 33), (34, 15), (15, 34), (35, 22), (22, 35), (36, 19), (19, 36), (37, 23), (23, 37), (38, 26), (26, 38), (39, 30), (30, 39), (40, 37), (37, 40), (41, 28), (28, 41), (42, 28), (28, 42), (43, 23), (23, 43), (44, 12), (12, 44), (45, 15), (15, 45), (46, 36), (36, 46), (47, 28), (28, 47), (48, 2), (2, 48), (49, 18), (18, 49), (50, 38), (38, 50), (51, 40), (40, 51), (52, 33), (33, 52), (53, 10), (10, 53), (54, 48), (48, 54), (55, 7), (7, 55), (56, 9), (9, 56), (57, 46), (46, 57), (58, 3), (3, 58), (59, 25), (25, 59), (60, 35), (35, 60), (61, 5), (5, 61), (62, 7), (7, 62), (63, 19), (19, 63), (64, 18), (18, 64), (65, 35), (35, 65), (66, 41), (41, 66), (67, 5), (5, 67), (68, 39), (39, 68), (69, 36), (36, 69), (70, 57), (57, 70), (71, 43), (43, 71), (72, 54), (54, 72), (73, 16), (16, 73), (74, 6), (6, 74), (75, 11), (11, 75), (76, 28), (28, 76), (77, 76), (76, 77), (78, 52), (52, 78), (79, 13), (13, 79), (80, 9), (9, 80)]
Z_dad = [4]
Y_dad = [7]
X_dad = [9]
Z_da-ad = [4]
Y_da-ad = [7]
X_da-ad = [9]
