no              #fail
2.002           #totTm
1.261           #lastADTm
3               #itDAD
1.000           #avItADGoal
13              #itADOpt
59              #opt
59              #optDA-AD
0.6             #tmDA
0.0             #relGain

V = [1, 2, 3, 4, 5, 6, 7, 8, 9, 10, 11, 12, 13, 14, 15, 16, 17, 18, 19, 20, 21, 22, 23, 24, 25, 26, 27, 28, 29, 30, 31, 32, 33, 34, 35, 36, 37, 38, 39, 40, 41, 42, 43, 44, 45, 46, 47, 48, 49, 50, 51, 52, 53, 54, 55, 56, 57, 58, 59, 60, 61, 62, 63, 64, 65, 66, 67, 68, 69, 70, 71, 72, 73, 74, 75, 76, 77, 78, 79, 80]
A = [(2, 1), (1, 2), (3, 1), (1, 3), (4, 2), (2, 4), (5, 3), (3, 5), (6, 1), (1, 6), (7, 3), (3, 7), (8, 4), (4, 8), (9, 8), (8, 9), (10, 8), (8, 10), (11, 2), (2, 11), (12, 3), (3, 12), (13, 1), (1, 13), (14, 8), (8, 14), (15, 9), (9, 15), (16, 7), (7, 16), (17, 10), (10, 17), (18, 10), (10, 18), (19, 16), (16, 19), (20, 16), (16, 20), (21, 8), (8, 21), (22, 10), (10, 22), (23, 15), (15, 23), (24, 11), (11, 24), (25, 6), (6, 25), (26, 13), (13, 26), (27, 23), (23, 27), (28, 21), (21, 28), (29, 24), (24, 29), (30, 18), (18, 30), (31, 7), (7, 31), (32, 15), (15, 32), (33, 26), (26, 33), (34, 14), (14, 34), (35, 10), (10, 35), (36, 15), (15, 36), (37, 34), (34, 37), (38, 30), (30, 38), (39, 26), (26, 39), (40, 6), (6, 40), (41, 28), (28, 41), (42, 5), (5, 42), (43, 8), (8, 43), (44, 14), (14, 44), (45, 22), (22, 45), (46, 26), (26, 46), (47, 36), (36, 47), (48, 22), (22, 48), (49, 20), (20, 49), (50, 38), (38, 50), (51, 29), (29, 51), (52, 51), (51, 52), (53, 28), (28, 53), (54, 6), (6, 54), (55, 45), (45, 55), (56, 32), (32, 56), (57, 43), (43, 57), (58, 32), (32, 58), (59, 42), (42, 59), (60, 6), (6, 60), (61, 40), (40, 61), (62, 59), (59, 62), (63, 19), (19, 63), (64, 7), (7, 64), (65, 37), (37, 65), (66, 34), (34, 66), (67, 44), (44, 67), (68, 16), (16, 68), (69, 31), (31, 69), (70, 57), (57, 70), (71, 36), (36, 71), (72, 4), (4, 72), (73, 46), (46, 73), (74, 27), (27, 74), (75, 17), (17, 75), (76, 75), (75, 76), (77, 41), (41, 77), (78, 28), (28, 78), (79, 44), (44, 79), (80, 15), (15, 80)]
Z_dad = [8]
Y_dad = [1]
X_dad = [3]
Z_da-ad = [8]
Y_da-ad = [1]
X_da-ad = [3]
