no              #fail
1.283           #totTm
0.864           #lastADTm
3               #itDAD
1.000           #avItADGoal
13              #itADOpt
66              #opt
66              #optDA-AD
0.934           #tmDA
0.0             #relGain

V = [1, 2, 3, 4, 5, 6, 7, 8, 9, 10, 11, 12, 13, 14, 15, 16, 17, 18, 19, 20, 21, 22, 23, 24, 25, 26, 27, 28, 29, 30, 31, 32, 33, 34, 35, 36, 37, 38, 39, 40, 41, 42, 43, 44, 45, 46, 47, 48, 49, 50, 51, 52, 53, 54, 55, 56, 57, 58, 59, 60, 61, 62, 63, 64, 65, 66, 67, 68, 69, 70, 71, 72, 73, 74, 75, 76, 77, 78, 79, 80]
A = [(2, 1), (1, 2), (3, 1), (1, 3), (4, 1), (1, 4), (5, 2), (2, 5), (6, 1), (1, 6), (7, 3), (3, 7), (8, 6), (6, 8), (9, 3), (3, 9), (10, 4), (4, 10), (11, 1), (1, 11), (12, 2), (2, 12), (13, 5), (5, 13), (14, 9), (9, 14), (15, 12), (12, 15), (16, 13), (13, 16), (17, 10), (10, 17), (18, 9), (9, 18), (19, 14), (14, 19), (20, 12), (12, 20), (21, 18), (18, 21), (22, 15), (15, 22), (23, 6), (6, 23), (24, 16), (16, 24), (25, 24), (24, 25), (26, 1), (1, 26), (27, 3), (3, 27), (28, 26), (26, 28), (29, 10), (10, 29), (30, 16), (16, 30), (31, 23), (23, 31), (32, 19), (19, 32), (33, 10), (10, 33), (34, 15), (15, 34), (35, 20), (20, 35), (36, 33), (33, 36), (37, 11), (11, 37), (38, 31), (31, 38), (39, 22), (22, 39), (40, 28), (28, 40), (41, 36), (36, 41), (42, 38), (38, 42), (43, 11), (11, 43), (44, 30), (30, 44), (45, 14), (14, 45), (46, 30), (30, 46), (47, 23), (23, 47), (48, 6), (6, 48), (49, 30), (30, 49), (50, 30), (30, 50), (51, 47), (47, 51), (52, 50), (50, 52), (53, 24), (24, 53), (54, 51), (51, 54), (55, 27), (27, 55), (56, 3), (3, 56), (57, 56), (56, 57), (58, 44), (44, 58), (59, 20), (20, 59), (60, 18), (18, 60), (61, 22), (22, 61), (62, 45), (45, 62), (63, 61), (61, 63), (64, 50), (50, 64), (65, 26), (26, 65), (66, 17), (17, 66), (67, 18), (18, 67), (68, 41), (41, 68), (69, 66), (66, 69), (70, 45), (45, 70), (71, 35), (35, 71), (72, 31), (31, 72), (73, 71), (71, 73), (74, 17), (17, 74), (75, 11), (11, 75), (76, 27), (27, 76), (77, 9), (9, 77), (78, 56), (56, 78), (79, 15), (15, 79), (80, 31), (31, 80)]
Z_dad = [1]
Y_dad = [2]
X_dad = [5]
Z_da-ad = [1]
Y_da-ad = [2]
X_da-ad = [5]
