no              #fail
1.373           #totTm
0.969           #lastADTm
3               #itDAD
1.000           #avItADGoal
17              #itADOpt
59              #opt
59              #optDA-AD
0.941           #tmDA
0.0             #relGain

V = [1, 2, 3, 4, 5, 6, 7, 8, 9, 10, 11, 12, 13, 14, 15, 16, 17, 18, 19, 20, 21, 22, 23, 24, 25, 26, 27, 28, 29, 30, 31, 32, 33, 34, 35, 36, 37, 38, 39, 40, 41, 42, 43, 44, 45, 46, 47, 48, 49, 50, 51, 52, 53, 54, 55, 56, 57, 58, 59, 60, 61, 62, 63, 64, 65, 66, 67, 68, 69, 70, 71, 72, 73, 74, 75, 76, 77, 78, 79, 80]
A = [(2, 1), (1, 2), (3, 2), (2, 3), (4, 2), (2, 4), (5, 2), (2, 5), (6, 3), (3, 6), (7, 6), (6, 7), (8, 1), (1, 8), (9, 4), (4, 9), (10, 9), (9, 10), (11, 6), (6, 11), (12, 1), (1, 12), (13, 8), (8, 13), (14, 6), (6, 14), (15, 11), (11, 15), (16, 7), (7, 16), (17, 7), (7, 17), (18, 11), (11, 18), (19, 13), (13, 19), (20, 1), (1, 20), (21, 20), (20, 21), (22, 1), (1, 22), (23, 6), (6, 23), (24, 5), (5, 24), (25, 14), (14, 25), (26, 25), (25, 26), (27, 26), (26, 27), (28, 16), (16, 28), (29, 6), (6, 29), (30, 4), (4, 30), (31, 4), (4, 31), (32, 6), (6, 32), (33, 3), (3, 33), (34, 25), (25, 34), (35, 20), (20, 35), (36, 6), (6, 36), (37, 33), (33, 37), (38, 14), (14, 38), (39, 37), (37, 39), (40, 26), (26, 40), (41, 26), (26, 41), (42, 36), (36, 42), (43, 1), (1, 43), (44, 23), (23, 44), (45, 9), (9, 45), (46, 28), (28, 46), (47, 16), (16, 47), (48, 47), (47, 48), (49, 8), (8, 49), (50, 34), (34, 50), (51, 42), (42, 51), (52, 37), (37, 52), (53, 8), (8, 53), (54, 25), (25, 54), (55, 30), (30, 55), (56, 49), (49, 56), (57, 15), (15, 57), (58, 27), (27, 58), (59, 35), (35, 59), (60, 57), (57, 60), (61, 1), (1, 61), (62, 9), (9, 62), (63, 43), (43, 63), (64, 60), (60, 64), (65, 27), (27, 65), (66, 25), (25, 66), (67, 41), (41, 67), (68, 5), (5, 68), (69, 37), (37, 69), (70, 8), (8, 70), (71, 60), (60, 71), (72, 5), (5, 72), (73, 3), (3, 73), (74, 7), (7, 74), (75, 16), (16, 75), (76, 37), (37, 76), (77, 18), (18, 77), (78, 16), (16, 78), (79, 6), (6, 79), (80, 6), (6, 80)]
Z_dad = [6]
Y_dad = [2]
X_dad = [1]
Z_da-ad = [6]
Y_da-ad = [2]
X_da-ad = [1]
