no              #fail
1.588           #totTm
0.766           #lastADTm
3               #itDAD
1.000           #avItADGoal
12              #itADOpt
58              #opt
56              #optDA-AD
0.643           #tmDA
3.4             #relGain

V = [1, 2, 3, 4, 5, 6, 7, 8, 9, 10, 11, 12, 13, 14, 15, 16, 17, 18, 19, 20, 21, 22, 23, 24, 25, 26, 27, 28, 29, 30, 31, 32, 33, 34, 35, 36, 37, 38, 39, 40, 41, 42, 43, 44, 45, 46, 47, 48, 49, 50, 51, 52, 53, 54, 55, 56, 57, 58, 59, 60, 61, 62, 63, 64, 65, 66, 67, 68, 69, 70, 71, 72, 73, 74, 75, 76, 77, 78, 79, 80]
A = [(2, 1), (1, 2), (3, 2), (2, 3), (4, 2), (2, 4), (5, 3), (3, 5), (6, 3), (3, 6), (7, 1), (1, 7), (8, 6), (6, 8), (9, 6), (6, 9), (10, 4), (4, 10), (11, 6), (6, 11), (12, 2), (2, 12), (13, 1), (1, 13), (14, 11), (11, 14), (15, 4), (4, 15), (16, 6), (6, 16), (17, 13), (13, 17), (18, 1), (1, 18), (19, 15), (15, 19), (20, 4), (4, 20), (21, 17), (17, 21), (22, 15), (15, 22), (23, 7), (7, 23), (24, 14), (14, 24), (25, 13), (13, 25), (26, 8), (8, 26), (27, 14), (14, 27), (28, 27), (27, 28), (29, 16), (16, 29), (30, 6), (6, 30), (31, 5), (5, 31), (32, 11), (11, 32), (33, 21), (21, 33), (34, 19), (19, 34), (35, 24), (24, 35), (36, 1), (1, 36), (37, 16), (16, 37), (38, 22), (22, 38), (39, 3), (3, 39), (40, 6), (6, 40), (41, 21), (21, 41), (42, 7), (7, 42), (43, 33), (33, 43), (44, 8), (8, 44), (45, 20), (20, 45), (46, 22), (22, 46), (47, 21), (21, 47), (48, 19), (19, 48), (49, 23), (23, 49), (50, 34), (34, 50), (51, 27), (27, 51), (52, 9), (9, 52), (53, 26), (26, 53), (54, 10), (10, 54), (55, 3), (3, 55), (56, 3), (3, 56), (57, 30), (30, 57), (58, 8), (8, 58), (59, 15), (15, 59), (60, 10), (10, 60), (61, 27), (27, 61), (62, 32), (32, 62), (63, 28), (28, 63), (64, 60), (60, 64), (65, 63), (63, 65), (66, 55), (55, 66), (67, 33), (33, 67), (68, 23), (23, 68), (69, 66), (66, 69), (70, 28), (28, 70), (71, 7), (7, 71), (72, 56), (56, 72), (73, 38), (38, 73), (74, 13), (13, 74), (75, 14), (14, 75), (76, 46), (46, 76), (77, 74), (74, 77), (78, 16), (16, 78), (79, 45), (45, 79), (80, 19), (19, 80)]
Z_dad = [3]
Y_dad = [2]
X_dad = [1]
Z_da-ad = [2]
Y_da-ad = [6]
X_da-ad = [11]
