no              #fail
2.143           #totTm
1.516           #lastADTm
3               #itDAD
1.000           #avItADGoal
14              #itADOpt
62              #opt
62              #optDA-AD
0.451           #tmDA
0.0             #relGain

V = [1, 2, 3, 4, 5, 6, 7, 8, 9, 10, 11, 12, 13, 14, 15, 16, 17, 18, 19, 20, 21, 22, 23, 24, 25, 26, 27, 28, 29, 30, 31, 32, 33, 34, 35, 36, 37, 38, 39, 40, 41, 42, 43, 44, 45, 46, 47, 48, 49, 50, 51, 52, 53, 54, 55, 56, 57, 58, 59, 60, 61, 62, 63, 64, 65, 66, 67, 68, 69, 70, 71, 72, 73, 74, 75, 76, 77, 78, 79, 80]
A = [(2, 1), (1, 2), (3, 2), (2, 3), (4, 3), (3, 4), (5, 1), (1, 5), (6, 1), (1, 6), (7, 1), (1, 7), (8, 2), (2, 8), (9, 5), (5, 9), (10, 3), (3, 10), (11, 8), (8, 11), (12, 2), (2, 12), (13, 1), (1, 13), (14, 12), (12, 14), (15, 7), (7, 15), (16, 3), (3, 16), (17, 8), (8, 17), (18, 6), (6, 18), (19, 8), (8, 19), (20, 15), (15, 20), (21, 17), (17, 21), (22, 20), (20, 22), (23, 14), (14, 23), (24, 19), (19, 24), (25, 3), (3, 25), (26, 23), (23, 26), (27, 23), (23, 27), (28, 2), (2, 28), (29, 18), (18, 29), (30, 20), (20, 30), (31, 21), (21, 31), (32, 27), (27, 32), (33, 5), (5, 33), (34, 12), (12, 34), (35, 18), (18, 35), (36, 33), (33, 36), (37, 2), (2, 37), (38, 29), (29, 38), (39, 37), (37, 39), (40, 26), (26, 40), (41, 32), (32, 41), (42, 22), (22, 42), (43, 21), (21, 43), (44, 3), (3, 44), (45, 23), (23, 45), (46, 2), (2, 46), (47, 39), (39, 47), (48, 7), (7, 48), (49, 1), (1, 49), (50, 3), (3, 50), (51, 38), (38, 51), (52, 37), (37, 52), (53, 41), (41, 53), (54, 37), (37, 54), (55, 48), (48, 55), (56, 40), (40, 56), (57, 4), (4, 57), (58, 19), (19, 58), (59, 10), (10, 59), (60, 45), (45, 60), (61, 51), (51, 61), (62, 59), (59, 62), (63, 47), (47, 63), (64, 46), (46, 64), (65, 21), (21, 65), (66, 63), (63, 66), (67, 35), (35, 67), (68, 24), (24, 68), (69, 33), (33, 69), (70, 20), (20, 70), (71, 8), (8, 71), (72, 69), (69, 72), (73, 47), (47, 73), (74, 51), (51, 74), (75, 10), (10, 75), (76, 59), (59, 76), (77, 56), (56, 77), (78, 45), (45, 78), (79, 19), (19, 79), (80, 45), (45, 80)]
Z_dad = [2]
Y_dad = [1]
X_dad = [7]
Z_da-ad = [2]
Y_da-ad = [1]
X_da-ad = [7]
