no              #fail
1.225           #totTm
0.765           #lastADTm
3               #itDAD
1.000           #avItADGoal
13              #itADOpt
62              #opt
62              #optDA-AD
0.496           #tmDA
0.0             #relGain

V = [1, 2, 3, 4, 5, 6, 7, 8, 9, 10, 11, 12, 13, 14, 15, 16, 17, 18, 19, 20, 21, 22, 23, 24, 25, 26, 27, 28, 29, 30, 31, 32, 33, 34, 35, 36, 37, 38, 39, 40, 41, 42, 43, 44, 45, 46, 47, 48, 49, 50, 51, 52, 53, 54, 55, 56, 57, 58, 59, 60, 61, 62, 63, 64, 65, 66, 67, 68, 69, 70, 71, 72, 73, 74, 75, 76, 77, 78, 79, 80]
A = [(2, 1), (1, 2), (3, 2), (2, 3), (4, 3), (3, 4), (5, 1), (1, 5), (6, 5), (5, 6), (7, 5), (5, 7), (8, 1), (1, 8), (9, 2), (2, 9), (10, 7), (7, 10), (11, 3), (3, 11), (12, 1), (1, 12), (13, 1), (1, 13), (14, 10), (10, 14), (15, 6), (6, 15), (16, 11), (11, 16), (17, 13), (13, 17), (18, 9), (9, 18), (19, 9), (9, 19), (20, 2), (2, 20), (21, 9), (9, 21), (22, 11), (11, 22), (23, 12), (12, 23), (24, 1), (1, 24), (25, 15), (15, 25), (26, 11), (11, 26), (27, 15), (15, 27), (28, 13), (13, 28), (29, 4), (4, 29), (30, 17), (17, 30), (31, 26), (26, 31), (32, 5), (5, 32), (33, 32), (32, 33), (34, 7), (7, 34), (35, 32), (32, 35), (36, 2), (2, 36), (37, 23), (23, 37), (38, 3), (3, 38), (39, 1), (1, 39), (40, 16), (16, 40), (41, 14), (14, 41), (42, 27), (27, 42), (43, 26), (26, 43), (44, 8), (8, 44), (45, 22), (22, 45), (46, 35), (35, 46), (47, 27), (27, 47), (48, 44), (44, 48), (49, 2), (2, 49), (50, 21), (21, 50), (51, 36), (36, 51), (52, 35), (35, 52), (53, 13), (13, 53), (54, 22), (22, 54), (55, 2), (2, 55), (56, 14), (14, 56), (57, 52), (52, 57), (58, 30), (30, 58), (59, 11), (11, 59), (60, 41), (41, 60), (61, 37), (37, 61), (62, 27), (27, 62), (63, 18), (18, 63), (64, 13), (13, 64), (65, 52), (52, 65), (66, 13), (13, 66), (67, 34), (34, 67), (68, 48), (48, 68), (69, 3), (3, 69), (70, 43), (43, 70), (71, 36), (36, 71), (72, 62), (62, 72), (73, 53), (53, 73), (74, 50), (50, 74), (75, 4), (4, 75), (76, 44), (44, 76), (77, 38), (38, 77), (78, 47), (47, 78), (79, 10), (10, 79), (80, 44), (44, 80)]
Z_dad = [1]
Y_dad = [3]
X_dad = [2]
Z_da-ad = [1]
Y_da-ad = [3]
X_da-ad = [2]
