no              #fail
2.233           #totTm
1.459           #lastADTm
3               #itDAD
1.000           #avItADGoal
13              #itADOpt
66              #opt
66              #optDA-AD
0.629           #tmDA
0.0             #relGain

V = [1, 2, 3, 4, 5, 6, 7, 8, 9, 10, 11, 12, 13, 14, 15, 16, 17, 18, 19, 20, 21, 22, 23, 24, 25, 26, 27, 28, 29, 30, 31, 32, 33, 34, 35, 36, 37, 38, 39, 40, 41, 42, 43, 44, 45, 46, 47, 48, 49, 50, 51, 52, 53, 54, 55, 56, 57, 58, 59, 60, 61, 62, 63, 64, 65, 66, 67, 68, 69, 70, 71, 72, 73, 74, 75, 76, 77, 78, 79, 80]
A = [(2, 1), (1, 2), (3, 2), (2, 3), (4, 3), (3, 4), (5, 3), (3, 5), (6, 3), (3, 6), (7, 4), (4, 7), (8, 4), (4, 8), (9, 6), (6, 9), (10, 2), (2, 10), (11, 4), (4, 11), (12, 1), (1, 12), (13, 3), (3, 13), (14, 5), (5, 14), (15, 13), (13, 15), (16, 1), (1, 16), (17, 14), (14, 17), (18, 6), (6, 18), (19, 9), (9, 19), (20, 17), (17, 20), (21, 11), (11, 21), (22, 1), (1, 22), (23, 2), (2, 23), (24, 16), (16, 24), (25, 21), (21, 25), (26, 7), (7, 26), (27, 4), (4, 27), (28, 13), (13, 28), (29, 16), (16, 29), (30, 28), (28, 30), (31, 22), (22, 31), (32, 30), (30, 32), (33, 14), (14, 33), (34, 1), (1, 34), (35, 20), (20, 35), (36, 3), (3, 36), (37, 5), (5, 37), (38, 13), (13, 38), (39, 8), (8, 39), (40, 39), (39, 40), (41, 7), (7, 41), (42, 40), (40, 42), (43, 6), (6, 43), (44, 10), (10, 44), (45, 33), (33, 45), (46, 21), (21, 46), (47, 14), (14, 47), (48, 9), (9, 48), (49, 23), (23, 49), (50, 10), (10, 50), (51, 3), (3, 51), (52, 46), (46, 52), (53, 30), (30, 53), (54, 26), (26, 54), (55, 25), (25, 55), (56, 47), (47, 56), (57, 5), (5, 57), (58, 20), (20, 58), (59, 49), (49, 59), (60, 14), (14, 60), (61, 47), (47, 61), (62, 19), (19, 62), (63, 27), (27, 63), (64, 59), (59, 64), (65, 43), (43, 65), (66, 24), (24, 66), (67, 10), (10, 67), (68, 23), (23, 68), (69, 53), (53, 69), (70, 39), (39, 70), (71, 12), (12, 71), (72, 47), (47, 72), (73, 54), (54, 73), (74, 28), (28, 74), (75, 59), (59, 75), (76, 14), (14, 76), (77, 73), (73, 77), (78, 72), (72, 78), (79, 64), (64, 79), (80, 60), (60, 80)]
Z_dad = [3]
Y_dad = [4]
X_dad = [11]
Z_da-ad = [3]
Y_da-ad = [4]
X_da-ad = [11]
