no              #fail
2.163           #totTm
1.431           #lastADTm
3               #itDAD
1.000           #avItADGoal
15              #itADOpt
63              #opt
63              #optDA-AD
1.214           #tmDA
0.0             #relGain

V = [1, 2, 3, 4, 5, 6, 7, 8, 9, 10, 11, 12, 13, 14, 15, 16, 17, 18, 19, 20, 21, 22, 23, 24, 25, 26, 27, 28, 29, 30, 31, 32, 33, 34, 35, 36, 37, 38, 39, 40, 41, 42, 43, 44, 45, 46, 47, 48, 49, 50, 51, 52, 53, 54, 55, 56, 57, 58, 59, 60, 61, 62, 63, 64, 65, 66, 67, 68, 69, 70, 71, 72, 73, 74, 75, 76, 77, 78, 79, 80]
A = [(2, 1), (1, 2), (3, 2), (2, 3), (4, 2), (2, 4), (5, 2), (2, 5), (6, 2), (2, 6), (7, 2), (2, 7), (8, 3), (3, 8), (9, 3), (3, 9), (10, 4), (4, 10), (11, 10), (10, 11), (12, 10), (10, 12), (13, 2), (2, 13), (14, 10), (10, 14), (15, 8), (8, 15), (16, 3), (3, 16), (17, 7), (7, 17), (18, 3), (3, 18), (19, 4), (4, 19), (20, 4), (4, 20), (21, 15), (15, 21), (22, 16), (16, 22), (23, 10), (10, 23), (24, 14), (14, 24), (25, 11), (11, 25), (26, 6), (6, 26), (27, 16), (16, 27), (28, 23), (23, 28), (29, 4), (4, 29), (30, 19), (19, 30), (31, 13), (13, 31), (32, 5), (5, 32), (33, 29), (29, 33), (34, 22), (22, 34), (35, 31), (31, 35), (36, 25), (25, 36), (37, 17), (17, 37), (38, 32), (32, 38), (39, 25), (25, 39), (40, 13), (13, 40), (41, 5), (5, 41), (42, 34), (34, 42), (43, 38), (38, 43), (44, 35), (35, 44), (45, 15), (15, 45), (46, 29), (29, 46), (47, 30), (30, 47), (48, 26), (26, 48), (49, 19), (19, 49), (50, 16), (16, 50), (51, 32), (32, 51), (52, 42), (42, 52), (53, 52), (52, 53), (54, 48), (48, 54), (55, 27), (27, 55), (56, 36), (36, 56), (57, 37), (37, 57), (58, 34), (34, 58), (59, 26), (26, 59), (60, 38), (38, 60), (61, 12), (12, 61), (62, 29), (29, 62), (63, 35), (35, 63), (64, 14), (14, 64), (65, 25), (25, 65), (66, 37), (37, 66), (67, 53), (53, 67), (68, 64), (64, 68), (69, 65), (65, 69), (70, 45), (45, 70), (71, 52), (52, 71), (72, 58), (58, 72), (73, 12), (12, 73), (74, 32), (32, 74), (75, 57), (57, 75), (76, 2), (2, 76), (77, 13), (13, 77), (78, 50), (50, 78), (79, 48), (48, 79), (80, 79), (79, 80)]
Z_dad = [2]
Y_dad = [10]
X_dad = [4]
Z_da-ad = [2]
Y_da-ad = [10]
X_da-ad = [4]
