no              #fail
1.663           #totTm
0.989           #lastADTm
3               #itDAD
1.000           #avItADGoal
12              #itADOpt
60              #opt
60              #optDA-AD
0.73            #tmDA
0.0             #relGain

V = [1, 2, 3, 4, 5, 6, 7, 8, 9, 10, 11, 12, 13, 14, 15, 16, 17, 18, 19, 20, 21, 22, 23, 24, 25, 26, 27, 28, 29, 30, 31, 32, 33, 34, 35, 36, 37, 38, 39, 40, 41, 42, 43, 44, 45, 46, 47, 48, 49, 50, 51, 52, 53, 54, 55, 56, 57, 58, 59, 60, 61, 62, 63, 64, 65, 66, 67, 68, 69, 70, 71, 72, 73, 74, 75, 76, 77, 78, 79, 80]
A = [(2, 1), (1, 2), (3, 2), (2, 3), (4, 1), (1, 4), (5, 1), (1, 5), (6, 1), (1, 6), (7, 3), (3, 7), (8, 1), (1, 8), (9, 1), (1, 9), (10, 2), (2, 10), (11, 6), (6, 11), (12, 9), (9, 12), (13, 10), (10, 13), (14, 3), (3, 14), (15, 5), (5, 15), (16, 2), (2, 16), (17, 9), (9, 17), (18, 3), (3, 18), (19, 16), (16, 19), (20, 4), (4, 20), (21, 12), (12, 21), (22, 3), (3, 22), (23, 10), (10, 23), (24, 11), (11, 24), (25, 5), (5, 25), (26, 13), (13, 26), (27, 6), (6, 27), (28, 17), (17, 28), (29, 6), (6, 29), (30, 16), (16, 30), (31, 29), (29, 31), (32, 12), (12, 32), (33, 6), (6, 33), (34, 9), (9, 34), (35, 6), (6, 35), (36, 16), (16, 36), (37, 9), (9, 37), (38, 27), (27, 38), (39, 16), (16, 39), (40, 31), (31, 40), (41, 17), (17, 41), (42, 6), (6, 42), (43, 26), (26, 43), (44, 17), (17, 44), (45, 30), (30, 45), (46, 33), (33, 46), (47, 5), (5, 47), (48, 10), (10, 48), (49, 3), (3, 49), (50, 22), (22, 50), (51, 12), (12, 51), (52, 37), (37, 52), (53, 3), (3, 53), (54, 29), (29, 54), (55, 40), (40, 55), (56, 24), (24, 56), (57, 37), (37, 57), (58, 4), (4, 58), (59, 28), (28, 59), (60, 19), (19, 60), (61, 57), (57, 61), (62, 26), (26, 62), (63, 35), (35, 63), (64, 27), (27, 64), (65, 2), (2, 65), (66, 25), (25, 66), (67, 61), (61, 67), (68, 36), (36, 68), (69, 45), (45, 69), (70, 17), (17, 70), (71, 35), (35, 71), (72, 43), (43, 72), (73, 66), (66, 73), (74, 35), (35, 74), (75, 25), (25, 75), (76, 26), (26, 76), (77, 13), (13, 77), (78, 72), (72, 78), (79, 42), (42, 79), (80, 30), (30, 80)]
Z_dad = [1]
Y_dad = [2]
X_dad = [10]
Z_da-ad = [1]
Y_da-ad = [2]
X_da-ad = [10]
