no              #fail
384.159         #totTm
373.375         #lastADTm
8               #itDAD
1.000           #avItADGoal
404             #itADOpt
74              #opt
72              #optDA-AD
5.314           #tmDA
2.7             #relGain

V = [1, 2, 3, 4, 5, 6, 7, 8, 9, 10, 11, 12, 13, 14, 15, 16, 17, 18, 19, 20, 21, 22, 23, 24, 25, 26, 27, 28, 29, 30, 31, 32, 33, 34, 35, 36, 37, 38, 39, 40, 41, 42, 43, 44, 45, 46, 47, 48, 49, 50, 51, 52, 53, 54, 55, 56, 57, 58, 59, 60, 61, 62, 63, 64, 65, 66, 67, 68, 69, 70, 71, 72, 73, 74, 75, 76, 77, 78, 79, 80, 81, 82, 83, 84, 85, 86, 87, 88, 89, 90, 91, 92, 93, 94, 95, 96, 97, 98, 99, 100]
A = [(2, 1), (1, 2), (3, 2), (2, 3), (4, 2), (2, 4), (5, 3), (3, 5), (6, 4), (4, 6), (7, 1), (1, 7), (8, 7), (7, 8), (9, 6), (6, 9), (10, 1), (1, 10), (11, 8), (8, 11), (12, 5), (5, 12), (13, 9), (9, 13), (14, 11), (11, 14), (15, 4), (4, 15), (16, 7), (7, 16), (17, 1), (1, 17), (18, 3), (3, 18), (19, 4), (4, 19), (20, 18), (18, 20), (21, 11), (11, 21), (22, 14), (14, 22), (23, 10), (10, 23), (24, 3), (3, 24), (25, 10), (10, 25), (26, 20), (20, 26), (27, 23), (23, 27), (28, 13), (13, 28), (29, 24), (24, 29), (30, 26), (26, 30), (31, 4), (4, 31), (32, 25), (25, 32), (33, 26), (26, 33), (34, 3), (3, 34), (35, 9), (9, 35), (36, 20), (20, 36), (37, 10), (10, 37), (38, 18), (18, 38), (39, 16), (16, 39), (40, 22), (22, 40), (41, 36), (36, 41), (42, 35), (35, 42), (43, 1), (1, 43), (44, 9), (9, 44), (45, 26), (26, 45), (46, 19), (19, 46), (47, 3), (3, 47), (48, 15), (15, 48), (49, 9), (9, 49), (50, 11), (11, 50), (51, 9), (9, 51), (52, 7), (7, 52), (53, 49), (49, 53), (54, 14), (14, 54), (55, 27), (27, 55), (56, 25), (25, 56), (57, 28), (28, 57), (58, 27), (27, 58), (59, 23), (23, 59), (60, 36), (36, 60), (61, 18), (18, 61), (62, 28), (28, 62), (63, 36), (36, 63), (64, 15), (15, 64), (65, 31), (31, 65), (66, 8), (8, 66), (67, 25), (25, 67), (68, 4), (4, 68), (69, 30), (30, 69), (70, 8), (8, 70), (71, 56), (56, 71), (72, 17), (17, 72), (73, 48), (48, 73), (74, 39), (39, 74), (75, 57), (57, 75), (76, 29), (29, 76), (77, 76), (76, 77), (78, 19), (19, 78), (79, 29), (29, 79), (80, 12), (12, 80), (81, 34), (34, 81), (82, 50), (50, 82), (83, 64), (64, 83), (84, 38), (38, 84), (85, 54), (54, 85), (86, 4), (4, 86), (87, 25), (25, 87), (88, 83), (83, 88), (89, 1), (1, 89), (90, 70), (70, 90), (91, 66), (66, 91), (92, 78), (78, 92), (93, 87), (87, 93), (94, 21), (21, 94), (95, 40), (40, 95), (96, 15), (15, 96), (97, 85), (85, 97), (98, 61), (61, 98), (99, 38), (38, 99), (100, 46), (46, 100)]
Z_dad = [3, 4]
Y_dad = [10, 11]
X_dad = [1, 8]
Z_da-ad = [1, 4]
Y_da-ad = [11, 18]
X_da-ad = [3, 20]
