no              #fail
398.105         #totTm
389.665         #lastADTm
6               #itDAD
1.000           #avItADGoal
394             #itADOpt
77              #opt
77              #optDA-AD
4.129           #tmDA
0.0             #relGain

V = [1, 2, 3, 4, 5, 6, 7, 8, 9, 10, 11, 12, 13, 14, 15, 16, 17, 18, 19, 20, 21, 22, 23, 24, 25, 26, 27, 28, 29, 30, 31, 32, 33, 34, 35, 36, 37, 38, 39, 40, 41, 42, 43, 44, 45, 46, 47, 48, 49, 50, 51, 52, 53, 54, 55, 56, 57, 58, 59, 60, 61, 62, 63, 64, 65, 66, 67, 68, 69, 70, 71, 72, 73, 74, 75, 76, 77, 78, 79, 80, 81, 82, 83, 84, 85, 86, 87, 88, 89, 90, 91, 92, 93, 94, 95, 96, 97, 98, 99, 100]
A = [(2, 1), (1, 2), (3, 1), (1, 3), (4, 2), (2, 4), (5, 3), (3, 5), (6, 4), (4, 6), (7, 1), (1, 7), (8, 1), (1, 8), (9, 6), (6, 9), (10, 6), (6, 10), (11, 6), (6, 11), (12, 1), (1, 12), (13, 5), (5, 13), (14, 12), (12, 14), (15, 6), (6, 15), (16, 9), (9, 16), (17, 5), (5, 17), (18, 5), (5, 18), (19, 1), (1, 19), (20, 3), (3, 20), (21, 10), (10, 21), (22, 10), (10, 22), (23, 15), (15, 23), (24, 19), (19, 24), (25, 19), (19, 25), (26, 3), (3, 26), (27, 1), (1, 27), (28, 19), (19, 28), (29, 23), (23, 29), (30, 10), (10, 30), (31, 23), (23, 31), (32, 28), (28, 32), (33, 26), (26, 33), (34, 29), (29, 34), (35, 23), (23, 35), (36, 21), (21, 36), (37, 25), (25, 37), (38, 31), (31, 38), (39, 17), (17, 39), (40, 35), (35, 40), (41, 2), (2, 41), (42, 4), (4, 42), (43, 19), (19, 43), (44, 39), (39, 44), (45, 24), (24, 45), (46, 43), (43, 46), (47, 20), (20, 47), (48, 18), (18, 48), (49, 25), (25, 49), (50, 22), (22, 50), (51, 4), (4, 51), (52, 16), (16, 52), (53, 52), (52, 53), (54, 9), (9, 54), (55, 25), (25, 55), (56, 45), (45, 56), (57, 47), (47, 57), (58, 55), (55, 58), (59, 4), (4, 59), (60, 50), (50, 60), (61, 54), (54, 61), (62, 6), (6, 62), (63, 59), (59, 63), (64, 39), (39, 64), (65, 21), (21, 65), (66, 24), (24, 66), (67, 66), (66, 67), (68, 30), (30, 68), (69, 52), (52, 69), (70, 23), (23, 70), (71, 57), (57, 71), (72, 68), (68, 72), (73, 23), (23, 73), (74, 31), (31, 74), (75, 68), (68, 75), (76, 69), (69, 76), (77, 42), (42, 77), (78, 73), (73, 78), (79, 38), (38, 79), (80, 70), (70, 80), (81, 53), (53, 81), (82, 32), (32, 82), (83, 31), (31, 83), (84, 12), (12, 84), (85, 22), (22, 85), (86, 39), (39, 86), (87, 84), (84, 87), (88, 58), (58, 88), (89, 49), (49, 89), (90, 44), (44, 90), (91, 57), (57, 91), (92, 45), (45, 92), (93, 72), (72, 93), (94, 83), (83, 94), (95, 46), (46, 95), (96, 36), (36, 96), (97, 85), (85, 97), (98, 37), (37, 98), (99, 25), (25, 99), (100, 72), (72, 100)]
Z_dad = [1, 6]
Y_dad = [19, 23]
X_dad = [25, 31]
Z_da-ad = [1, 6]
Y_da-ad = [19, 23]
X_da-ad = [25, 31]
