no              #fail
435.835         #totTm
429.167         #lastADTm
6               #itDAD
1.000           #avItADGoal
373             #itADOpt
77              #opt
77              #optDA-AD
3.693           #tmDA
0.0             #relGain

V = [1, 2, 3, 4, 5, 6, 7, 8, 9, 10, 11, 12, 13, 14, 15, 16, 17, 18, 19, 20, 21, 22, 23, 24, 25, 26, 27, 28, 29, 30, 31, 32, 33, 34, 35, 36, 37, 38, 39, 40, 41, 42, 43, 44, 45, 46, 47, 48, 49, 50, 51, 52, 53, 54, 55, 56, 57, 58, 59, 60, 61, 62, 63, 64, 65, 66, 67, 68, 69, 70, 71, 72, 73, 74, 75, 76, 77, 78, 79, 80, 81, 82, 83, 84, 85, 86, 87, 88, 89, 90, 91, 92, 93, 94, 95, 96, 97, 98, 99, 100]
A = [(2, 1), (1, 2), (3, 2), (2, 3), (4, 3), (3, 4), (5, 4), (4, 5), (6, 1), (1, 6), (7, 5), (5, 7), (8, 4), (4, 8), (9, 3), (3, 9), (10, 7), (7, 10), (11, 10), (10, 11), (12, 5), (5, 12), (13, 8), (8, 13), (14, 13), (13, 14), (15, 3), (3, 15), (16, 6), (6, 16), (17, 12), (12, 17), (18, 8), (8, 18), (19, 4), (4, 19), (20, 1), (1, 20), (21, 15), (15, 21), (22, 4), (4, 22), (23, 14), (14, 23), (24, 23), (23, 24), (25, 18), (18, 25), (26, 4), (4, 26), (27, 26), (26, 27), (28, 2), (2, 28), (29, 5), (5, 29), (30, 2), (2, 30), (31, 9), (9, 31), (32, 30), (30, 32), (33, 22), (22, 33), (34, 20), (20, 34), (35, 32), (32, 35), (36, 23), (23, 36), (37, 9), (9, 37), (38, 30), (30, 38), (39, 7), (7, 39), (40, 27), (27, 40), (41, 29), (29, 41), (42, 36), (36, 42), (43, 4), (4, 43), (44, 20), (20, 44), (45, 17), (17, 45), (46, 5), (5, 46), (47, 43), (43, 47), (48, 41), (41, 48), (49, 22), (22, 49), (50, 16), (16, 50), (51, 48), (48, 51), (52, 38), (38, 52), (53, 23), (23, 53), (54, 10), (10, 54), (55, 18), (18, 55), (56, 55), (55, 56), (57, 28), (28, 57), (58, 39), (39, 58), (59, 43), (43, 59), (60, 14), (14, 60), (61, 38), (38, 61), (62, 1), (1, 62), (63, 4), (4, 63), (64, 1), (1, 64), (65, 7), (7, 65), (66, 46), (46, 66), (67, 18), (18, 67), (68, 48), (48, 68), (69, 16), (16, 69), (70, 62), (62, 70), (71, 55), (55, 71), (72, 69), (69, 72), (73, 8), (8, 73), (74, 30), (30, 74), (75, 28), (28, 75), (76, 74), (74, 76), (77, 20), (20, 77), (78, 73), (73, 78), (79, 36), (36, 79), (80, 64), (64, 80), (81, 28), (28, 81), (82, 71), (71, 82), (83, 20), (20, 83), (84, 69), (69, 84), (85, 52), (52, 85), (86, 5), (5, 86), (87, 33), (33, 87), (88, 52), (52, 88), (89, 40), (40, 89), (90, 28), (28, 90), (91, 69), (69, 91), (92, 84), (84, 92), (93, 25), (25, 93), (94, 38), (38, 94), (95, 40), (40, 95), (96, 56), (56, 96), (97, 89), (89, 97), (98, 55), (55, 98), (99, 79), (79, 99), (100, 51), (51, 100)]
Z_dad = [2, 4]
Y_dad = [1, 5]
X_dad = [6, 7]
Z_da-ad = [2, 4]
Y_da-ad = [1, 5]
X_da-ad = [6, 7]
