no              #fail
473.084         #totTm
465.305         #lastADTm
7               #itDAD
1.000           #avItADGoal
449             #itADOpt
78              #opt
78              #optDA-AD
5.538           #tmDA
0.0             #relGain

V = [1, 2, 3, 4, 5, 6, 7, 8, 9, 10, 11, 12, 13, 14, 15, 16, 17, 18, 19, 20, 21, 22, 23, 24, 25, 26, 27, 28, 29, 30, 31, 32, 33, 34, 35, 36, 37, 38, 39, 40, 41, 42, 43, 44, 45, 46, 47, 48, 49, 50, 51, 52, 53, 54, 55, 56, 57, 58, 59, 60, 61, 62, 63, 64, 65, 66, 67, 68, 69, 70, 71, 72, 73, 74, 75, 76, 77, 78, 79, 80, 81, 82, 83, 84, 85, 86, 87, 88, 89, 90, 91, 92, 93, 94, 95, 96, 97, 98, 99, 100]
A = [(2, 1), (1, 2), (3, 1), (1, 3), (4, 3), (3, 4), (5, 1), (1, 5), (6, 2), (2, 6), (7, 4), (4, 7), (8, 3), (3, 8), (9, 2), (2, 9), (10, 4), (4, 10), (11, 5), (5, 11), (12, 6), (6, 12), (13, 5), (5, 13), (14, 10), (10, 14), (15, 1), (1, 15), (16, 3), (3, 16), (17, 15), (15, 17), (18, 2), (2, 18), (19, 17), (17, 19), (20, 2), (2, 20), (21, 3), (3, 21), (22, 17), (17, 22), (23, 18), (18, 23), (24, 1), (1, 24), (25, 15), (15, 25), (26, 12), (12, 26), (27, 14), (14, 27), (28, 19), (19, 28), (29, 13), (13, 29), (30, 6), (6, 30), (31, 8), (8, 31), (32, 24), (24, 32), (33, 22), (22, 33), (34, 4), (4, 34), (35, 21), (21, 35), (36, 11), (11, 36), (37, 21), (21, 37), (38, 16), (16, 38), (39, 11), (11, 39), (40, 3), (3, 40), (41, 38), (38, 41), (42, 6), (6, 42), (43, 41), (41, 43), (44, 27), (27, 44), (45, 36), (36, 45), (46, 5), (5, 46), (47, 36), (36, 47), (48, 1), (1, 48), (49, 17), (17, 49), (50, 5), (5, 50), (51, 8), (8, 51), (52, 20), (20, 52), (53, 22), (22, 53), (54, 28), (28, 54), (55, 27), (27, 55), (56, 32), (32, 56), (57, 14), (14, 57), (58, 56), (56, 58), (59, 13), (13, 59), (60, 43), (43, 60), (61, 10), (10, 61), (62, 30), (30, 62), (63, 3), (3, 63), (64, 22), (22, 64), (65, 4), (4, 65), (66, 52), (52, 66), (67, 9), (9, 67), (68, 21), (21, 68), (69, 17), (17, 69), (70, 5), (5, 70), (71, 46), (46, 71), (72, 42), (42, 72), (73, 64), (64, 73), (74, 42), (42, 74), (75, 21), (21, 75), (76, 19), (19, 76), (77, 35), (35, 77), (78, 76), (76, 78), (79, 64), (64, 79), (80, 29), (29, 80), (81, 58), (58, 81), (82, 67), (67, 82), (83, 61), (61, 83), (84, 41), (41, 84), (85, 69), (69, 85), (86, 73), (73, 86), (87, 40), (40, 87), (88, 51), (51, 88), (89, 7), (7, 89), (90, 1), (1, 90), (91, 3), (3, 91), (92, 46), (46, 92), (93, 22), (22, 93), (94, 24), (24, 94), (95, 38), (38, 95), (96, 42), (42, 96), (97, 75), (75, 97), (98, 5), (5, 98), (99, 14), (14, 99), (100, 44), (44, 100)]
Z_dad = [1, 3]
Y_dad = [5, 17]
X_dad = [11, 22]
Z_da-ad = [1, 3]
Y_da-ad = [5, 17]
X_da-ad = [11, 22]
