no              #fail
426.488         #totTm
418.974         #lastADTm
6               #itDAD
1.000           #avItADGoal
408             #itADOpt
73              #opt
73              #optDA-AD
4.403           #tmDA
0.0             #relGain

V = [1, 2, 3, 4, 5, 6, 7, 8, 9, 10, 11, 12, 13, 14, 15, 16, 17, 18, 19, 20, 21, 22, 23, 24, 25, 26, 27, 28, 29, 30, 31, 32, 33, 34, 35, 36, 37, 38, 39, 40, 41, 42, 43, 44, 45, 46, 47, 48, 49, 50, 51, 52, 53, 54, 55, 56, 57, 58, 59, 60, 61, 62, 63, 64, 65, 66, 67, 68, 69, 70, 71, 72, 73, 74, 75, 76, 77, 78, 79, 80, 81, 82, 83, 84, 85, 86, 87, 88, 89, 90, 91, 92, 93, 94, 95, 96, 97, 98, 99, 100]
A = [(2, 1), (1, 2), (3, 2), (2, 3), (4, 3), (3, 4), (5, 3), (3, 5), (6, 2), (2, 6), (7, 3), (3, 7), (8, 6), (6, 8), (9, 1), (1, 9), (10, 9), (9, 10), (11, 6), (6, 11), (12, 3), (3, 12), (13, 12), (12, 13), (14, 9), (9, 14), (15, 7), (7, 15), (16, 12), (12, 16), (17, 3), (3, 17), (18, 8), (8, 18), (19, 9), (9, 19), (20, 10), (10, 20), (21, 16), (16, 21), (22, 16), (16, 22), (23, 20), (20, 23), (24, 18), (18, 24), (25, 2), (2, 25), (26, 17), (17, 26), (27, 23), (23, 27), (28, 20), (20, 28), (29, 9), (9, 29), (30, 7), (7, 30), (31, 2), (2, 31), (32, 9), (9, 32), (33, 23), (23, 33), (34, 27), (27, 34), (35, 2), (2, 35), (36, 35), (35, 36), (37, 21), (21, 37), (38, 34), (34, 38), (39, 1), (1, 39), (40, 12), (12, 40), (41, 12), (12, 41), (42, 30), (30, 42), (43, 6), (6, 43), (44, 23), (23, 44), (45, 12), (12, 45), (46, 14), (14, 46), (47, 19), (19, 47), (48, 32), (32, 48), (49, 14), (14, 49), (50, 7), (7, 50), (51, 44), (44, 51), (52, 28), (28, 52), (53, 4), (4, 53), (54, 38), (38, 54), (55, 23), (23, 55), (56, 4), (4, 56), (57, 27), (27, 57), (58, 26), (26, 58), (59, 47), (47, 59), (60, 45), (45, 60), (61, 56), (56, 61), (62, 37), (37, 62), (63, 61), (61, 63), (64, 27), (27, 64), (65, 4), (4, 65), (66, 20), (20, 66), (67, 17), (17, 67), (68, 29), (29, 68), (69, 14), (14, 69), (70, 40), (40, 70), (71, 9), (9, 71), (72, 28), (28, 72), (73, 35), (35, 73), (74, 51), (51, 74), (75, 62), (62, 75), (76, 62), (62, 76), (77, 37), (37, 77), (78, 14), (14, 78), (79, 53), (53, 79), (80, 55), (55, 80), (81, 57), (57, 81), (82, 22), (22, 82), (83, 51), (51, 83), (84, 25), (25, 84), (85, 66), (66, 85), (86, 49), (49, 86), (87, 78), (78, 87), (88, 43), (43, 88), (89, 29), (29, 89), (90, 84), (84, 90), (91, 11), (11, 91), (92, 80), (80, 92), (93, 10), (10, 93), (94, 29), (29, 94), (95, 66), (66, 95), (96, 1), (1, 96), (97, 15), (15, 97), (98, 82), (82, 98), (99, 6), (6, 99), (100, 70), (70, 100)]
Z_dad = [3, 9]
Y_dad = [2, 23]
X_dad = [6, 20]
Z_da-ad = [3, 9]
Y_da-ad = [2, 23]
X_da-ad = [6, 20]
