no              #fail
378.788         #totTm
370.624         #lastADTm
7               #itDAD
1.000           #avItADGoal
414             #itADOpt
74              #opt
74              #optDA-AD
4.384           #tmDA
0.0             #relGain

V = [1, 2, 3, 4, 5, 6, 7, 8, 9, 10, 11, 12, 13, 14, 15, 16, 17, 18, 19, 20, 21, 22, 23, 24, 25, 26, 27, 28, 29, 30, 31, 32, 33, 34, 35, 36, 37, 38, 39, 40, 41, 42, 43, 44, 45, 46, 47, 48, 49, 50, 51, 52, 53, 54, 55, 56, 57, 58, 59, 60, 61, 62, 63, 64, 65, 66, 67, 68, 69, 70, 71, 72, 73, 74, 75, 76, 77, 78, 79, 80, 81, 82, 83, 84, 85, 86, 87, 88, 89, 90, 91, 92, 93, 94, 95, 96, 97, 98, 99, 100]
A = [(2, 1), (1, 2), (3, 2), (2, 3), (4, 3), (3, 4), (5, 1), (1, 5), (6, 2), (2, 6), (7, 1), (1, 7), (8, 2), (2, 8), (9, 1), (1, 9), (10, 3), (3, 10), (11, 1), (1, 11), (12, 7), (7, 12), (13, 9), (9, 13), (14, 4), (4, 14), (15, 14), (14, 15), (16, 10), (10, 16), (17, 4), (4, 17), (18, 13), (13, 18), (19, 4), (4, 19), (20, 12), (12, 20), (21, 17), (17, 21), (22, 15), (15, 22), (23, 21), (21, 23), (24, 7), (7, 24), (25, 19), (19, 25), (26, 22), (22, 26), (27, 5), (5, 27), (28, 15), (15, 28), (29, 2), (2, 29), (30, 7), (7, 30), (31, 4), (4, 31), (32, 7), (7, 32), (33, 25), (25, 33), (34, 28), (28, 34), (35, 6), (6, 35), (36, 2), (2, 36), (37, 27), (27, 37), (38, 5), (5, 38), (39, 6), (6, 39), (40, 37), (37, 40), (41, 34), (34, 41), (42, 24), (24, 42), (43, 34), (34, 43), (44, 38), (38, 44), (45, 31), (31, 45), (46, 28), (28, 46), (47, 28), (28, 47), (48, 3), (3, 48), (49, 3), (3, 49), (50, 45), (45, 50), (51, 16), (16, 51), (52, 9), (9, 52), (53, 50), (50, 53), (54, 49), (49, 54), (55, 20), (20, 55), (56, 12), (12, 56), (57, 22), (22, 57), (58, 45), (45, 58), (59, 51), (51, 59), (60, 8), (8, 60), (61, 48), (48, 61), (62, 10), (10, 62), (63, 34), (34, 63), (64, 4), (4, 64), (65, 51), (51, 65), (66, 65), (65, 66), (67, 26), (26, 67), (68, 15), (15, 68), (69, 50), (50, 69), (70, 14), (14, 70), (71, 4), (4, 71), (72, 64), (64, 72), (73, 48), (48, 73), (74, 55), (55, 74), (75, 47), (47, 75), (76, 47), (47, 76), (77, 13), (13, 77), (78, 10), (10, 78), (79, 65), (65, 79), (80, 50), (50, 80), (81, 17), (17, 81), (82, 72), (72, 82), (83, 12), (12, 83), (84, 75), (75, 84), (85, 29), (29, 85), (86, 50), (50, 86), (87, 44), (44, 87), (88, 39), (39, 88), (89, 8), (8, 89), (90, 7), (7, 90), (91, 70), (70, 91), (92, 74), (74, 92), (93, 49), (49, 93), (94, 70), (70, 94), (95, 45), (45, 95), (96, 32), (32, 96), (97, 6), (6, 97), (98, 6), (6, 98), (99, 57), (57, 99), (100, 30), (30, 100)]
Z_dad = [2, 4]
Y_dad = [7, 15]
X_dad = [1, 28]
Z_da-ad = [2, 4]
Y_da-ad = [7, 15]
X_da-ad = [1, 28]
