no              #fail
408.771         #totTm
402.275         #lastADTm
7               #itDAD
1.000           #avItADGoal
457             #itADOpt
73              #opt
68              #optDA-AD
6.063           #tmDA
6.8             #relGain

V = [1, 2, 3, 4, 5, 6, 7, 8, 9, 10, 11, 12, 13, 14, 15, 16, 17, 18, 19, 20, 21, 22, 23, 24, 25, 26, 27, 28, 29, 30, 31, 32, 33, 34, 35, 36, 37, 38, 39, 40, 41, 42, 43, 44, 45, 46, 47, 48, 49, 50, 51, 52, 53, 54, 55, 56, 57, 58, 59, 60, 61, 62, 63, 64, 65, 66, 67, 68, 69, 70, 71, 72, 73, 74, 75, 76, 77, 78, 79, 80, 81, 82, 83, 84, 85, 86, 87, 88, 89, 90, 91, 92, 93, 94, 95, 96, 97, 98, 99, 100]
A = [(2, 1), (1, 2), (3, 2), (2, 3), (4, 3), (3, 4), (5, 3), (3, 5), (6, 4), (4, 6), (7, 1), (1, 7), (8, 5), (5, 8), (9, 8), (8, 9), (10, 1), (1, 10), (11, 8), (8, 11), (12, 11), (11, 12), (13, 3), (3, 13), (14, 4), (4, 14), (15, 4), (4, 15), (16, 11), (11, 16), (17, 8), (8, 17), (18, 9), (9, 18), (19, 16), (16, 19), (20, 3), (3, 20), (21, 16), (16, 21), (22, 17), (17, 22), (23, 20), (20, 23), (24, 11), (11, 24), (25, 6), (6, 25), (26, 20), (20, 26), (27, 16), (16, 27), (28, 16), (16, 28), (29, 1), (1, 29), (30, 21), (21, 30), (31, 19), (19, 31), (32, 23), (23, 32), (33, 10), (10, 33), (34, 22), (22, 34), (35, 19), (19, 35), (36, 20), (20, 36), (37, 3), (3, 37), (38, 31), (31, 38), (39, 5), (5, 39), (40, 9), (9, 40), (41, 11), (11, 41), (42, 12), (12, 42), (43, 21), (21, 43), (44, 26), (26, 44), (45, 42), (42, 45), (46, 5), (5, 46), (47, 36), (36, 47), (48, 18), (18, 48), (49, 27), (27, 49), (50, 2), (2, 50), (51, 3), (3, 51), (52, 6), (6, 52), (53, 48), (48, 53), (54, 7), (7, 54), (55, 43), (43, 55), (56, 8), (8, 56), (57, 40), (40, 57), (58, 40), (40, 58), (59, 57), (57, 59), (60, 59), (59, 60), (61, 47), (47, 61), (62, 20), (20, 62), (63, 16), (16, 63), (64, 7), (7, 64), (65, 38), (38, 65), (66, 13), (13, 66), (67, 49), (49, 67), (68, 59), (59, 68), (69, 67), (67, 69), (70, 21), (21, 70), (71, 68), (68, 71), (72, 11), (11, 72), (73, 58), (58, 73), (74, 30), (30, 74), (75, 19), (19, 75), (76, 70), (70, 76), (77, 48), (48, 77), (78, 1), (1, 78), (79, 15), (15, 79), (80, 29), (29, 80), (81, 5), (5, 81), (82, 36), (36, 82), (83, 71), (71, 83), (84, 48), (48, 84), (85, 34), (34, 85), (86, 64), (64, 86), (87, 5), (5, 87), (88, 10), (10, 88), (89, 73), (73, 89), (90, 52), (52, 90), (91, 28), (28, 91), (92, 56), (56, 92), (93, 8), (8, 93), (94, 72), (72, 94), (95, 33), (33, 95), (96, 68), (68, 96), (97, 3), (3, 97), (98, 18), (18, 98), (99, 9), (9, 99), (100, 82), (82, 100)]
Z_dad = [3, 16]
Y_dad = [1, 8]
X_dad = [9, 11]
Z_da-ad = [3, 8]
Y_da-ad = [16, 40]
X_da-ad = [9, 11]
