no              #fail
179.123         #totTm
169.109         #lastADTm
7               #itDAD
1.000           #avItADGoal
208             #itADOpt
75              #opt
75              #optDA-AD
2.347           #tmDA
0.0             #relGain

V = [1, 2, 3, 4, 5, 6, 7, 8, 9, 10, 11, 12, 13, 14, 15, 16, 17, 18, 19, 20, 21, 22, 23, 24, 25, 26, 27, 28, 29, 30, 31, 32, 33, 34, 35, 36, 37, 38, 39, 40, 41, 42, 43, 44, 45, 46, 47, 48, 49, 50, 51, 52, 53, 54, 55, 56, 57, 58, 59, 60, 61, 62, 63, 64, 65, 66, 67, 68, 69, 70, 71, 72, 73, 74, 75, 76, 77, 78, 79, 80, 81, 82, 83, 84, 85, 86, 87, 88, 89, 90, 91, 92, 93, 94, 95, 96, 97, 98, 99, 100]
A = [(2, 1), (1, 2), (3, 2), (2, 3), (4, 2), (2, 4), (5, 1), (1, 5), (6, 1), (1, 6), (7, 5), (5, 7), (8, 6), (6, 8), (9, 5), (5, 9), (10, 9), (9, 10), (11, 3), (3, 11), (12, 2), (2, 12), (13, 10), (10, 13), (14, 8), (8, 14), (15, 13), (13, 15), (16, 12), (12, 16), (17, 5), (5, 17), (18, 6), (6, 18), (19, 13), (13, 19), (20, 5), (5, 20), (21, 1), (1, 21), (22, 1), (1, 22), (23, 13), (13, 23), (24, 6), (6, 24), (25, 16), (16, 25), (26, 5), (5, 26), (27, 24), (24, 27), (28, 26), (26, 28), (29, 12), (12, 29), (30, 15), (15, 30), (31, 24), (24, 31), (32, 31), (31, 32), (33, 1), (1, 33), (34, 11), (11, 34), (35, 28), (28, 35), (36, 26), (26, 36), (37, 36), (36, 37), (38, 21), (21, 38), (39, 34), (34, 39), (40, 25), (25, 40), (41, 8), (8, 41), (42, 7), (7, 42), (43, 14), (14, 43), (44, 19), (19, 44), (45, 11), (11, 45), (46, 26), (26, 46), (47, 9), (9, 47), (48, 41), (41, 48), (49, 5), (5, 49), (50, 45), (45, 50), (51, 19), (19, 51), (52, 43), (43, 52), (53, 51), (51, 53), (54, 18), (18, 54), (55, 8), (8, 55), (56, 51), (51, 56), (57, 23), (23, 57), (58, 20), (20, 58), (59, 5), (5, 59), (60, 36), (36, 60), (61, 24), (24, 61), (62, 55), (55, 62), (63, 18), (18, 63), (64, 45), (45, 64), (65, 33), (33, 65), (66, 36), (36, 66), (67, 4), (4, 67), (68, 47), (47, 68), (69, 25), (25, 69), (70, 47), (47, 70), (71, 45), (45, 71), (72, 34), (34, 72), (73, 51), (51, 73), (74, 44), (44, 74), (75, 42), (42, 75), (76, 53), (53, 76), (77, 52), (52, 77), (78, 73), (73, 78), (79, 5), (5, 79), (80, 35), (35, 80), (81, 10), (10, 81), (82, 65), (65, 82), (83, 64), (64, 83), (84, 27), (27, 84), (85, 61), (61, 85), (86, 20), (20, 86), (87, 39), (39, 87), (88, 78), (78, 88), (89, 25), (25, 89), (90, 32), (32, 90), (91, 50), (50, 91), (92, 4), (4, 92), (93, 84), (84, 93), (94, 13), (13, 94), (95, 78), (78, 95), (96, 94), (94, 96), (97, 73), (73, 97), (98, 17), (17, 98), (99, 93), (93, 99), (100, 70), (70, 100)]
Z_dad = [1, 9]
Y_dad = [6, 19]
X_dad = [8, 24]
Z_da-ad = [1, 9]
Y_da-ad = [6, 19]
X_da-ad = [8, 24]
