no              #fail
424.304         #totTm
418.738         #lastADTm
6               #itDAD
1.000           #avItADGoal
421             #itADOpt
75              #opt
75              #optDA-AD
4.717           #tmDA
0.0             #relGain

V = [1, 2, 3, 4, 5, 6, 7, 8, 9, 10, 11, 12, 13, 14, 15, 16, 17, 18, 19, 20, 21, 22, 23, 24, 25, 26, 27, 28, 29, 30, 31, 32, 33, 34, 35, 36, 37, 38, 39, 40, 41, 42, 43, 44, 45, 46, 47, 48, 49, 50, 51, 52, 53, 54, 55, 56, 57, 58, 59, 60, 61, 62, 63, 64, 65, 66, 67, 68, 69, 70, 71, 72, 73, 74, 75, 76, 77, 78, 79, 80, 81, 82, 83, 84, 85, 86, 87, 88, 89, 90, 91, 92, 93, 94, 95, 96, 97, 98, 99, 100]
A = [(2, 1), (1, 2), (3, 2), (2, 3), (4, 1), (1, 4), (5, 1), (1, 5), (6, 1), (1, 6), (7, 5), (5, 7), (8, 5), (5, 8), (9, 1), (1, 9), (10, 7), (7, 10), (11, 2), (2, 11), (12, 4), (4, 12), (13, 12), (12, 13), (14, 3), (3, 14), (15, 9), (9, 15), (16, 7), (7, 16), (17, 8), (8, 17), (18, 5), (5, 18), (19, 3), (3, 19), (20, 5), (5, 20), (21, 10), (10, 21), (22, 11), (11, 22), (23, 2), (2, 23), (24, 12), (12, 24), (25, 24), (24, 25), (26, 1), (1, 26), (27, 8), (8, 27), (28, 2), (2, 28), (29, 28), (28, 29), (30, 21), (21, 30), (31, 16), (16, 31), (32, 4), (4, 32), (33, 14), (14, 33), (34, 15), (15, 34), (35, 22), (22, 35), (36, 28), (28, 36), (37, 23), (23, 37), (38, 34), (34, 38), (39, 21), (21, 39), (40, 9), (9, 40), (41, 16), (16, 41), (42, 21), (21, 42), (43, 38), (38, 43), (44, 7), (7, 44), (45, 18), (18, 45), (46, 37), (37, 46), (47, 6), (6, 47), (48, 7), (7, 48), (49, 45), (45, 49), (50, 47), (47, 50), (51, 7), (7, 51), (52, 32), (32, 52), (53, 40), (40, 53), (54, 20), (20, 54), (55, 31), (31, 55), (56, 51), (51, 56), (57, 17), (17, 57), (58, 33), (33, 58), (59, 21), (21, 59), (60, 58), (58, 60), (61, 33), (33, 61), (62, 27), (27, 62), (63, 16), (16, 63), (64, 46), (46, 64), (65, 40), (40, 65), (66, 31), (31, 66), (67, 32), (32, 67), (68, 16), (16, 68), (69, 48), (48, 69), (70, 2), (2, 70), (71, 45), (45, 71), (72, 57), (57, 72), (73, 24), (24, 73), (74, 61), (61, 74), (75, 41), (41, 75), (76, 74), (74, 76), (77, 34), (34, 77), (78, 60), (60, 78), (79, 21), (21, 79), (80, 66), (66, 80), (81, 15), (15, 81), (82, 60), (60, 82), (83, 35), (35, 83), (84, 55), (55, 84), (85, 32), (32, 85), (86, 65), (65, 86), (87, 36), (36, 87), (88, 80), (80, 88), (89, 34), (34, 89), (90, 10), (10, 90), (91, 3), (3, 91), (92, 35), (35, 92), (93, 50), (50, 93), (94, 87), (87, 94), (95, 7), (7, 95), (96, 50), (50, 96), (97, 70), (70, 97), (98, 23), (23, 98), (99, 43), (43, 99), (100, 66), (66, 100)]
Z_dad = [1, 7]
Y_dad = [2, 31]
X_dad = [3, 23]
Z_da-ad = [1, 7]
Y_da-ad = [2, 31]
X_da-ad = [3, 23]
