no              #fail
566.053         #totTm
556.736         #lastADTm
8               #itDAD
1.000           #avItADGoal
452             #itADOpt
74              #opt
73              #optDA-AD
5.452           #tmDA
1.4             #relGain

V = [1, 2, 3, 4, 5, 6, 7, 8, 9, 10, 11, 12, 13, 14, 15, 16, 17, 18, 19, 20, 21, 22, 23, 24, 25, 26, 27, 28, 29, 30, 31, 32, 33, 34, 35, 36, 37, 38, 39, 40, 41, 42, 43, 44, 45, 46, 47, 48, 49, 50, 51, 52, 53, 54, 55, 56, 57, 58, 59, 60, 61, 62, 63, 64, 65, 66, 67, 68, 69, 70, 71, 72, 73, 74, 75, 76, 77, 78, 79, 80, 81, 82, 83, 84, 85, 86, 87, 88, 89, 90, 91, 92, 93, 94, 95, 96, 97, 98, 99, 100]
A = [(2, 1), (1, 2), (3, 1), (1, 3), (4, 3), (3, 4), (5, 4), (4, 5), (6, 1), (1, 6), (7, 2), (2, 7), (8, 6), (6, 8), (9, 8), (8, 9), (10, 2), (2, 10), (11, 7), (7, 11), (12, 8), (8, 12), (13, 12), (12, 13), (14, 2), (2, 14), (15, 6), (6, 15), (16, 3), (3, 16), (17, 6), (6, 17), (18, 2), (2, 18), (19, 18), (18, 19), (20, 1), (1, 20), (21, 18), (18, 21), (22, 13), (13, 22), (23, 9), (9, 23), (24, 1), (1, 24), (25, 2), (2, 25), (26, 2), (2, 26), (27, 4), (4, 27), (28, 25), (25, 28), (29, 16), (16, 29), (30, 21), (21, 30), (31, 2), (2, 31), (32, 23), (23, 32), (33, 20), (20, 33), (34, 20), (20, 34), (35, 28), (28, 35), (36, 5), (5, 36), (37, 17), (17, 37), (38, 24), (24, 38), (39, 26), (26, 39), (40, 10), (10, 40), (41, 9), (9, 41), (42, 9), (9, 42), (43, 3), (3, 43), (44, 37), (37, 44), (45, 11), (11, 45), (46, 14), (14, 46), (47, 44), (44, 47), (48, 7), (7, 48), (49, 32), (32, 49), (50, 31), (31, 50), (51, 24), (24, 51), (52, 13), (13, 52), (53, 46), (46, 53), (54, 28), (28, 54), (55, 29), (29, 55), (56, 25), (25, 56), (57, 42), (42, 57), (58, 43), (43, 58), (59, 28), (28, 59), (60, 30), (30, 60), (61, 42), (42, 61), (62, 32), (32, 62), (63, 31), (31, 63), (64, 21), (21, 64), (65, 27), (27, 65), (66, 8), (8, 66), (67, 44), (44, 67), (68, 61), (61, 68), (69, 6), (6, 69), (70, 58), (58, 70), (71, 54), (54, 71), (72, 2), (2, 72), (73, 45), (45, 73), (74, 56), (56, 74), (75, 20), (20, 75), (76, 19), (19, 76), (77, 39), (39, 77), (78, 25), (25, 78), (79, 53), (53, 79), (80, 71), (71, 80), (81, 9), (9, 81), (82, 32), (32, 82), (83, 59), (59, 83), (84, 3), (3, 84), (85, 19), (19, 85), (86, 47), (47, 86), (87, 36), (36, 87), (88, 78), (78, 88), (89, 72), (72, 89), (90, 56), (56, 90), (91, 42), (42, 91), (92, 88), (88, 92), (93, 83), (83, 93), (94, 83), (83, 94), (95, 66), (66, 95), (96, 19), (19, 96), (97, 56), (56, 97), (98, 90), (90, 98), (99, 17), (17, 99), (100, 8), (8, 100)]
Z_dad = [1, 2]
Y_dad = [8, 28]
X_dad = [6, 9]
Z_da-ad = [2, 6]
Y_da-ad = [3, 9]
X_da-ad = [1, 8]
