no              #fail
185.309         #totTm
175.326         #lastADTm
6               #itDAD
1.000           #avItADGoal
200             #itADOpt
77              #opt
77              #optDA-AD
1.759           #tmDA
0.0             #relGain

V = [1, 2, 3, 4, 5, 6, 7, 8, 9, 10, 11, 12, 13, 14, 15, 16, 17, 18, 19, 20, 21, 22, 23, 24, 25, 26, 27, 28, 29, 30, 31, 32, 33, 34, 35, 36, 37, 38, 39, 40, 41, 42, 43, 44, 45, 46, 47, 48, 49, 50, 51, 52, 53, 54, 55, 56, 57, 58, 59, 60, 61, 62, 63, 64, 65, 66, 67, 68, 69, 70, 71, 72, 73, 74, 75, 76, 77, 78, 79, 80, 81, 82, 83, 84, 85, 86, 87, 88, 89, 90, 91, 92, 93, 94, 95, 96, 97, 98, 99, 100]
A = [(2, 1), (1, 2), (3, 2), (2, 3), (4, 3), (3, 4), (5, 3), (3, 5), (6, 1), (1, 6), (7, 6), (6, 7), (8, 1), (1, 8), (9, 7), (7, 9), (10, 8), (8, 10), (11, 7), (7, 11), (12, 5), (5, 12), (13, 11), (11, 13), (14, 1), (1, 14), (15, 7), (7, 15), (16, 12), (12, 16), (17, 3), (3, 17), (18, 4), (4, 18), (19, 15), (15, 19), (20, 12), (12, 20), (21, 15), (15, 21), (22, 6), (6, 22), (23, 20), (20, 23), (24, 12), (12, 24), (25, 11), (11, 25), (26, 4), (4, 26), (27, 6), (6, 27), (28, 16), (16, 28), (29, 4), (4, 29), (30, 2), (2, 30), (31, 12), (12, 31), (32, 24), (24, 32), (33, 18), (18, 33), (34, 19), (19, 34), (35, 24), (24, 35), (36, 15), (15, 36), (37, 18), (18, 37), (38, 22), (22, 38), (39, 25), (25, 39), (40, 16), (16, 40), (41, 34), (34, 41), (42, 13), (13, 42), (43, 34), (34, 43), (44, 20), (20, 44), (45, 6), (6, 45), (46, 25), (25, 46), (47, 7), (7, 47), (48, 31), (31, 48), (49, 17), (17, 49), (50, 22), (22, 50), (51, 13), (13, 51), (52, 44), (44, 52), (53, 21), (21, 53), (54, 2), (2, 54), (55, 26), (26, 55), (56, 26), (26, 56), (57, 31), (31, 57), (58, 29), (29, 58), (59, 6), (6, 59), (60, 21), (21, 60), (61, 21), (21, 61), (62, 54), (54, 62), (63, 22), (22, 63), (64, 34), (34, 64), (65, 45), (45, 65), (66, 46), (46, 66), (67, 5), (5, 67), (68, 29), (29, 68), (69, 47), (47, 69), (70, 63), (63, 70), (71, 11), (11, 71), (72, 21), (21, 72), (73, 71), (71, 73), (74, 1), (1, 74), (75, 26), (26, 75), (76, 15), (15, 76), (77, 4), (4, 77), (78, 21), (21, 78), (79, 38), (38, 79), (80, 31), (31, 80), (81, 39), (39, 81), (82, 70), (70, 82), (83, 70), (70, 83), (84, 51), (51, 84), (85, 50), (50, 85), (86, 56), (56, 86), (87, 69), (69, 87), (88, 78), (78, 88), (89, 84), (84, 89), (90, 36), (36, 90), (91, 63), (63, 91), (92, 46), (46, 92), (93, 58), (58, 93), (94, 34), (34, 94), (95, 76), (76, 95), (96, 86), (86, 96), (97, 9), (9, 97), (98, 55), (55, 98), (99, 54), (54, 99), (100, 68), (68, 100)]
Z_dad = [3, 7]
Y_dad = [6, 15]
X_dad = [1, 22]
Z_da-ad = [3, 7]
Y_da-ad = [6, 15]
X_da-ad = [1, 22]
