no              #fail
929.659         #totTm
40.793          #lastADTm
22              #itDAD
10.762          #avItADGoal
141             #itADOpt
12              #opt
10              #optDA-AD
9.19            #tmDA
16.7            #relGain

V = [1, 2, 3, 4, 5, 6, 7, 8, 9, 10, 11, 12, 13, 14, 15, 16, 17, 18, 19, 20, 21, 22, 23, 24, 25, 26, 27, 28, 29, 30, 31, 32, 33, 34, 35, 36, 37, 38, 39, 40, 41, 42, 43, 44, 45, 46, 47, 48, 49, 50, 51, 52, 53, 54, 55, 56, 57, 58, 59, 60]
A = [(1, 23), (23, 1), (2, 8), (8, 2), (2, 13), (13, 2), (2, 22), (22, 2), (2, 46), (46, 2), (3, 16), (16, 3), (3, 23), (23, 3), (3, 41), (41, 3), (3, 52), (52, 3), (4, 34), (34, 4), (4, 54), (54, 4), (4, 58), (58, 4), (5, 7), (7, 5), (5, 13), (13, 5), (5, 17), (17, 5), (5, 22), (22, 5), (6, 9), (9, 6), (7, 44), (44, 7), (8, 17), (17, 8), (9, 32), (32, 9), (9, 37), (37, 9), (9, 44), (44, 9), (9, 48), (48, 9), (9, 49), (49, 9), (10, 24), (24, 10), (10, 58), (58, 10), (11, 25), (25, 11), (11, 36), (36, 11), (12, 17), (17, 12), (12, 24), (24, 12), (12, 36), (36, 12), (12, 43), (43, 12), (12, 48), (48, 12), (13, 16), (16, 13), (14, 20), (20, 14), (14, 28), (28, 14), (14, 40), (40, 14), (15, 23), (23, 15), (15, 42), (42, 15), (16, 31), (31, 16), (16, 34), (34, 16), (17, 47), (47, 17), (18, 23), (23, 18), (18, 26), (26, 18), (19, 21), (21, 19), (19, 29), (29, 19), (19, 46), (46, 19), (19, 57), (57, 19), (19, 59), (59, 19), (21, 45), (45, 21), (22, 26), (26, 22), (22, 55), (55, 22), (22, 58), (58, 22), (23, 33), (33, 23), (23, 47), (47, 23), (23, 55), (55, 23), (24, 48), (48, 24), (24, 54), (54, 24), (24, 60), (60, 24), (25, 29), (29, 25), (25, 40), (40, 25), (25, 52), (52, 25), (26, 35), (35, 26), (26, 55), (55, 26), (27, 49), (49, 27), (28, 42), (42, 28), (30, 47), (47, 30), (31, 45), (45, 31), (33, 43), (43, 33), (34, 59), (59, 34), (35, 37), (37, 35), (35, 42), (42, 35), (35, 46), (46, 35), (36, 44), (44, 36), (36, 49), (49, 36), (36, 53), (53, 36), (37, 59), (59, 37), (41, 56), (56, 41), (43, 60), (60, 43), (44, 48), (48, 44), (44, 59), (59, 44), (45, 52), (52, 45), (45, 60), (60, 45), (49, 52), (52, 49), (49, 58), (58, 49), (49, 60), (60, 49), (51, 55), (55, 51), (57, 58), (58, 57)]
Z_dad = [9, 23, 42]
Y_dad = [12, 40, 50]
X_dad = [17]
Z_da-ad = [9, 17, 23]
Y_da-ad = [1, 3, 47]
X_da-ad = [26]
