no              #fail
168.153         #totTm
86.368          #lastADTm
10              #itDAD
4.667           #avItADGoal
161             #itADOpt
13              #opt
12              #optDA-AD
4.993           #tmDA
7.7             #relGain

V = [1, 2, 3, 4, 5, 6, 7, 8, 9, 10, 11, 12, 13, 14, 15, 16, 17, 18, 19, 20, 21, 22, 23, 24, 25, 26, 27, 28, 29, 30, 31, 32, 33, 34, 35, 36, 37, 38, 39, 40, 41, 42, 43, 44, 45, 46, 47, 48, 49, 50, 51, 52, 53, 54, 55, 56, 57, 58, 59, 60]
A = [(1, 7), (7, 1), (1, 24), (24, 1), (1, 33), (33, 1), (1, 38), (38, 1), (1, 56), (56, 1), (1, 59), (59, 1), (2, 4), (4, 2), (3, 5), (5, 3), (3, 10), (10, 3), (3, 37), (37, 3), (3, 48), (48, 3), (3, 57), (57, 3), (4, 57), (57, 4), (5, 39), (39, 5), (5, 52), (52, 5), (7, 19), (19, 7), (7, 54), (54, 7), (9, 15), (15, 9), (9, 30), (30, 9), (9, 58), (58, 9), (10, 19), (19, 10), (10, 25), (25, 10), (10, 39), (39, 10), (11, 12), (12, 11), (11, 40), (40, 11), (12, 24), (24, 12), (12, 29), (29, 12), (12, 45), (45, 12), (12, 49), (49, 12), (12, 58), (58, 12), (13, 44), (44, 13), (13, 45), (45, 13), (13, 56), (56, 13), (14, 47), (47, 14), (14, 50), (50, 14), (14, 58), (58, 14), (15, 41), (41, 15), (15, 42), (42, 15), (16, 32), (32, 16), (17, 37), (37, 17), (17, 38), (38, 17), (17, 51), (51, 17), (17, 58), (58, 17), (18, 24), (24, 18), (19, 20), (20, 19), (19, 45), (45, 19), (20, 34), (34, 20), (21, 35), (35, 21), (23, 47), (47, 23), (24, 45), (45, 24), (24, 47), (47, 24), (24, 55), (55, 24), (26, 36), (36, 26), (27, 34), (34, 27), (27, 37), (37, 27), (28, 30), (30, 28), (29, 48), (48, 29), (30, 34), (34, 30), (30, 41), (41, 30), (30, 53), (53, 30), (31, 46), (46, 31), (32, 34), (34, 32), (32, 52), (52, 32), (32, 57), (57, 32), (33, 53), (53, 33), (34, 43), (43, 34), (34, 51), (51, 34), (35, 48), (48, 35), (35, 50), (50, 35), (36, 58), (58, 36), (37, 43), (43, 37), (37, 60), (60, 37), (40, 41), (41, 40), (40, 54), (54, 40), (40, 59), (59, 40), (41, 54), (54, 41), (43, 44), (44, 43), (44, 49), (49, 44), (44, 52), (52, 44), (45, 54), (54, 45), (47, 55), (55, 47), (47, 56), (56, 47), (48, 56), (56, 48), (48, 58), (58, 48), (49, 54), (54, 49), (53, 57), (57, 53), (54, 55), (55, 54), (59, 60), (60, 59)]
Z_dad = [47, 57, 58]
Y_dad = [4, 34, 35]
X_dad = [30]
Z_da-ad = [35, 47, 58]
Y_da-ad = [14, 26, 57]
X_da-ad = [15]
