no              #fail
2499.359        #totTm
47.957          #lastADTm
24              #itDAD
8.043           #avItADGoal
93              #itADOpt
10              #opt
10              #optDA-AD
4.243           #tmDA
0.0             #relGain

V = [1, 2, 3, 4, 5, 6, 7, 8, 9, 10, 11, 12, 13, 14, 15, 16, 17, 18, 19, 20, 21, 22, 23, 24, 25, 26, 27, 28, 29, 30, 31, 32, 33, 34, 35, 36, 37, 38, 39, 40, 41, 42, 43, 44, 45, 46, 47, 48, 49, 50, 51, 52, 53, 54, 55, 56, 57, 58, 59, 60]
A = [(1, 19), (19, 1), (1, 23), (23, 1), (1, 46), (46, 1), (1, 49), (49, 1), (1, 60), (60, 1), (2, 24), (24, 2), (2, 29), (29, 2), (2, 40), (40, 2), (2, 47), (47, 2), (3, 10), (10, 3), (3, 12), (12, 3), (3, 36), (36, 3), (3, 40), (40, 3), (3, 55), (55, 3), (4, 15), (15, 4), (4, 18), (18, 4), (4, 22), (22, 4), (4, 27), (27, 4), (4, 39), (39, 4), (4, 59), (59, 4), (5, 6), (6, 5), (5, 22), (22, 5), (5, 33), (33, 5), (6, 16), (16, 6), (6, 53), (53, 6), (7, 31), (31, 7), (7, 48), (48, 7), (8, 23), (23, 8), (8, 24), (24, 8), (8, 31), (31, 8), (8, 55), (55, 8), (9, 12), (12, 9), (9, 16), (16, 9), (10, 22), (22, 10), (10, 43), (43, 10), (10, 53), (53, 10), (11, 13), (13, 11), (11, 21), (21, 11), (11, 38), (38, 11), (11, 47), (47, 11), (11, 49), (49, 11), (11, 59), (59, 11), (12, 46), (46, 12), (13, 45), (45, 13), (13, 53), (53, 13), (14, 45), (45, 14), (15, 31), (31, 15), (16, 30), (30, 16), (16, 39), (39, 16), (17, 45), (45, 17), (18, 26), (26, 18), (18, 51), (51, 18), (18, 57), (57, 18), (19, 56), (56, 19), (20, 58), (58, 20), (21, 38), (38, 21), (22, 36), (36, 22), (22, 39), (39, 22), (24, 34), (34, 24), (24, 39), (39, 24), (24, 55), (55, 24), (25, 58), (58, 25), (26, 43), (43, 26), (27, 29), (29, 27), (27, 50), (50, 27), (28, 40), (40, 28), (30, 40), (40, 30), (30, 56), (56, 30), (30, 57), (57, 30), (31, 50), (50, 31), (32, 46), (46, 32), (32, 55), (55, 32), (34, 55), (55, 34), (35, 38), (38, 35), (37, 48), (48, 37), (37, 56), (56, 37), (38, 53), (53, 38), (39, 58), (58, 39), (41, 50), (50, 41), (42, 50), (50, 42), (42, 57), (57, 42), (44, 59), (59, 44), (47, 51), (51, 47), (48, 51), (51, 48), (53, 60), (60, 53), (55, 59), (59, 55), (56, 58), (58, 56), (56, 60), (60, 56)]
Z_dad = [50, 58, 59]
Y_dad = [22, 45, 52]
X_dad = [5]
Z_da-ad = [45, 50, 58]
Y_da-ad = [2, 14, 25]
X_da-ad = [40]
