no              #fail
2826.879        #totTm
30.635          #lastADTm
32              #itDAD
11.032          #avItADGoal
122             #itADOpt
12              #opt
11              #optDA-AD
15.11           #tmDA
8.3             #relGain

V = [1, 2, 3, 4, 5, 6, 7, 8, 9, 10, 11, 12, 13, 14, 15, 16, 17, 18, 19, 20, 21, 22, 23, 24, 25, 26, 27, 28, 29, 30, 31, 32, 33, 34, 35, 36, 37, 38, 39, 40, 41, 42, 43, 44, 45, 46, 47, 48, 49, 50, 51, 52, 53, 54, 55, 56, 57, 58, 59, 60]
A = [(1, 44), (44, 1), (2, 7), (7, 2), (2, 9), (9, 2), (2, 19), (19, 2), (2, 37), (37, 2), (2, 41), (41, 2), (2, 47), (47, 2), (4, 26), (26, 4), (4, 52), (52, 4), (5, 46), (46, 5), (6, 34), (34, 6), (6, 47), (47, 6), (7, 12), (12, 7), (7, 19), (19, 7), (7, 28), (28, 7), (8, 13), (13, 8), (8, 42), (42, 8), (9, 13), (13, 9), (9, 38), (38, 9), (9, 52), (52, 9), (9, 54), (54, 9), (10, 13), (13, 10), (10, 19), (19, 10), (11, 40), (40, 11), (11, 46), (46, 11), (12, 24), (24, 12), (12, 47), (47, 12), (13, 57), (57, 13), (14, 44), (44, 14), (14, 55), (55, 14), (15, 19), (19, 15), (15, 28), (28, 15), (15, 42), (42, 15), (15, 51), (51, 15), (15, 54), (54, 15), (16, 43), (43, 16), (17, 23), (23, 17), (17, 24), (24, 17), (17, 45), (45, 17), (17, 46), (46, 17), (17, 53), (53, 17), (18, 19), (19, 18), (18, 22), (22, 18), (19, 55), (55, 19), (20, 23), (23, 20), (21, 27), (27, 21), (21, 36), (36, 21), (21, 59), (59, 21), (22, 46), (46, 22), (22, 58), (58, 22), (24, 37), (37, 24), (24, 45), (45, 24), (25, 40), (40, 25), (25, 43), (43, 25), (26, 35), (35, 26), (26, 54), (54, 26), (27, 54), (54, 27), (29, 54), (54, 29), (30, 46), (46, 30), (30, 58), (58, 30), (30, 60), (60, 30), (31, 45), (45, 31), (33, 46), (46, 33), (34, 41), (41, 34), (34, 51), (51, 34), (34, 52), (52, 34), (34, 53), (53, 34), (34, 54), (54, 34), (34, 58), (58, 34), (35, 59), (59, 35), (36, 39), (39, 36), (37, 44), (44, 37), (38, 49), (49, 38), (38, 56), (56, 38), (39, 52), (52, 39), (39, 55), (55, 39), (39, 57), (57, 39), (42, 47), (47, 42), (43, 52), (52, 43), (44, 51), (51, 44), (45, 49), (49, 45), (46, 49), (49, 46), (47, 58), (58, 47), (49, 52), (52, 49), (49, 60), (60, 49), (50, 60), (60, 50), (51, 58), (58, 51), (55, 57), (57, 55)]
Z_dad = [21, 46, 54]
Y_dad = [17, 25, 26]
X_dad = [43]
Z_da-ad = [17, 43, 46]
Y_da-ad = [11, 23, 34]
X_da-ad = [44]
