no              #fail
5146.830        #totTm
28.108          #lastADTm
38              #itDAD
12.757          #avItADGoal
117             #itADOpt
11              #opt
10              #optDA-AD
11.46           #tmDA
9.1             #relGain

V = [1, 2, 3, 4, 5, 6, 7, 8, 9, 10, 11, 12, 13, 14, 15, 16, 17, 18, 19, 20, 21, 22, 23, 24, 25, 26, 27, 28, 29, 30, 31, 32, 33, 34, 35, 36, 37, 38, 39, 40, 41, 42, 43, 44, 45, 46, 47, 48, 49, 50, 51, 52, 53, 54, 55, 56, 57, 58, 59, 60]
A = [(1, 23), (23, 1), (1, 28), (28, 1), (1, 41), (41, 1), (2, 5), (5, 2), (2, 15), (15, 2), (3, 15), (15, 3), (3, 27), (27, 3), (3, 34), (34, 3), (3, 45), (45, 3), (4, 32), (32, 4), (5, 33), (33, 5), (5, 38), (38, 5), (6, 44), (44, 6), (7, 37), (37, 7), (8, 60), (60, 8), (9, 26), (26, 9), (9, 27), (27, 9), (9, 30), (30, 9), (9, 40), (40, 9), (9, 42), (42, 9), (10, 13), (13, 10), (10, 16), (16, 10), (10, 21), (21, 10), (10, 28), (28, 10), (10, 34), (34, 10), (11, 32), (32, 11), (11, 45), (45, 11), (12, 24), (24, 12), (13, 21), (21, 13), (13, 37), (37, 13), (13, 45), (45, 13), (13, 52), (52, 13), (13, 56), (56, 13), (13, 60), (60, 13), (14, 28), (28, 14), (14, 52), (52, 14), (14, 56), (56, 14), (15, 25), (25, 15), (16, 24), (24, 16), (16, 26), (26, 16), (17, 29), (29, 17), (17, 33), (33, 17), (17, 50), (50, 17), (19, 36), (36, 19), (19, 41), (41, 19), (20, 42), (42, 20), (21, 30), (30, 21), (21, 31), (31, 21), (21, 43), (43, 21), (21, 54), (54, 21), (22, 30), (30, 22), (22, 42), (42, 22), (23, 28), (28, 23), (23, 39), (39, 23), (24, 56), (56, 24), (24, 57), (57, 24), (25, 30), (30, 25), (25, 34), (34, 25), (25, 35), (35, 25), (25, 38), (38, 25), (26, 38), (38, 26), (26, 51), (51, 26), (26, 55), (55, 26), (27, 31), (31, 27), (28, 34), (34, 28), (28, 36), (36, 28), (28, 47), (47, 28), (29, 37), (37, 29), (29, 46), (46, 29), (29, 54), (54, 29), (30, 36), (36, 30), (32, 42), (42, 32), (32, 43), (43, 32), (36, 59), (59, 36), (36, 60), (60, 36), (37, 55), (55, 37), (37, 56), (56, 37), (38, 55), (55, 38), (40, 49), (49, 40), (40, 50), (50, 40), (40, 56), (56, 40), (40, 59), (59, 40), (42, 58), (58, 42), (46, 53), (53, 46), (46, 56), (56, 46), (47, 52), (52, 47), (50, 58), (58, 50), (54, 55), (55, 54)]
Z_dad = [24, 36, 40]
Y_dad = [1, 13, 44]
X_dad = [37]
Z_da-ad = [24, 32, 60]
Y_da-ad = [1, 8, 44]
X_da-ad = [25]
