no              #fail
1448.271        #totTm
6.726           #lastADTm
26              #itDAD
2.680           #avItADGoal
41              #itADOpt
10              #opt
8               #optDA-AD
55.35           #tmDA
20.0            #relGain

V = [1, 2, 3, 4, 5, 6, 7, 8, 9, 10, 11, 12, 13, 14, 15, 16, 17, 18, 19, 20, 21, 22, 23, 24, 25, 26, 27, 28, 29, 30, 31, 32, 33, 34, 35, 36, 37, 38, 39, 40, 41, 42, 43, 44, 45, 46, 47, 48, 49, 50, 51, 52, 53, 54, 55, 56, 57, 58, 59, 60]
A = [(1, 20), (20, 1), (1, 33), (33, 1), (1, 37), (37, 1), (2, 4), (4, 2), (3, 4), (4, 3), (3, 24), (24, 3), (5, 38), (38, 5), (5, 40), (40, 5), (5, 45), (45, 5), (6, 22), (22, 6), (6, 31), (31, 6), (7, 19), (19, 7), (7, 34), (34, 7), (7, 36), (36, 7), (8, 33), (33, 8), (8, 43), (43, 8), (8, 51), (51, 8), (9, 45), (45, 9), (10, 16), (16, 10), (10, 53), (53, 10), (10, 57), (57, 10), (11, 12), (12, 11), (11, 50), (50, 11), (12, 23), (23, 12), (13, 47), (47, 13), (13, 51), (51, 13), (14, 52), (52, 14), (15, 31), (31, 15), (16, 22), (22, 16), (16, 27), (27, 16), (16, 29), (29, 16), (16, 52), (52, 16), (16, 58), (58, 16), (17, 25), (25, 17), (18, 22), (22, 18), (19, 51), (51, 19), (19, 54), (54, 19), (19, 56), (56, 19), (20, 32), (32, 20), (20, 57), (57, 20), (21, 43), (43, 21), (22, 60), (60, 22), (23, 58), (58, 23), (24, 39), (39, 24), (24, 41), (41, 24), (24, 42), (42, 24), (24, 51), (51, 24), (24, 54), (54, 24), (24, 57), (57, 24), (25, 35), (35, 25), (25, 47), (47, 25), (25, 51), (51, 25), (25, 56), (56, 25), (26, 48), (48, 26), (26, 52), (52, 26), (27, 32), (32, 27), (27, 35), (35, 27), (27, 39), (39, 27), (27, 54), (54, 27), (28, 37), (37, 28), (28, 39), (39, 28), (28, 60), (60, 28), (29, 57), (57, 29), (30, 40), (40, 30), (30, 42), (42, 30), (30, 53), (53, 30), (32, 42), (42, 32), (35, 55), (55, 35), (36, 40), (40, 36), (37, 46), (46, 37), (37, 54), (54, 37), (38, 54), (54, 38), (39, 58), (58, 39), (40, 54), (54, 40), (40, 58), (58, 40), (41, 58), (58, 41), (41, 60), (60, 41), (42, 45), (45, 42), (43, 47), (47, 43), (45, 48), (48, 45), (47, 58), (58, 47), (48, 53), (53, 48), (48, 57), (57, 48), (49, 60), (60, 49), (50, 51), (51, 50), (52, 59), (59, 52), (52, 60), (60, 52), (58, 59), (59, 58)]
Z_dad = [22, 47, 51]
Y_dad = [1, 6, 58]
X_dad = [24]
Z_da-ad = [22, 24, 25]
Y_da-ad = [4, 15, 27]
X_da-ad = [31]
