no              #fail
78.937          #totTm
2.002           #lastADTm
11              #itDAD
3.300           #avItADGoal
22              #itADOpt
13              #opt
11              #optDA-AD
5.414           #tmDA
15.4            #relGain

V = [1, 2, 3, 4, 5, 6, 7, 8, 9, 10, 11, 12, 13, 14, 15, 16, 17, 18, 19, 20, 21, 22, 23, 24, 25, 26, 27, 28, 29, 30, 31, 32, 33, 34, 35, 36, 37, 38, 39, 40, 41, 42, 43, 44, 45, 46, 47, 48, 49, 50, 51, 52, 53, 54, 55, 56, 57, 58, 59, 60]
A = [(1, 30), (30, 1), (1, 52), (52, 1), (2, 15), (15, 2), (2, 18), (18, 2), (2, 30), (30, 2), (2, 52), (52, 2), (3, 19), (19, 3), (3, 36), (36, 3), (4, 6), (6, 4), (4, 35), (35, 4), (4, 59), (59, 4), (5, 14), (14, 5), (6, 18), (18, 6), (6, 38), (38, 6), (7, 9), (9, 7), (7, 15), (15, 7), (7, 32), (32, 7), (7, 33), (33, 7), (7, 34), (34, 7), (7, 45), (45, 7), (7, 48), (48, 7), (8, 53), (53, 8), (9, 11), (11, 9), (9, 16), (16, 9), (9, 39), (39, 9), (10, 19), (19, 10), (10, 28), (28, 10), (11, 16), (16, 11), (11, 19), (19, 11), (11, 43), (43, 11), (11, 50), (50, 11), (12, 26), (26, 12), (12, 29), (29, 12), (12, 47), (47, 12), (13, 33), (33, 13), (13, 39), (39, 13), (13, 46), (46, 13), (14, 20), (20, 14), (14, 32), (32, 14), (14, 36), (36, 14), (14, 37), (37, 14), (14, 47), (47, 14), (14, 57), (57, 14), (15, 16), (16, 15), (15, 31), (31, 15), (15, 36), (36, 15), (15, 37), (37, 15), (16, 30), (30, 16), (18, 32), (32, 18), (19, 21), (21, 19), (19, 22), (22, 19), (19, 29), (29, 19), (19, 35), (35, 19), (19, 41), (41, 19), (20, 24), (24, 20), (20, 58), (58, 20), (21, 29), (29, 21), (21, 44), (44, 21), (22, 59), (59, 22), (23, 26), (26, 23), (24, 52), (52, 24), (25, 36), (36, 25), (25, 49), (49, 25), (27, 41), (41, 27), (27, 60), (60, 27), (28, 32), (32, 28), (28, 56), (56, 28), (28, 60), (60, 28), (29, 40), (40, 29), (29, 51), (51, 29), (30, 49), (49, 30), (30, 55), (55, 30), (31, 59), (59, 31), (33, 45), (45, 33), (34, 36), (36, 34), (35, 38), (38, 35), (37, 44), (44, 37), (41, 54), (54, 41), (42, 45), (45, 42), (43, 51), (51, 43), (43, 53), (53, 43), (43, 60), (60, 43), (45, 46), (46, 45), (45, 49), (49, 45), (46, 59), (59, 46), (47, 48), (48, 47), (52, 59), (59, 52), (57, 59), (59, 57)]
Z_dad = [29, 43]
Y_dad = [14, 19]
X_dad = [11, 47]
Z_da-ad = [12, 43]
Y_da-ad = [19, 23]
X_da-ad = [14, 52]
