no              #fail
2609.795        #totTm
7.923           #lastADTm
20              #itDAD
4.421           #avItADGoal
61              #itADOpt
14              #opt
14              #optDA-AD
3.237           #tmDA
0.0             #relGain

V = [1, 2, 3, 4, 5, 6, 7, 8, 9, 10, 11, 12, 13, 14, 15, 16, 17, 18, 19, 20, 21, 22, 23, 24, 25, 26, 27, 28, 29, 30, 31, 32, 33, 34, 35, 36, 37, 38, 39, 40, 41, 42, 43, 44, 45, 46, 47, 48, 49, 50, 51, 52, 53, 54, 55, 56, 57, 58, 59, 60]
A = [(1, 14), (14, 1), (1, 24), (24, 1), (1, 28), (28, 1), (1, 30), (30, 1), (1, 36), (36, 1), (2, 25), (25, 2), (2, 53), (53, 2), (2, 60), (60, 2), (3, 20), (20, 3), (3, 24), (24, 3), (3, 41), (41, 3), (3, 58), (58, 3), (3, 59), (59, 3), (4, 8), (8, 4), (4, 13), (13, 4), (4, 41), (41, 4), (5, 16), (16, 5), (5, 46), (46, 5), (5, 58), (58, 5), (6, 10), (10, 6), (6, 23), (23, 6), (6, 50), (50, 6), (6, 54), (54, 6), (7, 18), (18, 7), (7, 25), (25, 7), (7, 42), (42, 7), (7, 46), (46, 7), (7, 50), (50, 7), (7, 52), (52, 7), (8, 10), (10, 8), (8, 12), (12, 8), (8, 57), (57, 8), (9, 41), (41, 9), (9, 55), (55, 9), (10, 21), (21, 10), (10, 23), (23, 10), (10, 48), (48, 10), (11, 25), (25, 11), (11, 42), (42, 11), (11, 52), (52, 11), (13, 20), (20, 13), (14, 17), (17, 14), (14, 25), (25, 14), (14, 47), (47, 14), (14, 60), (60, 14), (15, 43), (43, 15), (15, 51), (51, 15), (16, 22), (22, 16), (16, 23), (23, 16), (16, 46), (46, 16), (17, 21), (21, 17), (17, 22), (22, 17), (17, 45), (45, 17), (17, 54), (54, 17), (17, 56), (56, 17), (19, 25), (25, 19), (23, 39), (39, 23), (23, 46), (46, 23), (24, 55), (55, 24), (24, 60), (60, 24), (25, 41), (41, 25), (26, 34), (34, 26), (27, 35), (35, 27), (27, 58), (58, 27), (28, 37), (37, 28), (28, 49), (49, 28), (29, 39), (39, 29), (30, 58), (58, 30), (30, 59), (59, 30), (31, 33), (33, 31), (33, 51), (51, 33), (34, 36), (36, 34), (34, 42), (42, 34), (35, 49), (49, 35), (35, 50), (50, 35), (36, 57), (57, 36), (36, 59), (59, 36), (37, 45), (45, 37), (37, 54), (54, 37), (37, 58), (58, 37), (37, 60), (60, 37), (41, 49), (49, 41), (41, 51), (51, 41), (46, 60), (60, 46), (48, 56), (56, 48), (52, 54), (54, 52), (52, 55), (55, 52), (53, 59), (59, 53)]
Z_dad = [23, 51]
Y_dad = [17, 39]
X_dad = [7, 8]
Z_da-ad = [23, 51]
Y_da-ad = [10, 29]
X_da-ad = [8, 36]
