no              #fail
59.182          #totTm
4.418           #lastADTm
8               #itDAD
3.286           #avItADGoal
31              #itADOpt
13              #opt
12              #optDA-AD
3.472           #tmDA
7.7             #relGain

V = [1, 2, 3, 4, 5, 6, 7, 8, 9, 10, 11, 12, 13, 14, 15, 16, 17, 18, 19, 20, 21, 22, 23, 24, 25, 26, 27, 28, 29, 30, 31, 32, 33, 34, 35, 36, 37, 38, 39, 40, 41, 42, 43, 44, 45, 46, 47, 48, 49, 50, 51, 52, 53, 54, 55, 56, 57, 58, 59, 60]
A = [(1, 2), (2, 1), (1, 18), (18, 1), (1, 43), (43, 1), (2, 3), (3, 2), (2, 7), (7, 2), (2, 10), (10, 2), (2, 25), (25, 2), (2, 36), (36, 2), (3, 26), (26, 3), (3, 45), (45, 3), (3, 60), (60, 3), (4, 14), (14, 4), (4, 15), (15, 4), (4, 20), (20, 4), (4, 45), (45, 4), (4, 55), (55, 4), (5, 38), (38, 5), (5, 40), (40, 5), (5, 42), (42, 5), (6, 23), (23, 6), (6, 33), (33, 6), (7, 45), (45, 7), (8, 25), (25, 8), (8, 45), (45, 8), (8, 46), (46, 8), (9, 59), (59, 9), (10, 30), (30, 10), (10, 48), (48, 10), (11, 27), (27, 11), (11, 39), (39, 11), (11, 43), (43, 11), (12, 19), (19, 12), (12, 54), (54, 12), (12, 59), (59, 12), (13, 40), (40, 13), (13, 49), (49, 13), (14, 18), (18, 14), (14, 43), (43, 14), (14, 50), (50, 14), (14, 53), (53, 14), (15, 50), (50, 15), (15, 52), (52, 15), (16, 28), (28, 16), (16, 39), (39, 16), (16, 44), (44, 16), (16, 51), (51, 16), (16, 53), (53, 16), (17, 36), (36, 17), (18, 30), (30, 18), (18, 33), (33, 18), (20, 22), (22, 20), (20, 30), (30, 20), (20, 34), (34, 20), (21, 27), (27, 21), (21, 53), (53, 21), (22, 36), (36, 22), (22, 43), (43, 22), (22, 56), (56, 22), (22, 58), (58, 22), (23, 24), (24, 23), (23, 58), (58, 23), (24, 35), (35, 24), (24, 38), (38, 24), (24, 48), (48, 24), (25, 31), (31, 25), (25, 34), (34, 25), (26, 56), (56, 26), (27, 45), (45, 27), (29, 36), (36, 29), (29, 40), (40, 29), (29, 52), (52, 29), (30, 40), (40, 30), (30, 52), (52, 30), (30, 58), (58, 30), (31, 40), (40, 31), (31, 43), (43, 31), (32, 45), (45, 32), (32, 58), (58, 32), (33, 52), (52, 33), (34, 36), (36, 34), (35, 43), (43, 35), (38, 60), (60, 38), (39, 56), (56, 39), (41, 46), (46, 41), (46, 59), (59, 46), (47, 53), (53, 47), (51, 52), (52, 51), (51, 57), (57, 51)]
Z_dad = [16, 40]
Y_dad = [43, 59]
X_dad = [36, 52]
Z_da-ad = [8, 59]
Y_da-ad = [38, 54]
X_da-ad = [16, 52]
