no              #fail
473.610         #totTm
3.100           #lastADTm
16              #itDAD
3.867           #avItADGoal
26              #itADOpt
12              #opt
12              #optDA-AD
1.539           #tmDA
0.0             #relGain

V = [1, 2, 3, 4, 5, 6, 7, 8, 9, 10, 11, 12, 13, 14, 15, 16, 17, 18, 19, 20, 21, 22, 23, 24, 25, 26, 27, 28, 29, 30, 31, 32, 33, 34, 35, 36, 37, 38, 39, 40, 41, 42, 43, 44, 45, 46, 47, 48, 49, 50, 51, 52, 53, 54, 55, 56, 57, 58, 59, 60]
A = [(1, 36), (36, 1), (1, 45), (45, 1), (2, 7), (7, 2), (2, 8), (8, 2), (2, 46), (46, 2), (3, 42), (42, 3), (4, 11), (11, 4), (4, 34), (34, 4), (4, 36), (36, 4), (4, 59), (59, 4), (5, 10), (10, 5), (5, 13), (13, 5), (5, 25), (25, 5), (5, 57), (57, 5), (5, 59), (59, 5), (6, 29), (29, 6), (6, 35), (35, 6), (6, 40), (40, 6), (6, 47), (47, 6), (6, 49), (49, 6), (6, 51), (51, 6), (6, 52), (52, 6), (7, 37), (37, 7), (9, 21), (21, 9), (9, 22), (22, 9), (9, 29), (29, 9), (9, 57), (57, 9), (11, 18), (18, 11), (11, 19), (19, 11), (11, 29), (29, 11), (12, 35), (35, 12), (12, 53), (53, 12), (12, 60), (60, 12), (13, 49), (49, 13), (14, 16), (16, 14), (14, 20), (20, 14), (14, 22), (22, 14), (14, 39), (39, 14), (14, 50), (50, 14), (14, 56), (56, 14), (15, 26), (26, 15), (16, 17), (17, 16), (16, 46), (46, 16), (16, 49), (49, 16), (17, 25), (25, 17), (17, 52), (52, 17), (18, 29), (29, 18), (18, 56), (56, 18), (19, 39), (39, 19), (20, 53), (53, 20), (21, 58), (58, 21), (22, 43), (43, 22), (22, 48), (48, 22), (23, 50), (50, 23), (23, 55), (55, 23), (24, 25), (25, 24), (25, 31), (31, 25), (25, 39), (39, 25), (25, 51), (51, 25), (26, 30), (30, 26), (26, 36), (36, 26), (26, 37), (37, 26), (26, 44), (44, 26), (26, 52), (52, 26), (27, 28), (28, 27), (27, 43), (43, 27), (27, 45), (45, 27), (27, 46), (46, 27), (27, 60), (60, 27), (28, 37), (37, 28), (28, 56), (56, 28), (29, 35), (35, 29), (29, 42), (42, 29), (30, 44), (44, 30), (31, 45), (45, 31), (32, 48), (48, 32), (33, 43), (43, 33), (37, 52), (52, 37), (37, 59), (59, 37), (39, 52), (52, 39), (40, 42), (42, 40), (41, 53), (53, 41), (42, 46), (46, 42), (42, 54), (54, 42), (48, 58), (58, 48), (50, 57), (57, 50), (52, 57), (57, 52), (53, 57), (57, 53)]
Z_dad = [6, 26]
Y_dad = [14, 44]
X_dad = [42, 50]
Z_da-ad = [26, 42]
Y_da-ad = [12, 44]
X_da-ad = [9, 22]
