no              #fail
171.320         #totTm
8.360           #lastADTm
14              #itDAD
4.923           #avItADGoal
68              #itADOpt
16              #opt
15              #optDA-AD
3.028           #tmDA
6.2             #relGain

V = [1, 2, 3, 4, 5, 6, 7, 8, 9, 10, 11, 12, 13, 14, 15, 16, 17, 18, 19, 20, 21, 22, 23, 24, 25, 26, 27, 28, 29, 30, 31, 32, 33, 34, 35, 36, 37, 38, 39, 40, 41, 42, 43, 44, 45, 46, 47, 48, 49, 50, 51, 52, 53, 54, 55, 56, 57, 58, 59, 60]
A = [(1, 46), (46, 1), (2, 24), (24, 2), (2, 34), (34, 2), (2, 43), (43, 2), (2, 53), (53, 2), (3, 13), (13, 3), (3, 30), (30, 3), (3, 59), (59, 3), (4, 8), (8, 4), (4, 9), (9, 4), (4, 11), (11, 4), (4, 51), (51, 4), (5, 35), (35, 5), (6, 11), (11, 6), (6, 19), (19, 6), (6, 46), (46, 6), (7, 19), (19, 7), (7, 42), (42, 7), (8, 26), (26, 8), (8, 33), (33, 8), (8, 57), (57, 8), (9, 15), (15, 9), (9, 34), (34, 9), (10, 21), (21, 10), (10, 30), (30, 10), (11, 52), (52, 11), (11, 57), (57, 11), (12, 26), (26, 12), (12, 31), (31, 12), (12, 38), (38, 12), (12, 53), (53, 12), (13, 34), (34, 13), (13, 36), (36, 13), (13, 50), (50, 13), (14, 47), (47, 14), (15, 18), (18, 15), (15, 28), (28, 15), (15, 44), (44, 15), (16, 41), (41, 16), (16, 47), (47, 16), (16, 59), (59, 16), (17, 30), (30, 17), (18, 28), (28, 18), (18, 46), (46, 18), (18, 55), (55, 18), (20, 33), (33, 20), (20, 35), (35, 20), (20, 39), (39, 20), (20, 60), (60, 20), (21, 50), (50, 21), (21, 56), (56, 21), (24, 41), (41, 24), (24, 53), (53, 24), (24, 59), (59, 24), (25, 36), (36, 25), (26, 28), (28, 26), (27, 54), (54, 27), (28, 31), (31, 28), (28, 50), (50, 28), (28, 52), (52, 28), (28, 60), (60, 28), (29, 47), (47, 29), (30, 47), (47, 30), (30, 50), (50, 30), (30, 58), (58, 30), (31, 37), (37, 31), (31, 42), (42, 31), (31, 55), (55, 31), (32, 39), (39, 32), (32, 55), (55, 32), (32, 59), (59, 32), (33, 41), (41, 33), (34, 44), (44, 34), (35, 38), (38, 35), (36, 48), (48, 36), (39, 41), (41, 39), (39, 46), (46, 39), (41, 49), (49, 41), (46, 59), (59, 46), (46, 60), (60, 46), (47, 58), (58, 47), (48, 51), (51, 48), (48, 59), (59, 48), (49, 50), (50, 49), (52, 60), (60, 52), (55, 59), (59, 55), (56, 59), (59, 56), (57, 60), (60, 57)]
Z_dad = [31, 47]
Y_dad = [54, 59]
X_dad = [6, 30]
Z_da-ad = [30, 47]
Y_da-ad = [27, 31]
X_da-ad = [50, 59]
