no              #fail
2644.700        #totTm
4.496           #lastADTm
15              #itDAD
4.214           #avItADGoal
33              #itADOpt
14              #opt
14              #optDA-AD
0.773           #tmDA
0.0             #relGain

V = [1, 2, 3, 4, 5, 6, 7, 8, 9, 10, 11, 12, 13, 14, 15, 16, 17, 18, 19, 20, 21, 22, 23, 24, 25, 26, 27, 28, 29, 30, 31, 32, 33, 34, 35, 36, 37, 38, 39, 40, 41, 42, 43, 44, 45, 46, 47, 48, 49, 50, 51, 52, 53, 54, 55, 56, 57, 58, 59, 60]
A = [(2, 8), (8, 2), (2, 11), (11, 2), (2, 20), (20, 2), (2, 23), (23, 2), (2, 36), (36, 2), (2, 51), (51, 2), (3, 43), (43, 3), (3, 50), (50, 3), (4, 14), (14, 4), (5, 19), (19, 5), (5, 26), (26, 5), (5, 32), (32, 5), (5, 44), (44, 5), (6, 46), (46, 6), (7, 27), (27, 7), (7, 42), (42, 7), (8, 11), (11, 8), (8, 57), (57, 8), (9, 37), (37, 9), (9, 42), (42, 9), (10, 16), (16, 10), (10, 21), (21, 10), (10, 27), (27, 10), (10, 39), (39, 10), (11, 26), (26, 11), (11, 29), (29, 11), (11, 48), (48, 11), (12, 21), (21, 12), (12, 51), (51, 12), (13, 52), (52, 13), (15, 40), (40, 15), (15, 41), (41, 15), (15, 53), (53, 15), (16, 19), (19, 16), (17, 26), (26, 17), (17, 33), (33, 17), (17, 52), (52, 17), (17, 54), (54, 17), (17, 59), (59, 17), (18, 47), (47, 18), (18, 48), (48, 18), (18, 53), (53, 18), (18, 55), (55, 18), (19, 25), (25, 19), (19, 56), (56, 19), (20, 37), (37, 20), (20, 52), (52, 20), (21, 53), (53, 21), (22, 43), (43, 22), (23, 60), (60, 23), (24, 58), (58, 24), (25, 29), (29, 25), (26, 42), (42, 26), (26, 44), (44, 26), (27, 42), (42, 27), (28, 31), (31, 28), (28, 38), (38, 28), (28, 47), (47, 28), (30, 37), (37, 30), (30, 41), (41, 30), (31, 37), (37, 31), (32, 50), (50, 32), (32, 60), (60, 32), (34, 42), (42, 34), (35, 52), (52, 35), (36, 47), (47, 36), (37, 60), (60, 37), (38, 53), (53, 38), (38, 55), (55, 38), (39, 51), (51, 39), (40, 50), (50, 40), (40, 51), (51, 40), (41, 50), (50, 41), (41, 59), (59, 41), (42, 49), (49, 42), (42, 57), (57, 42), (43, 58), (58, 43), (43, 59), (59, 43), (44, 57), (57, 44), (45, 52), (52, 45), (46, 51), (51, 46), (48, 57), (57, 48), (48, 60), (60, 48), (49, 54), (54, 49), (49, 55), (55, 49), (55, 59), (59, 55), (56, 57), (57, 56), (56, 59), (59, 56)]
Z_dad = [17, 51]
Y_dad = [50, 52]
X_dad = [21, 43]
Z_da-ad = [43, 52]
Y_da-ad = [4, 42]
X_da-ad = [10, 51]
