no              #fail
130.123         #totTm
4.223           #lastADTm
13              #itDAD
5.917           #avItADGoal
43              #itADOpt
16              #opt
15              #optDA-AD
1.18            #tmDA
6.2             #relGain

V = [1, 2, 3, 4, 5, 6, 7, 8, 9, 10, 11, 12, 13, 14, 15, 16, 17, 18, 19, 20, 21, 22, 23, 24, 25, 26, 27, 28, 29, 30, 31, 32, 33, 34, 35, 36, 37, 38, 39, 40, 41, 42, 43, 44, 45, 46, 47, 48, 49, 50, 51, 52, 53, 54, 55, 56, 57, 58, 59, 60]
A = [(1, 4), (4, 1), (1, 37), (37, 1), (2, 3), (3, 2), (2, 10), (10, 2), (2, 20), (20, 2), (2, 31), (31, 2), (2, 35), (35, 2), (3, 11), (11, 3), (3, 16), (16, 3), (3, 20), (20, 3), (3, 21), (21, 3), (3, 26), (26, 3), (3, 43), (43, 3), (3, 49), (49, 3), (4, 20), (20, 4), (4, 39), (39, 4), (4, 42), (42, 4), (5, 12), (12, 5), (5, 58), (58, 5), (6, 9), (9, 6), (6, 35), (35, 6), (6, 37), (37, 6), (7, 15), (15, 7), (7, 19), (19, 7), (7, 58), (58, 7), (7, 60), (60, 7), (8, 45), (45, 8), (9, 28), (28, 9), (10, 19), (19, 10), (10, 31), (31, 10), (10, 47), (47, 10), (10, 49), (49, 10), (11, 34), (34, 11), (12, 33), (33, 12), (12, 37), (37, 12), (12, 46), (46, 12), (12, 51), (51, 12), (13, 18), (18, 13), (13, 35), (35, 13), (14, 16), (16, 14), (14, 31), (31, 14), (14, 35), (35, 14), (14, 43), (43, 14), (15, 41), (41, 15), (16, 39), (39, 16), (17, 22), (22, 17), (17, 34), (34, 17), (17, 40), (40, 17), (17, 42), (42, 17), (17, 49), (49, 17), (19, 40), (40, 19), (19, 44), (44, 19), (20, 55), (55, 20), (20, 59), (59, 20), (22, 44), (44, 22), (23, 54), (54, 23), (24, 25), (25, 24), (25, 39), (39, 25), (25, 49), (49, 25), (25, 55), (55, 25), (26, 31), (31, 26), (26, 35), (35, 26), (28, 58), (58, 28), (30, 32), (32, 30), (30, 34), (34, 30), (30, 50), (50, 30), (31, 33), (33, 31), (31, 48), (48, 31), (31, 51), (51, 31), (32, 43), (43, 32), (34, 48), (48, 34), (34, 55), (55, 34), (35, 39), (39, 35), (35, 41), (41, 35), (36, 48), (48, 36), (37, 40), (40, 37), (38, 46), (46, 38), (38, 54), (54, 38), (40, 49), (49, 40), (40, 57), (57, 40), (42, 60), (60, 42), (44, 51), (51, 44), (44, 54), (54, 44), (47, 57), (57, 47), (47, 60), (60, 47), (49, 56), (56, 49), (56, 58), (58, 56), (56, 60), (60, 56)]
Z_dad = [31, 34]
Y_dad = [35, 48]
X_dad = [3, 14]
Z_da-ad = [7, 35]
Y_da-ad = [41, 44]
X_da-ad = [37, 58]
