no              #fail
313.014         #totTm
7.059           #lastADTm
14              #itDAD
7.538           #avItADGoal
68              #itADOpt
14              #opt
14              #optDA-AD
1.319           #tmDA
0.0             #relGain

V = [1, 2, 3, 4, 5, 6, 7, 8, 9, 10, 11, 12, 13, 14, 15, 16, 17, 18, 19, 20, 21, 22, 23, 24, 25, 26, 27, 28, 29, 30, 31, 32, 33, 34, 35, 36, 37, 38, 39, 40, 41, 42, 43, 44, 45, 46, 47, 48, 49, 50, 51, 52, 53, 54, 55, 56, 57, 58, 59, 60]
A = [(1, 33), (33, 1), (2, 15), (15, 2), (2, 21), (21, 2), (2, 27), (27, 2), (2, 29), (29, 2), (2, 37), (37, 2), (2, 41), (41, 2), (2, 51), (51, 2), (2, 52), (52, 2), (3, 37), (37, 3), (3, 40), (40, 3), (3, 51), (51, 3), (4, 16), (16, 4), (4, 18), (18, 4), (5, 37), (37, 5), (5, 46), (46, 5), (6, 27), (27, 6), (6, 54), (54, 6), (8, 45), (45, 8), (10, 11), (11, 10), (10, 23), (23, 10), (11, 33), (33, 11), (11, 41), (41, 11), (12, 33), (33, 12), (12, 39), (39, 12), (12, 43), (43, 12), (12, 46), (46, 12), (13, 22), (22, 13), (13, 32), (32, 13), (13, 33), (33, 13), (14, 19), (19, 14), (15, 17), (17, 15), (15, 18), (18, 15), (15, 47), (47, 15), (15, 48), (48, 15), (15, 56), (56, 15), (16, 21), (21, 16), (16, 26), (26, 16), (16, 42), (42, 16), (16, 50), (50, 16), (16, 54), (54, 16), (17, 27), (27, 17), (17, 48), (48, 17), (18, 19), (19, 18), (19, 32), (32, 19), (19, 51), (51, 19), (19, 58), (58, 19), (20, 45), (45, 20), (21, 28), (28, 21), (21, 29), (29, 21), (21, 46), (46, 21), (21, 51), (51, 21), (22, 40), (40, 22), (22, 45), (45, 22), (23, 44), (44, 23), (23, 60), (60, 23), (24, 33), (33, 24), (25, 26), (26, 25), (25, 31), (31, 25), (25, 41), (41, 25), (25, 46), (46, 25), (25, 53), (53, 25), (26, 47), (47, 26), (27, 30), (30, 27), (27, 52), (52, 27), (28, 45), (45, 28), (28, 60), (60, 28), (31, 48), (48, 31), (32, 36), (36, 32), (33, 45), (45, 33), (35, 48), (48, 35), (35, 49), (49, 35), (35, 56), (56, 35), (36, 37), (37, 36), (36, 43), (43, 36), (36, 55), (55, 36), (39, 49), (49, 39), (42, 51), (51, 42), (43, 48), (48, 43), (43, 53), (53, 43), (43, 55), (55, 43), (46, 54), (54, 46), (46, 55), (55, 46), (49, 58), (58, 49), (50, 53), (53, 50), (51, 56), (56, 51), (55, 57), (57, 55), (59, 60), (60, 59)]
Z_dad = [23, 33]
Y_dad = [41, 45]
X_dad = [11, 28]
Z_da-ad = [33, 45]
Y_da-ad = [13, 23]
X_da-ad = [19, 49]
