no              #fail
200.643         #totTm
11.164          #lastADTm
13              #itDAD
5.917           #avItADGoal
90              #itADOpt
16              #opt
14              #optDA-AD
5.895           #tmDA
12.5            #relGain

V = [1, 2, 3, 4, 5, 6, 7, 8, 9, 10, 11, 12, 13, 14, 15, 16, 17, 18, 19, 20, 21, 22, 23, 24, 25, 26, 27, 28, 29, 30, 31, 32, 33, 34, 35, 36, 37, 38, 39, 40, 41, 42, 43, 44, 45, 46, 47, 48, 49, 50, 51, 52, 53, 54, 55, 56, 57, 58, 59, 60]
A = [(1, 14), (14, 1), (1, 22), (22, 1), (1, 27), (27, 1), (1, 40), (40, 1), (2, 31), (31, 2), (2, 45), (45, 2), (5, 33), (33, 5), (5, 34), (34, 5), (5, 35), (35, 5), (5, 37), (37, 5), (5, 43), (43, 5), (6, 13), (13, 6), (6, 33), (33, 6), (6, 54), (54, 6), (7, 15), (15, 7), (7, 16), (16, 7), (7, 33), (33, 7), (7, 56), (56, 7), (8, 14), (14, 8), (8, 22), (22, 8), (8, 30), (30, 8), (8, 46), (46, 8), (9, 15), (15, 9), (9, 19), (19, 9), (9, 32), (32, 9), (9, 52), (52, 9), (9, 54), (54, 9), (9, 56), (56, 9), (10, 22), (22, 10), (10, 41), (41, 10), (11, 33), (33, 11), (12, 19), (19, 12), (12, 26), (26, 12), (13, 55), (55, 13), (14, 34), (34, 14), (15, 23), (23, 15), (15, 40), (40, 15), (15, 57), (57, 15), (16, 49), (49, 16), (17, 38), (38, 17), (17, 44), (44, 17), (18, 53), (53, 18), (19, 46), (46, 19), (19, 56), (56, 19), (20, 31), (31, 20), (20, 54), (54, 20), (22, 29), (29, 22), (22, 30), (30, 22), (22, 31), (31, 22), (24, 33), (33, 24), (24, 48), (48, 24), (25, 40), (40, 25), (26, 48), (48, 26), (27, 32), (32, 27), (27, 48), (48, 27), (27, 51), (51, 27), (27, 54), (54, 27), (27, 56), (56, 27), (28, 53), (53, 28), (28, 55), (55, 28), (29, 40), (40, 29), (29, 41), (41, 29), (29, 42), (42, 29), (30, 40), (40, 30), (30, 58), (58, 30), (31, 52), (52, 31), (32, 37), (37, 32), (32, 55), (55, 32), (32, 58), (58, 32), (32, 60), (60, 32), (33, 38), (38, 33), (33, 46), (46, 33), (35, 49), (49, 35), (37, 38), (38, 37), (37, 51), (51, 37), (38, 60), (60, 38), (41, 54), (54, 41), (41, 56), (56, 41), (41, 60), (60, 41), (42, 47), (47, 42), (43, 50), (50, 43), (45, 48), (48, 45), (46, 47), (47, 46), (48, 52), (52, 48), (50, 57), (57, 50), (52, 54), (54, 52), (53, 59), (59, 53), (55, 56), (56, 55)]
Z_dad = [5, 15]
Y_dad = [43, 55]
X_dad = [7, 28]
Z_da-ad = [38, 53]
Y_da-ad = [15, 17]
X_da-ad = [5, 7]
