no              #fail
3096.883        #totTm
2.376           #lastADTm
19              #itDAD
5.889           #avItADGoal
24              #itADOpt
12              #opt
12              #optDA-AD
1.232           #tmDA
0.0             #relGain

V = [1, 2, 3, 4, 5, 6, 7, 8, 9, 10, 11, 12, 13, 14, 15, 16, 17, 18, 19, 20, 21, 22, 23, 24, 25, 26, 27, 28, 29, 30, 31, 32, 33, 34, 35, 36, 37, 38, 39, 40, 41, 42, 43, 44, 45, 46, 47, 48, 49, 50, 51, 52, 53, 54, 55, 56, 57, 58, 59, 60]
A = [(1, 11), (11, 1), (1, 29), (29, 1), (1, 43), (43, 1), (2, 20), (20, 2), (2, 27), (27, 2), (3, 9), (9, 3), (3, 32), (32, 3), (4, 12), (12, 4), (4, 19), (19, 4), (4, 21), (21, 4), (4, 23), (23, 4), (4, 45), (45, 4), (5, 12), (12, 5), (5, 16), (16, 5), (5, 39), (39, 5), (6, 43), (43, 6), (8, 16), (16, 8), (8, 26), (26, 8), (9, 21), (21, 9), (9, 28), (28, 9), (9, 42), (42, 9), (9, 56), (56, 9), (10, 32), (32, 10), (10, 35), (35, 10), (10, 46), (46, 10), (11, 14), (14, 11), (11, 38), (38, 11), (12, 29), (29, 12), (12, 45), (45, 12), (13, 15), (15, 13), (13, 21), (21, 13), (13, 42), (42, 13), (13, 47), (47, 13), (14, 15), (15, 14), (14, 25), (25, 14), (14, 31), (31, 14), (14, 48), (48, 14), (14, 54), (54, 14), (15, 39), (39, 15), (16, 50), (50, 16), (17, 34), (34, 17), (18, 39), (39, 18), (18, 48), (48, 18), (19, 29), (29, 19), (20, 57), (57, 20), (21, 43), (43, 21), (22, 35), (35, 22), (23, 30), (30, 23), (24, 36), (36, 24), (24, 38), (38, 24), (24, 47), (47, 24), (25, 41), (41, 25), (26, 32), (32, 26), (26, 35), (35, 26), (26, 39), (39, 26), (26, 42), (42, 26), (26, 44), (44, 26), (26, 47), (47, 26), (27, 28), (28, 27), (27, 37), (37, 27), (27, 44), (44, 27), (28, 45), (45, 28), (28, 52), (52, 28), (28, 55), (55, 28), (29, 34), (34, 29), (29, 48), (48, 29), (29, 52), (52, 29), (30, 46), (46, 30), (30, 56), (56, 30), (33, 60), (60, 33), (34, 38), (38, 34), (35, 38), (38, 35), (36, 49), (49, 36), (38, 51), (51, 38), (39, 60), (60, 39), (41, 56), (56, 41), (41, 58), (58, 41), (43, 50), (50, 43), (45, 57), (57, 45), (47, 54), (54, 47), (47, 55), (55, 47), (48, 51), (51, 48), (49, 55), (55, 49), (49, 56), (56, 49), (51, 52), (52, 51), (55, 57), (57, 55), (56, 58), (58, 56), (56, 59), (59, 56)]
Z_dad = [26, 27]
Y_dad = [7, 14]
X_dad = [39, 57]
Z_da-ad = [14, 56]
Y_da-ad = [4, 58]
X_da-ad = [39, 43]
