no              #fail
137.335         #totTm
3.277           #lastADTm
13              #itDAD
3.167           #avItADGoal
32              #itADOpt
13              #opt
12              #optDA-AD
1.459           #tmDA
7.7             #relGain

V = [1, 2, 3, 4, 5, 6, 7, 8, 9, 10, 11, 12, 13, 14, 15, 16, 17, 18, 19, 20, 21, 22, 23, 24, 25, 26, 27, 28, 29, 30, 31, 32, 33, 34, 35, 36, 37, 38, 39, 40, 41, 42, 43, 44, 45, 46, 47, 48, 49, 50, 51, 52, 53, 54, 55, 56, 57, 58, 59, 60]
A = [(1, 16), (16, 1), (1, 27), (27, 1), (1, 55), (55, 1), (2, 4), (4, 2), (2, 5), (5, 2), (2, 9), (9, 2), (2, 43), (43, 2), (2, 54), (54, 2), (3, 20), (20, 3), (3, 37), (37, 3), (4, 22), (22, 4), (4, 45), (45, 4), (4, 53), (53, 4), (5, 56), (56, 5), (6, 11), (11, 6), (6, 22), (22, 6), (6, 31), (31, 6), (6, 49), (49, 6), (6, 50), (50, 6), (6, 60), (60, 6), (7, 18), (18, 7), (7, 23), (23, 7), (7, 32), (32, 7), (8, 31), (31, 8), (8, 32), (32, 8), (8, 59), (59, 8), (9, 11), (11, 9), (9, 14), (14, 9), (9, 27), (27, 9), (9, 36), (36, 9), (10, 22), (22, 10), (10, 40), (40, 10), (12, 19), (19, 12), (12, 21), (21, 12), (12, 56), (56, 12), (13, 38), (38, 13), (14, 19), (19, 14), (14, 53), (53, 14), (14, 54), (54, 14), (15, 36), (36, 15), (16, 42), (42, 16), (17, 37), (37, 17), (17, 50), (50, 17), (18, 29), (29, 18), (18, 54), (54, 18), (19, 49), (49, 19), (21, 49), (49, 21), (22, 23), (23, 22), (22, 48), (48, 22), (24, 27), (27, 24), (25, 27), (27, 25), (25, 31), (31, 25), (25, 32), (32, 25), (25, 37), (37, 25), (25, 46), (46, 25), (25, 50), (50, 25), (25, 58), (58, 25), (26, 38), (38, 26), (28, 31), (31, 28), (28, 40), (40, 28), (29, 56), (56, 29), (29, 58), (58, 29), (30, 38), (38, 30), (30, 40), (40, 30), (30, 48), (48, 30), (30, 52), (52, 30), (30, 57), (57, 30), (31, 42), (42, 31), (31, 53), (53, 31), (31, 58), (58, 31), (32, 45), (45, 32), (32, 48), (48, 32), (33, 45), (45, 33), (34, 42), (42, 34), (35, 43), (43, 35), (35, 53), (53, 35), (36, 50), (50, 36), (37, 55), (55, 37), (38, 43), (43, 38), (38, 49), (49, 38), (38, 60), (60, 38), (40, 49), (49, 40), (44, 48), (48, 44), (45, 54), (54, 45), (46, 47), (47, 46), (46, 48), (48, 46), (46, 55), (55, 46), (50, 51), (51, 50)]
Z_dad = [38, 50]
Y_dad = [31, 37]
X_dad = [9, 30]
Z_da-ad = [30, 38]
Y_da-ad = [37, 52]
X_da-ad = [1, 31]
