no              #fail
26.741          #totTm
6.975           #lastADTm
9               #itDAD
5.625           #avItADGoal
75              #itADOpt
17              #opt
16              #optDA-AD
3.721           #tmDA
5.9             #relGain

V = [1, 2, 3, 4, 5, 6, 7, 8, 9, 10, 11, 12, 13, 14, 15, 16, 17, 18, 19, 20, 21, 22, 23, 24, 25, 26, 27, 28, 29, 30, 31, 32, 33, 34, 35, 36, 37, 38, 39, 40, 41, 42, 43, 44, 45, 46, 47, 48, 49, 50, 51, 52, 53, 54, 55, 56, 57, 58, 59, 60]
A = [(1, 21), (21, 1), (2, 3), (3, 2), (3, 5), (5, 3), (4, 24), (24, 4), (4, 32), (32, 4), (4, 43), (43, 4), (4, 48), (48, 4), (4, 52), (52, 4), (4, 56), (56, 4), (4, 58), (58, 4), (5, 10), (10, 5), (5, 11), (11, 5), (5, 17), (17, 5), (5, 26), (26, 5), (5, 33), (33, 5), (5, 45), (45, 5), (5, 59), (59, 5), (6, 25), (25, 6), (6, 29), (29, 6), (6, 38), (38, 6), (7, 53), (53, 7), (8, 12), (12, 8), (8, 38), (38, 8), (8, 51), (51, 8), (9, 54), (54, 9), (10, 13), (13, 10), (10, 33), (33, 10), (10, 37), (37, 10), (10, 38), (38, 10), (10, 39), (39, 10), (10, 42), (42, 10), (10, 49), (49, 10), (11, 20), (20, 11), (11, 33), (33, 11), (11, 48), (48, 11), (12, 21), (21, 12), (12, 44), (44, 12), (13, 23), (23, 13), (13, 46), (46, 13), (13, 59), (59, 13), (14, 58), (58, 14), (15, 58), (58, 15), (17, 39), (39, 17), (17, 40), (40, 17), (17, 48), (48, 17), (17, 56), (56, 17), (17, 60), (60, 17), (18, 28), (28, 18), (18, 36), (36, 18), (18, 39), (39, 18), (18, 59), (59, 18), (20, 38), (38, 20), (20, 44), (44, 20), (21, 48), (48, 21), (22, 25), (25, 22), (22, 32), (32, 22), (22, 35), (35, 22), (22, 53), (53, 22), (23, 30), (30, 23), (23, 32), (32, 23), (23, 55), (55, 23), (24, 42), (42, 24), (25, 52), (52, 25), (26, 37), (37, 26), (26, 46), (46, 26), (26, 50), (50, 26), (28, 32), (32, 28), (28, 48), (48, 28), (29, 30), (30, 29), (29, 42), (42, 29), (30, 55), (55, 30), (32, 46), (46, 32), (32, 51), (51, 32), (34, 51), (51, 34), (35, 54), (54, 35), (36, 59), (59, 36), (37, 40), (40, 37), (37, 42), (42, 37), (41, 45), (45, 41), (41, 57), (57, 41), (41, 60), (60, 41), (42, 54), (54, 42), (44, 48), (48, 44), (45, 46), (46, 45), (47, 53), (53, 47), (49, 52), (52, 49), (52, 60), (60, 52), (59, 60), (60, 59)]
Z_dad = [4, 42]
Y_dad = [10, 22]
X_dad = [5, 53]
Z_da-ad = [4, 22]
Y_da-ad = [7, 42]
X_da-ad = [5, 54]
