no              #fail
266.570         #totTm
3.103           #lastADTm
11              #itDAD
4.800           #avItADGoal
31              #itADOpt
13              #opt
13              #optDA-AD
2.397           #tmDA
0.0             #relGain

V = [1, 2, 3, 4, 5, 6, 7, 8, 9, 10, 11, 12, 13, 14, 15, 16, 17, 18, 19, 20, 21, 22, 23, 24, 25, 26, 27, 28, 29, 30, 31, 32, 33, 34, 35, 36, 37, 38, 39, 40, 41, 42, 43, 44, 45, 46, 47, 48, 49, 50, 51, 52, 53, 54, 55, 56, 57, 58, 59, 60]
A = [(1, 10), (10, 1), (1, 43), (43, 1), (2, 11), (11, 2), (2, 21), (21, 2), (2, 29), (29, 2), (2, 32), (32, 2), (2, 51), (51, 2), (4, 10), (10, 4), (4, 32), (32, 4), (4, 35), (35, 4), (5, 7), (7, 5), (5, 9), (9, 5), (6, 31), (31, 6), (6, 50), (50, 6), (6, 56), (56, 6), (7, 8), (8, 7), (7, 40), (40, 7), (7, 53), (53, 7), (7, 54), (54, 7), (8, 36), (36, 8), (8, 39), (39, 8), (8, 41), (41, 8), (8, 60), (60, 8), (9, 19), (19, 9), (9, 30), (30, 9), (10, 17), (17, 10), (10, 18), (18, 10), (10, 58), (58, 10), (11, 19), (19, 11), (11, 28), (28, 11), (11, 43), (43, 11), (12, 25), (25, 12), (12, 56), (56, 12), (13, 26), (26, 13), (13, 43), (43, 13), (13, 51), (51, 13), (14, 27), (27, 14), (14, 37), (37, 14), (15, 30), (30, 15), (15, 41), (41, 15), (15, 46), (46, 15), (15, 57), (57, 15), (16, 43), (43, 16), (16, 51), (51, 16), (17, 19), (19, 17), (17, 49), (49, 17), (19, 46), (46, 19), (20, 51), (51, 20), (21, 40), (40, 21), (21, 50), (50, 21), (21, 60), (60, 21), (22, 36), (36, 22), (23, 31), (31, 23), (23, 35), (35, 23), (23, 60), (60, 23), (24, 56), (56, 24), (25, 30), (30, 25), (25, 38), (38, 25), (25, 40), (40, 25), (25, 46), (46, 25), (25, 59), (59, 25), (26, 35), (35, 26), (26, 45), (45, 26), (27, 30), (30, 27), (27, 42), (42, 27), (27, 48), (48, 27), (28, 33), (33, 28), (29, 40), (40, 29), (30, 32), (32, 30), (31, 42), (42, 31), (31, 48), (48, 31), (34, 58), (58, 34), (35, 37), (37, 35), (35, 52), (52, 35), (37, 38), (38, 37), (38, 50), (50, 38), (39, 41), (41, 39), (41, 49), (49, 41), (42, 53), (53, 42), (42, 59), (59, 42), (43, 56), (56, 43), (47, 59), (59, 47), (48, 52), (52, 48), (49, 50), (50, 49), (49, 51), (51, 49), (51, 57), (57, 51), (52, 53), (53, 52), (53, 57), (57, 53)]
Z_dad = [43, 51]
Y_dad = [10, 35]
X_dad = [8, 11]
Z_da-ad = [10, 11]
Y_da-ad = [33, 51]
X_da-ad = [7, 8]
