no              #fail
80.349          #totTm
5.479           #lastADTm
11              #itDAD
3.700           #avItADGoal
63              #itADOpt
14              #opt
14              #optDA-AD
3.637           #tmDA
0.0             #relGain

V = [1, 2, 3, 4, 5, 6, 7, 8, 9, 10, 11, 12, 13, 14, 15, 16, 17, 18, 19, 20, 21, 22, 23, 24, 25, 26, 27, 28, 29, 30, 31, 32, 33, 34, 35, 36, 37, 38, 39, 40, 41, 42, 43, 44, 45, 46, 47, 48, 49, 50, 51, 52, 53, 54, 55, 56, 57, 58, 59, 60]
A = [(1, 12), (12, 1), (1, 20), (20, 1), (1, 32), (32, 1), (1, 36), (36, 1), (1, 59), (59, 1), (2, 13), (13, 2), (2, 15), (15, 2), (2, 25), (25, 2), (2, 33), (33, 2), (2, 38), (38, 2), (2, 58), (58, 2), (3, 9), (9, 3), (3, 20), (20, 3), (3, 27), (27, 3), (3, 39), (39, 3), (3, 45), (45, 3), (3, 48), (48, 3), (3, 50), (50, 3), (4, 9), (9, 4), (4, 16), (16, 4), (4, 20), (20, 4), (4, 29), (29, 4), (6, 19), (19, 6), (7, 9), (9, 7), (7, 24), (24, 7), (7, 30), (30, 7), (7, 58), (58, 7), (8, 28), (28, 8), (8, 33), (33, 8), (8, 50), (50, 8), (9, 22), (22, 9), (9, 38), (38, 9), (9, 41), (41, 9), (9, 45), (45, 9), (9, 51), (51, 9), (9, 53), (53, 9), (10, 21), (21, 10), (10, 44), (44, 10), (12, 36), (36, 12), (13, 16), (16, 13), (13, 17), (17, 13), (14, 38), (38, 14), (15, 18), (18, 15), (15, 39), (39, 15), (15, 53), (53, 15), (15, 55), (55, 15), (16, 40), (40, 16), (17, 31), (31, 17), (17, 34), (34, 17), (17, 56), (56, 17), (19, 47), (47, 19), (21, 38), (38, 21), (21, 59), (59, 21), (22, 23), (23, 22), (22, 50), (50, 22), (22, 54), (54, 22), (23, 33), (33, 23), (23, 47), (47, 23), (23, 54), (54, 23), (24, 50), (50, 24), (24, 51), (51, 24), (24, 57), (57, 24), (25, 32), (32, 25), (25, 38), (38, 25), (26, 39), (39, 26), (26, 52), (52, 26), (27, 29), (29, 27), (27, 37), (37, 27), (29, 33), (33, 29), (30, 35), (35, 30), (31, 54), (54, 31), (32, 46), (46, 32), (32, 47), (47, 32), (32, 48), (48, 32), (32, 49), (49, 32), (34, 41), (41, 34), (34, 58), (58, 34), (36, 53), (53, 36), (38, 46), (46, 38), (38, 49), (49, 38), (38, 59), (59, 38), (39, 51), (51, 39), (40, 58), (58, 40), (41, 42), (42, 41), (47, 55), (55, 47), (47, 57), (57, 47), (50, 59), (59, 50), (57, 59), (59, 57)]
Z_dad = [32, 38]
Y_dad = [59, 60]
X_dad = [7, 21]
Z_da-ad = [15, 47]
Y_da-ad = [1, 6]
X_da-ad = [38, 59]
