no              #fail
13.738          #totTm
1.192           #lastADTm
10              #itDAD
2.333           #avItADGoal
18              #itADOpt
10              #opt
9               #optDA-AD
0.967           #tmDA
10.0            #relGain

V = [1, 2, 3, 4, 5, 6, 7, 8, 9, 10, 11, 12, 13, 14, 15, 16, 17, 18, 19, 20, 21, 22, 23, 24, 25, 26, 27, 28, 29, 30, 31, 32, 33, 34, 35, 36, 37, 38, 39, 40]
A = [(1, 26), (26, 1), (1, 31), (31, 1), (2, 7), (7, 2), (3, 7), (7, 3), (3, 8), (8, 3), (3, 13), (13, 3), (3, 19), (19, 3), (3, 33), (33, 3), (4, 7), (7, 4), (4, 15), (15, 4), (4, 23), (23, 4), (4, 32), (32, 4), (4, 33), (33, 4), (5, 15), (15, 5), (5, 36), (36, 5), (6, 19), (19, 6), (6, 29), (29, 6), (6, 36), (36, 6), (7, 19), (19, 7), (9, 11), (11, 9), (9, 15), (15, 9), (9, 36), (36, 9), (10, 19), (19, 10), (10, 22), (22, 10), (10, 27), (27, 10), (10, 33), (33, 10), (11, 21), (21, 11), (12, 19), (19, 12), (12, 24), (24, 12), (13, 15), (15, 13), (14, 19), (19, 14), (14, 26), (26, 14), (16, 28), (28, 16), (16, 30), (30, 16), (16, 40), (40, 16), (17, 22), (22, 17), (17, 26), (26, 17), (17, 40), (40, 17), (20, 23), (23, 20), (20, 28), (28, 20), (21, 32), (32, 21), (22, 28), (28, 22), (22, 29), (29, 22), (22, 37), (37, 22), (23, 35), (35, 23), (23, 37), (37, 23), (23, 38), (38, 23), (24, 28), (28, 24), (25, 28), (28, 25), (25, 31), (31, 25), (26, 30), (30, 26), (26, 32), (32, 26), (27, 29), (29, 27), (28, 40), (40, 28), (30, 31), (31, 30), (31, 35), (35, 31), (31, 40), (40, 31), (33, 34), (34, 33), (34, 38), (38, 34), (35, 36), (36, 35), (35, 37), (37, 35), (36, 40), (40, 36)]
Z_dad = [3, 4]
Y_dad = [28, 36]
X_dad = [19, 26]
Z_da-ad = [3, 7]
Y_da-ad = [18, 33]
X_da-ad = [15, 36]
