no              #fail
17.705          #totTm
1.569           #lastADTm
13              #itDAD
2.667           #avItADGoal
31              #itADOpt
12              #opt
10              #optDA-AD
1.309           #tmDA
16.7            #relGain

V = [1, 2, 3, 4, 5, 6, 7, 8, 9, 10, 11, 12, 13, 14, 15, 16, 17, 18, 19, 20, 21, 22, 23, 24, 25, 26, 27, 28, 29, 30, 31, 32, 33, 34, 35, 36, 37, 38, 39, 40]
A = [(1, 2), (2, 1), (1, 8), (8, 1), (1, 22), (22, 1), (1, 24), (24, 1), (1, 26), (26, 1), (1, 36), (36, 1), (1, 37), (37, 1), (2, 18), (18, 2), (2, 19), (19, 2), (2, 21), (21, 2), (2, 22), (22, 2), (2, 33), (33, 2), (3, 30), (30, 3), (4, 19), (19, 4), (5, 11), (11, 5), (5, 14), (14, 5), (5, 22), (22, 5), (6, 12), (12, 6), (7, 22), (22, 7), (7, 23), (23, 7), (8, 14), (14, 8), (8, 34), (34, 8), (9, 12), (12, 9), (9, 21), (21, 9), (9, 31), (31, 9), (10, 11), (11, 10), (10, 19), (19, 10), (10, 30), (30, 10), (10, 37), (37, 10), (11, 23), (23, 11), (11, 36), (36, 11), (12, 21), (21, 12), (12, 22), (22, 12), (12, 29), (29, 12), (12, 35), (35, 12), (13, 34), (34, 13), (14, 26), (26, 14), (16, 20), (20, 16), (16, 25), (25, 16), (16, 39), (39, 16), (18, 24), (24, 18), (18, 28), (28, 18), (18, 30), (30, 18), (18, 32), (32, 18), (19, 22), (22, 19), (19, 23), (23, 19), (19, 26), (26, 19), (19, 38), (38, 19), (19, 39), (39, 19), (20, 24), (24, 20), (20, 26), (26, 20), (21, 22), (22, 21), (21, 28), (28, 21), (21, 29), (29, 21), (21, 31), (31, 21), (22, 25), (25, 22), (25, 31), (31, 25), (25, 32), (32, 25), (25, 35), (35, 25), (28, 40), (40, 28), (35, 38), (38, 35), (36, 39), (39, 36)]
Z_dad = [12, 21]
Y_dad = [18, 25]
X_dad = [2, 8]
Z_da-ad = [2, 8]
Y_da-ad = [13, 21]
X_da-ad = [10, 18]
