no              #fail
145.434         #totTm
3.019           #lastADTm
17              #itDAD
4.938           #avItADGoal
39              #itADOpt
12              #opt
11              #optDA-AD
2.178           #tmDA
8.3             #relGain

V = [1, 2, 3, 4, 5, 6, 7, 8, 9, 10, 11, 12, 13, 14, 15, 16, 17, 18, 19, 20, 21, 22, 23, 24, 25, 26, 27, 28, 29, 30, 31, 32, 33, 34, 35, 36, 37, 38, 39, 40]
A = [(2, 14), (14, 2), (3, 15), (15, 3), (3, 17), (17, 3), (3, 26), (26, 3), (3, 39), (39, 3), (4, 9), (9, 4), (4, 22), (22, 4), (4, 31), (31, 4), (4, 32), (32, 4), (4, 36), (36, 4), (4, 38), (38, 4), (5, 14), (14, 5), (5, 27), (27, 5), (6, 7), (7, 6), (6, 11), (11, 6), (6, 13), (13, 6), (6, 15), (15, 6), (6, 20), (20, 6), (7, 8), (8, 7), (7, 12), (12, 7), (7, 20), (20, 7), (7, 40), (40, 7), (8, 11), (11, 8), (8, 12), (12, 8), (8, 17), (17, 8), (8, 32), (32, 8), (9, 31), (31, 9), (9, 37), (37, 9), (9, 39), (39, 9), (11, 15), (15, 11), (11, 24), (24, 11), (11, 36), (36, 11), (12, 22), (22, 12), (12, 34), (34, 12), (12, 38), (38, 12), (13, 14), (14, 13), (13, 23), (23, 13), (13, 33), (33, 13), (14, 37), (37, 14), (15, 31), (31, 15), (15, 34), (34, 15), (15, 40), (40, 15), (18, 22), (22, 18), (19, 20), (20, 19), (19, 30), (30, 19), (19, 35), (35, 19), (20, 26), (26, 20), (20, 27), (27, 20), (20, 35), (35, 20), (20, 39), (39, 20), (23, 31), (31, 23), (23, 33), (33, 23), (23, 40), (40, 23), (24, 38), (38, 24), (25, 30), (30, 25), (27, 32), (32, 27), (28, 36), (36, 28), (29, 32), (32, 29), (29, 40), (40, 29), (32, 40), (40, 32), (34, 39), (39, 34), (35, 39), (39, 35)]
Z_dad = [4, 12]
Y_dad = [11, 19]
X_dad = [30, 36]
Z_da-ad = [14, 19]
Y_da-ad = [6, 25]
X_da-ad = [20, 32]
