no              #fail
27.196          #totTm
1.128           #lastADTm
13              #itDAD
3.000           #avItADGoal
15              #itADOpt
10              #opt
9               #optDA-AD
1.689           #tmDA
10.0            #relGain

V = [1, 2, 3, 4, 5, 6, 7, 8, 9, 10, 11, 12, 13, 14, 15, 16, 17, 18, 19, 20, 21, 22, 23, 24, 25, 26, 27, 28, 29, 30, 31, 32, 33, 34, 35, 36, 37, 38, 39, 40]
A = [(1, 12), (12, 1), (1, 16), (16, 1), (1, 21), (21, 1), (1, 27), (27, 1), (1, 39), (39, 1), (2, 6), (6, 2), (2, 8), (8, 2), (2, 17), (17, 2), (2, 20), (20, 2), (2, 31), (31, 2), (2, 32), (32, 2), (2, 34), (34, 2), (3, 4), (4, 3), (3, 5), (5, 3), (3, 12), (12, 3), (3, 32), (32, 3), (3, 34), (34, 3), (4, 14), (14, 4), (5, 39), (39, 5), (6, 10), (10, 6), (7, 13), (13, 7), (7, 18), (18, 7), (7, 27), (27, 7), (8, 11), (11, 8), (8, 29), (29, 8), (8, 30), (30, 8), (9, 14), (14, 9), (9, 30), (30, 9), (10, 12), (12, 10), (10, 22), (22, 10), (10, 29), (29, 10), (11, 19), (19, 11), (12, 14), (14, 12), (15, 18), (18, 15), (15, 27), (27, 15), (15, 28), (28, 15), (16, 27), (27, 16), (18, 21), (21, 18), (20, 25), (25, 20), (20, 28), (28, 20), (21, 29), (29, 21), (22, 35), (35, 22), (22, 39), (39, 22), (23, 24), (24, 23), (23, 26), (26, 23), (23, 30), (30, 23), (24, 30), (30, 24), (24, 32), (32, 24), (24, 40), (40, 24), (25, 33), (33, 25), (27, 30), (30, 27), (27, 32), (32, 27), (27, 33), (33, 27), (29, 30), (30, 29), (29, 35), (35, 29), (29, 40), (40, 29), (30, 38), (38, 30), (31, 32), (32, 31), (31, 33), (33, 31), (32, 40), (40, 32), (33, 40), (40, 33), (36, 40), (40, 36)]
Z_dad = [2, 30]
Y_dad = [29, 38]
X_dad = [3, 12]
Z_da-ad = [24, 30]
Y_da-ad = [2, 23]
X_da-ad = [3, 12]
