no              #fail
59.825          #totTm
4.075           #lastADTm
14              #itDAD
4.000           #avItADGoal
62              #itADOpt
12              #opt
10              #optDA-AD
1.067           #tmDA
16.7            #relGain

V = [1, 2, 3, 4, 5, 6, 7, 8, 9, 10, 11, 12, 13, 14, 15, 16, 17, 18, 19, 20, 21, 22, 23, 24, 25, 26, 27, 28, 29, 30, 31, 32, 33, 34, 35, 36, 37, 38, 39, 40]
A = [(1, 19), (19, 1), (1, 25), (25, 1), (1, 34), (34, 1), (1, 40), (40, 1), (2, 20), (20, 2), (2, 29), (29, 2), (4, 9), (9, 4), (4, 24), (24, 4), (4, 29), (29, 4), (4, 35), (35, 4), (4, 36), (36, 4), (4, 37), (37, 4), (5, 8), (8, 5), (5, 34), (34, 5), (5, 40), (40, 5), (6, 18), (18, 6), (6, 28), (28, 6), (6, 35), (35, 6), (8, 10), (10, 8), (8, 21), (21, 8), (9, 17), (17, 9), (9, 23), (23, 9), (9, 33), (33, 9), (9, 36), (36, 9), (10, 20), (20, 10), (10, 37), (37, 10), (10, 40), (40, 10), (11, 15), (15, 11), (11, 24), (24, 11), (11, 30), (30, 11), (12, 23), (23, 12), (12, 36), (36, 12), (12, 38), (38, 12), (13, 18), (18, 13), (13, 33), (33, 13), (14, 31), (31, 14), (14, 37), (37, 14), (15, 26), (26, 15), (15, 40), (40, 15), (17, 22), (22, 17), (18, 19), (19, 18), (18, 34), (34, 18), (19, 36), (36, 19), (20, 34), (34, 20), (21, 24), (24, 21), (21, 34), (34, 21), (21, 40), (40, 21), (22, 23), (23, 22), (22, 25), (25, 22), (26, 30), (30, 26), (26, 34), (34, 26), (26, 38), (38, 26), (26, 40), (40, 26), (28, 34), (34, 28), (29, 34), (34, 29), (29, 39), (39, 29), (33, 38), (38, 33), (33, 39), (39, 33), (34, 39), (39, 34), (37, 38), (38, 37), (37, 40), (40, 37), (39, 40), (40, 39)]
Z_dad = [9, 37]
Y_dad = [22, 34]
X_dad = [11, 26]
Z_da-ad = [31, 37]
Y_da-ad = [14, 22]
X_da-ad = [4, 6]
