no              #fail
21.185          #totTm
3.569           #lastADTm
10              #itDAD
3.667           #avItADGoal
54              #itADOpt
11              #opt
11              #optDA-AD
1.824           #tmDA
0.0             #relGain

V = [1, 2, 3, 4, 5, 6, 7, 8, 9, 10, 11, 12, 13, 14, 15, 16, 17, 18, 19, 20, 21, 22, 23, 24, 25, 26, 27, 28, 29, 30, 31, 32, 33, 34, 35, 36, 37, 38, 39, 40]
A = [(1, 5), (5, 1), (1, 8), (8, 1), (1, 9), (9, 1), (1, 30), (30, 1), (1, 39), (39, 1), (2, 16), (16, 2), (2, 30), (30, 2), (3, 4), (4, 3), (3, 5), (5, 3), (3, 8), (8, 3), (3, 13), (13, 3), (3, 22), (22, 3), (4, 19), (19, 4), (4, 37), (37, 4), (5, 10), (10, 5), (5, 16), (16, 5), (5, 35), (35, 5), (5, 38), (38, 5), (6, 24), (24, 6), (6, 27), (27, 6), (6, 39), (39, 6), (6, 40), (40, 6), (7, 23), (23, 7), (7, 28), (28, 7), (8, 26), (26, 8), (8, 31), (31, 8), (8, 36), (36, 8), (8, 38), (38, 8), (9, 10), (10, 9), (9, 13), (13, 9), (9, 14), (14, 9), (9, 21), (21, 9), (9, 23), (23, 9), (10, 11), (11, 10), (10, 31), (31, 10), (11, 19), (19, 11), (11, 38), (38, 11), (12, 13), (13, 12), (12, 26), (26, 12), (12, 34), (34, 12), (12, 37), (37, 12), (13, 22), (22, 13), (13, 32), (32, 13), (14, 21), (21, 14), (14, 39), (39, 14), (16, 19), (19, 16), (16, 24), (24, 16), (16, 40), (40, 16), (19, 26), (26, 19), (20, 26), (26, 20), (20, 37), (37, 20), (21, 22), (22, 21), (22, 25), (25, 22), (22, 26), (26, 22), (23, 29), (29, 23), (23, 33), (33, 23), (24, 36), (36, 24), (24, 37), (37, 24), (25, 39), (39, 25), (27, 31), (31, 27), (28, 34), (34, 28), (33, 35), (35, 33)]
Z_dad = [5, 23]
Y_dad = [16, 28]
X_dad = [6, 13]
Z_da-ad = [5, 23]
Y_da-ad = [2, 7]
X_da-ad = [6, 16]
