no              #fail
3.929           #totTm
1.268           #lastADTm
7               #itDAD
1.167           #avItADGoal
20              #itADOpt
14              #opt
12              #optDA-AD
0.663           #tmDA
14.3            #relGain

V = [1, 2, 3, 4, 5, 6, 7, 8, 9, 10, 11, 12, 13, 14, 15, 16, 17, 18, 19, 20, 21, 22, 23, 24, 25, 26, 27, 28, 29, 30, 31, 32, 33, 34, 35, 36, 37, 38, 39, 40]
A = [(1, 7), (7, 1), (1, 28), (28, 1), (2, 22), (22, 2), (2, 28), (28, 2), (2, 32), (32, 2), (2, 35), (35, 2), (3, 4), (4, 3), (3, 28), (28, 3), (3, 31), (31, 3), (3, 32), (32, 3), (3, 33), (33, 3), (4, 33), (33, 4), (5, 17), (17, 5), (5, 38), (38, 5), (6, 18), (18, 6), (6, 37), (37, 6), (7, 12), (12, 7), (7, 14), (14, 7), (7, 30), (30, 7), (7, 37), (37, 7), (8, 9), (9, 8), (8, 28), (28, 8), (8, 40), (40, 8), (9, 40), (40, 9), (10, 14), (14, 10), (10, 19), (19, 10), (10, 39), (39, 10), (11, 12), (12, 11), (11, 20), (20, 11), (11, 23), (23, 11), (11, 34), (34, 11), (12, 20), (20, 12), (12, 21), (21, 12), (13, 14), (14, 13), (13, 16), (16, 13), (13, 19), (19, 13), (13, 33), (33, 13), (13, 39), (39, 13), (14, 19), (19, 14), (14, 26), (26, 14), (14, 27), (27, 14), (14, 39), (39, 14), (15, 26), (26, 15), (15, 33), (33, 15), (16, 28), (28, 16), (18, 33), (33, 18), (18, 35), (35, 18), (18, 39), (39, 18), (20, 33), (33, 20), (20, 35), (35, 20), (21, 36), (36, 21), (22, 26), (26, 22), (22, 32), (32, 22), (24, 37), (37, 24), (25, 27), (27, 25), (27, 37), (37, 27), (28, 29), (29, 28), (28, 37), (37, 28), (30, 33), (33, 30), (30, 40), (40, 30), (32, 40), (40, 32), (33, 39), (39, 33)]
Z_dad = [7, 28]
Y_dad = [20, 33]
X_dad = [14, 18]
Z_da-ad = [12, 20]
Y_da-ad = [3, 23]
X_da-ad = [28, 40]
