no              #fail
20.758          #totTm
2.202           #lastADTm
10              #itDAD
5.111           #avItADGoal
39              #itADOpt
11              #opt
10              #optDA-AD
1.092           #tmDA
9.1             #relGain

V = [1, 2, 3, 4, 5, 6, 7, 8, 9, 10, 11, 12, 13, 14, 15, 16, 17, 18, 19, 20, 21, 22, 23, 24, 25, 26, 27, 28, 29, 30, 31, 32, 33, 34, 35, 36, 37, 38, 39, 40]
A = [(1, 26), (26, 1), (1, 28), (28, 1), (1, 32), (32, 1), (2, 19), (19, 2), (2, 32), (32, 2), (2, 33), (33, 2), (2, 36), (36, 2), (3, 6), (6, 3), (3, 13), (13, 3), (4, 23), (23, 4), (5, 20), (20, 5), (5, 24), (24, 5), (5, 38), (38, 5), (6, 14), (14, 6), (6, 17), (17, 6), (6, 37), (37, 6), (9, 16), (16, 9), (9, 24), (24, 9), (9, 28), (28, 9), (10, 21), (21, 10), (10, 31), (31, 10), (11, 17), (17, 11), (11, 19), (19, 11), (11, 24), (24, 11), (11, 36), (36, 11), (12, 14), (14, 12), (12, 39), (39, 12), (13, 17), (17, 13), (13, 30), (30, 13), (13, 37), (37, 13), (14, 22), (22, 14), (14, 26), (26, 14), (14, 31), (31, 14), (15, 16), (16, 15), (15, 28), (28, 15), (16, 17), (17, 16), (16, 30), (30, 16), (17, 21), (21, 17), (17, 33), (33, 17), (19, 24), (24, 19), (20, 39), (39, 20), (21, 28), (28, 21), (21, 30), (30, 21), (21, 37), (37, 21), (22, 23), (23, 22), (22, 25), (25, 22), (22, 40), (40, 22), (23, 26), (26, 23), (23, 28), (28, 23), (23, 32), (32, 23), (25, 34), (34, 25), (25, 36), (36, 25), (26, 34), (34, 26), (26, 35), (35, 26), (26, 39), (39, 26), (28, 31), (31, 28), (29, 32), (32, 29), (29, 33), (33, 29), (31, 35), (35, 31), (32, 35), (35, 32), (32, 37), (37, 32), (38, 40), (40, 38)]
Z_dad = [22, 26]
Y_dad = [5, 17]
X_dad = [36, 38]
Z_da-ad = [5, 22]
Y_da-ad = [14, 38]
X_da-ad = [12, 26]
