no              #fail
7.351           #totTm
0.914           #lastADTm
7               #itDAD
6.667           #avItADGoal
20              #itADOpt
11              #opt
9               #optDA-AD
2.12            #tmDA
18.2            #relGain

V = [1, 2, 3, 4, 5, 6, 7, 8, 9, 10, 11, 12, 13, 14, 15, 16, 17, 18, 19, 20, 21, 22, 23, 24, 25, 26, 27, 28, 29, 30, 31, 32, 33, 34, 35, 36, 37, 38, 39, 40]
A = [(1, 8), (8, 1), (1, 23), (23, 1), (1, 31), (31, 1), (2, 8), (8, 2), (2, 24), (24, 2), (2, 38), (38, 2), (2, 39), (39, 2), (3, 8), (8, 3), (3, 18), (18, 3), (3, 26), (26, 3), (5, 17), (17, 5), (5, 40), (40, 5), (6, 23), (23, 6), (6, 28), (28, 6), (6, 29), (29, 6), (6, 30), (30, 6), (6, 33), (33, 6), (6, 40), (40, 6), (7, 14), (14, 7), (8, 10), (10, 8), (8, 11), (11, 8), (8, 12), (12, 8), (8, 23), (23, 8), (8, 38), (38, 8), (9, 18), (18, 9), (9, 22), (22, 9), (10, 12), (12, 10), (10, 14), (14, 10), (10, 16), (16, 10), (11, 29), (29, 11), (11, 31), (31, 11), (13, 22), (22, 13), (13, 35), (35, 13), (16, 34), (34, 16), (17, 22), (22, 17), (17, 31), (31, 17), (18, 25), (25, 18), (19, 20), (20, 19), (19, 30), (30, 19), (20, 26), (26, 20), (20, 35), (35, 20), (21, 29), (29, 21), (22, 27), (27, 22), (23, 30), (30, 23), (23, 36), (36, 23), (24, 38), (38, 24), (25, 39), (39, 25), (26, 32), (32, 26), (27, 32), (32, 27), (28, 38), (38, 28), (29, 32), (32, 29), (29, 34), (34, 29), (31, 33), (33, 31), (31, 36), (36, 31), (31, 38), (38, 31), (32, 33), (33, 32), (32, 34), (34, 32), (32, 35), (35, 32), (33, 37), (37, 33), (34, 37), (37, 34), (35, 37), (37, 35), (37, 40), (40, 37)]
Z_dad = [8, 31]
Y_dad = [6, 16]
X_dad = [10, 23]
Z_da-ad = [8, 10]
Y_da-ad = [7, 38]
X_da-ad = [23, 31]
