no              #fail
6.063           #totTm
2.589           #lastADTm
5               #itDAD
3.500           #avItADGoal
31              #itADOpt
11              #opt
11              #optDA-AD
0.814           #tmDA
0.0             #relGain

V = [1, 2, 3, 4, 5, 6, 7, 8, 9, 10, 11, 12, 13, 14, 15, 16, 17, 18, 19, 20, 21, 22, 23, 24, 25, 26, 27, 28, 29, 30, 31, 32, 33, 34, 35, 36, 37, 38, 39, 40]
A = [(1, 16), (16, 1), (1, 23), (23, 1), (1, 36), (36, 1), (2, 22), (22, 2), (3, 8), (8, 3), (3, 22), (22, 3), (4, 5), (5, 4), (4, 7), (7, 4), (4, 10), (10, 4), (4, 19), (19, 4), (5, 6), (6, 5), (5, 8), (8, 5), (5, 12), (12, 5), (5, 15), (15, 5), (5, 25), (25, 5), (5, 35), (35, 5), (5, 39), (39, 5), (6, 7), (7, 6), (6, 13), (13, 6), (6, 24), (24, 6), (6, 36), (36, 6), (7, 12), (12, 7), (7, 19), (19, 7), (7, 32), (32, 7), (8, 24), (24, 8), (8, 31), (31, 8), (9, 34), (34, 9), (10, 19), (19, 10), (10, 32), (32, 10), (11, 19), (19, 11), (11, 27), (27, 11), (11, 29), (29, 11), (12, 35), (35, 12), (13, 40), (40, 13), (14, 15), (15, 14), (14, 27), (27, 14), (14, 29), (29, 14), (15, 30), (30, 15), (15, 31), (31, 15), (16, 23), (23, 16), (16, 33), (33, 16), (18, 37), (37, 18), (19, 22), (22, 19), (19, 34), (34, 19), (20, 23), (23, 20), (20, 39), (39, 20), (21, 30), (30, 21), (21, 32), (32, 21), (22, 30), (30, 22), (23, 40), (40, 23), (26, 27), (27, 26), (27, 35), (35, 27), (27, 37), (37, 27), (27, 40), (40, 27), (28, 32), (32, 28), (29, 35), (35, 29), (29, 38), (38, 29), (30, 33), (33, 30), (32, 33), (33, 32), (32, 36), (36, 32), (35, 36), (36, 35), (36, 39), (39, 36)]
Z_dad = [19, 27]
Y_dad = [34, 35]
X_dad = [5, 29]
Z_da-ad = [19, 27]
Y_da-ad = [9, 35]
X_da-ad = [8, 30]
