no              #fail
46.325          #totTm
2.670           #lastADTm
13              #itDAD
4.667           #avItADGoal
31              #itADOpt
11              #opt
10              #optDA-AD
0.898           #tmDA
9.1             #relGain

V = [1, 2, 3, 4, 5, 6, 7, 8, 9, 10, 11, 12, 13, 14, 15, 16, 17, 18, 19, 20, 21, 22, 23, 24, 25, 26, 27, 28, 29, 30, 31, 32, 33, 34, 35, 36, 37, 38, 39, 40]
A = [(1, 18), (18, 1), (1, 31), (31, 1), (1, 35), (35, 1), (1, 36), (36, 1), (2, 14), (14, 2), (2, 33), (33, 2), (2, 34), (34, 2), (4, 12), (12, 4), (4, 14), (14, 4), (5, 17), (17, 5), (5, 21), (21, 5), (5, 22), (22, 5), (5, 24), (24, 5), (5, 38), (38, 5), (6, 15), (15, 6), (6, 18), (18, 6), (6, 35), (35, 6), (7, 18), (18, 7), (7, 26), (26, 7), (7, 38), (38, 7), (8, 15), (15, 8), (8, 22), (22, 8), (8, 28), (28, 8), (8, 30), (30, 8), (8, 38), (38, 8), (9, 21), (21, 9), (9, 31), (31, 9), (9, 33), (33, 9), (9, 38), (38, 9), (10, 15), (15, 10), (11, 17), (17, 11), (11, 18), (18, 11), (11, 21), (21, 11), (11, 27), (27, 11), (11, 37), (37, 11), (12, 34), (34, 12), (15, 28), (28, 15), (15, 35), (35, 15), (15, 38), (38, 15), (16, 30), (30, 16), (16, 31), (31, 16), (17, 24), (24, 17), (17, 37), (37, 17), (17, 40), (40, 17), (18, 33), (33, 18), (18, 37), (37, 18), (20, 26), (26, 20), (20, 35), (35, 20), (20, 39), (39, 20), (22, 24), (24, 22), (23, 30), (30, 23), (23, 37), (37, 23), (24, 28), (28, 24), (24, 29), (29, 24), (25, 34), (34, 25), (25, 39), (39, 25), (26, 38), (38, 26), (27, 34), (34, 27), (28, 34), (34, 28), (29, 32), (32, 29), (30, 31), (31, 30), (32, 37), (37, 32)]
Z_dad = [20, 34]
Y_dad = [4, 18]
X_dad = [1, 11]
Z_da-ad = [1, 15]
Y_da-ad = [3, 34]
X_da-ad = [2, 12]
