no              #fail
6411.274        #totTm
44.350          #lastADTm
16              #itDAD
14.467          #avItADGoal
58              #itADOpt
9               #opt
8               #optDA-AD
0.713           #tmDA
11.1            #relGain

V = [1, 2, 3, 4, 5, 6, 7, 8, 9, 10, 11, 12, 13, 14, 15, 16, 17, 18, 19, 20, 21, 22, 23, 24, 25, 26, 27, 28, 29, 30, 31, 32, 33, 34, 35, 36, 37, 38, 39, 40, 41, 42, 43, 44, 45, 46, 47, 48, 49, 50, 51, 52, 53, 54, 55, 56, 57, 58, 59, 60, 61, 62, 63, 64, 65, 66, 67, 68, 69, 70, 71, 72, 73, 74, 75, 76, 77, 78, 79, 80]
A = [(1, 13), (13, 1), (1, 16), (16, 1), (1, 19), (19, 1), (1, 21), (21, 1), (1, 26), (26, 1), (1, 29), (29, 1), (1, 48), (48, 1), (1, 67), (67, 1), (2, 29), (29, 2), (2, 39), (39, 2), (2, 58), (58, 2), (2, 59), (59, 2), (2, 65), (65, 2), (2, 73), (73, 2), (2, 76), (76, 2), (3, 6), (6, 3), (3, 26), (26, 3), (3, 46), (46, 3), (3, 70), (70, 3), (3, 74), (74, 3), (4, 7), (7, 4), (4, 8), (8, 4), (4, 13), (13, 4), (4, 36), (36, 4), (4, 44), (44, 4), (4, 58), (58, 4), (4, 65), (65, 4), (4, 73), (73, 4), (5, 22), (22, 5), (5, 40), (40, 5), (5, 48), (48, 5), (5, 50), (50, 5), (5, 72), (72, 5), (5, 75), (75, 5), (5, 79), (79, 5), (6, 23), (23, 6), (6, 43), (43, 6), (6, 77), (77, 6), (7, 15), (15, 7), (7, 21), (21, 7), (7, 29), (29, 7), (7, 46), (46, 7), (7, 73), (73, 7), (8, 10), (10, 8), (8, 29), (29, 8), (8, 43), (43, 8), (8, 52), (52, 8), (8, 73), (73, 8), (8, 75), (75, 8), (9, 23), (23, 9), (9, 51), (51, 9), (9, 53), (53, 9), (9, 59), (59, 9), (10, 14), (14, 10), (10, 27), (27, 10), (10, 29), (29, 10), (10, 44), (44, 10), (10, 57), (57, 10), (10, 69), (69, 10), (10, 75), (75, 10), (11, 15), (15, 11), (11, 20), (20, 11), (11, 29), (29, 11), (11, 37), (37, 11), (11, 39), (39, 11), (11, 55), (55, 11), (12, 35), (35, 12), (12, 38), (38, 12), (12, 45), (45, 12), (12, 55), (55, 12), (12, 67), (67, 12), (12, 79), (79, 12), (13, 60), (60, 13), (14, 54), (54, 14), (15, 16), (16, 15), (15, 31), (31, 15), (15, 49), (49, 15), (15, 79), (79, 15), (16, 21), (21, 16), (16, 32), (32, 16), (17, 25), (25, 17), (17, 45), (45, 17), (18, 36), (36, 18), (19, 39), (39, 19), (19, 74), (74, 19), (20, 56), (56, 20), (20, 57), (57, 20), (21, 72), (72, 21), (21, 75), (75, 21), (22, 28), (28, 22), (22, 56), (56, 22), (22, 59), (59, 22), (23, 53), (53, 23), (23, 54), (54, 23), (23, 61), (61, 23), (23, 65), (65, 23), (23, 80), (80, 23), (24, 29), (29, 24), (24, 58), (58, 24), (25, 62), (62, 25), (25, 70), (70, 25), (26, 72), (72, 26), (27, 28), (28, 27), (27, 32), (32, 27), (27, 51), (51, 27), (28, 62), (62, 28), (28, 72), (72, 28), (29, 32), (32, 29), (30, 36), (36, 30), (30, 80), (80, 30), (31, 50), (50, 31), (31, 69), (69, 31), (31, 75), (75, 31), (32, 44), (44, 32), (34, 72), (72, 34), (34, 74), (74, 34), (34, 76), (76, 34), (35, 68), (68, 35), (35, 79), (79, 35), (37, 55), (55, 37), (37, 68), (68, 37), (37, 71), (71, 37), (38, 56), (56, 38), (38, 65), (65, 38), (38, 71), (71, 38), (39, 47), (47, 39), (39, 73), (73, 39), (40, 57), (57, 40), (41, 42), (42, 41), (41, 62), (62, 41), (41, 63), (63, 41), (42, 71), (71, 42), (43, 57), (57, 43), (43, 60), (60, 43), (45, 75), (75, 45), (47, 50), (50, 47), (47, 53), (53, 47), (47, 60), (60, 47), (47, 78), (78, 47), (48, 65), (65, 48), (48, 79), (79, 48), (49, 75), (75, 49), (50, 77), (77, 50), (51, 53), (53, 51), (51, 58), (58, 51), (51, 67), (67, 51), (52, 65), (65, 52), (53, 80), (80, 53), (55, 75), (75, 55), (56, 76), (76, 56), (57, 61), (61, 57), (57, 74), (74, 57), (58, 80), (80, 58), (62, 72), (72, 62), (64, 65), (65, 64), (70, 72), (72, 70), (71, 73), (73, 71), (71, 76), (76, 71)]
Z_dad = [47]
Y_dad = [4, 33, 62]
X_dad = [36, 41, 65]
Z_da-ad = [36]
Y_da-ad = [18, 66, 71]
X_da-ad = [10, 23, 65]
