no              #fail
31.472          #totTm
7.949           #lastADTm
5               #itDAD
2.250           #avItADGoal
9               #itADOpt
7               #opt
6               #optDA-AD
3.364           #tmDA
14.3            #relGain

V = [1, 2, 3, 4, 5, 6, 7, 8, 9, 10, 11, 12, 13, 14, 15, 16, 17, 18, 19, 20, 21, 22, 23, 24, 25, 26, 27, 28, 29, 30, 31, 32, 33, 34, 35, 36, 37, 38, 39, 40, 41, 42, 43, 44, 45, 46, 47, 48, 49, 50, 51, 52, 53, 54, 55, 56, 57, 58, 59, 60, 61, 62, 63, 64, 65, 66, 67, 68, 69, 70, 71, 72, 73, 74, 75, 76, 77, 78, 79, 80]
A = [(1, 39), (39, 1), (1, 44), (44, 1), (1, 49), (49, 1), (1, 58), (58, 1), (2, 13), (13, 2), (2, 27), (27, 2), (3, 13), (13, 3), (3, 14), (14, 3), (3, 29), (29, 3), (3, 56), (56, 3), (3, 69), (69, 3), (3, 70), (70, 3), (3, 72), (72, 3), (4, 38), (38, 4), (4, 47), (47, 4), (4, 50), (50, 4), (5, 13), (13, 5), (5, 14), (14, 5), (6, 34), (34, 6), (6, 42), (42, 6), (6, 46), (46, 6), (6, 79), (79, 6), (7, 11), (11, 7), (7, 32), (32, 7), (7, 37), (37, 7), (7, 54), (54, 7), (7, 63), (63, 7), (8, 17), (17, 8), (8, 22), (22, 8), (8, 45), (45, 8), (8, 68), (68, 8), (9, 54), (54, 9), (10, 14), (14, 10), (10, 30), (30, 10), (10, 31), (31, 10), (11, 40), (40, 11), (11, 53), (53, 11), (12, 61), (61, 12), (12, 70), (70, 12), (13, 15), (15, 13), (13, 69), (69, 13), (13, 78), (78, 13), (13, 80), (80, 13), (14, 76), (76, 14), (14, 77), (77, 14), (15, 44), (44, 15), (16, 30), (30, 16), (16, 36), (36, 16), (16, 37), (37, 16), (16, 55), (55, 16), (16, 80), (80, 16), (17, 69), (69, 17), (17, 74), (74, 17), (17, 75), (75, 17), (18, 22), (22, 18), (18, 60), (60, 18), (19, 63), (63, 19), (19, 74), (74, 19), (20, 36), (36, 20), (20, 53), (53, 20), (20, 60), (60, 20), (20, 73), (73, 20), (20, 75), (75, 20), (21, 27), (27, 21), (21, 62), (62, 21), (21, 65), (65, 21), (22, 49), (49, 22), (22, 52), (52, 22), (22, 79), (79, 22), (23, 29), (29, 23), (23, 39), (39, 23), (23, 61), (61, 23), (24, 32), (32, 24), (24, 37), (37, 24), (25, 28), (28, 25), (25, 32), (32, 25), (25, 61), (61, 25), (25, 72), (72, 25), (26, 50), (50, 26), (26, 53), (53, 26), (27, 33), (33, 27), (27, 48), (48, 27), (27, 52), (52, 27), (27, 62), (62, 27), (29, 62), (62, 29), (30, 39), (39, 30), (30, 45), (45, 30), (30, 48), (48, 30), (30, 72), (72, 30), (31, 35), (35, 31), (31, 41), (41, 31), (31, 58), (58, 31), (32, 53), (53, 32), (32, 62), (62, 32), (32, 72), (72, 32), (33, 35), (35, 33), (33, 56), (56, 33), (34, 42), (42, 34), (34, 46), (46, 34), (34, 52), (52, 34), (34, 53), (53, 34), (34, 55), (55, 34), (34, 64), (64, 34), (34, 78), (78, 34), (35, 51), (51, 35), (35, 60), (60, 35), (37, 73), (73, 37), (38, 49), (49, 38), (38, 69), (69, 38), (38, 76), (76, 38), (39, 46), (46, 39), (39, 62), (62, 39), (40, 47), (47, 40), (40, 50), (50, 40), (41, 45), (45, 41), (41, 54), (54, 41), (42, 49), (49, 42), (42, 62), (62, 42), (42, 66), (66, 42), (43, 50), (50, 43), (43, 62), (62, 43), (43, 71), (71, 43), (44, 56), (56, 44), (45, 65), (65, 45), (45, 67), (67, 45), (45, 71), (71, 45), (46, 58), (58, 46), (46, 80), (80, 46), (47, 59), (59, 47), (47, 65), (65, 47), (48, 65), (65, 48), (49, 53), (53, 49), (49, 62), (62, 49), (49, 80), (80, 49), (50, 52), (52, 50), (50, 80), (80, 50), (53, 74), (74, 53), (54, 61), (61, 54), (54, 64), (64, 54), (55, 77), (77, 55), (56, 62), (62, 56), (56, 78), (78, 56), (57, 60), (60, 57), (57, 63), (63, 57), (58, 62), (62, 58), (58, 80), (80, 58), (60, 65), (65, 60), (61, 76), (76, 61), (61, 77), (77, 61), (63, 77), (77, 63), (66, 67), (67, 66), (66, 70), (70, 66), (66, 78), (78, 66), (68, 70), (70, 68), (70, 73), (73, 70), (70, 75), (75, 70), (74, 75), (75, 74), (78, 79), (79, 78)]
Z_dad = [50]
Y_dad = [34, 47, 62]
X_dad = [25, 35, 54]
Z_da-ad = [25]
Y_da-ad = [28, 35, 59]
X_da-ad = [34, 39, 54]
