no              #fail
3946.370        #totTm
25.196          #lastADTm
11              #itDAD
12.200          #avItADGoal
46              #itADOpt
9               #opt
9               #optDA-AD
1.428           #tmDA
0.0             #relGain

V = [1, 2, 3, 4, 5, 6, 7, 8, 9, 10, 11, 12, 13, 14, 15, 16, 17, 18, 19, 20, 21, 22, 23, 24, 25, 26, 27, 28, 29, 30, 31, 32, 33, 34, 35, 36, 37, 38, 39, 40, 41, 42, 43, 44, 45, 46, 47, 48, 49, 50, 51, 52, 53, 54, 55, 56, 57, 58, 59, 60, 61, 62, 63, 64, 65, 66, 67, 68, 69, 70, 71, 72, 73, 74, 75, 76, 77, 78, 79, 80]
A = [(1, 14), (14, 1), (1, 30), (30, 1), (1, 40), (40, 1), (1, 61), (61, 1), (1, 63), (63, 1), (1, 69), (69, 1), (2, 13), (13, 2), (2, 27), (27, 2), (2, 58), (58, 2), (2, 65), (65, 2), (2, 66), (66, 2), (2, 78), (78, 2), (3, 28), (28, 3), (3, 39), (39, 3), (3, 52), (52, 3), (3, 60), (60, 3), (4, 7), (7, 4), (4, 41), (41, 4), (4, 66), (66, 4), (5, 26), (26, 5), (5, 29), (29, 5), (5, 78), (78, 5), (6, 11), (11, 6), (6, 23), (23, 6), (6, 33), (33, 6), (6, 47), (47, 6), (6, 49), (49, 6), (7, 11), (11, 7), (7, 25), (25, 7), (7, 45), (45, 7), (7, 46), (46, 7), (7, 50), (50, 7), (7, 74), (74, 7), (7, 78), (78, 7), (9, 21), (21, 9), (9, 32), (32, 9), (9, 33), (33, 9), (9, 60), (60, 9), (9, 66), (66, 9), (9, 71), (71, 9), (9, 76), (76, 9), (10, 21), (21, 10), (10, 28), (28, 10), (10, 37), (37, 10), (10, 38), (38, 10), (11, 37), (37, 11), (11, 69), (69, 11), (12, 22), (22, 12), (12, 23), (23, 12), (12, 39), (39, 12), (13, 62), (62, 13), (14, 47), (47, 14), (15, 27), (27, 15), (15, 33), (33, 15), (15, 43), (43, 15), (15, 67), (67, 15), (15, 68), (68, 15), (15, 69), (69, 15), (15, 72), (72, 15), (16, 49), (49, 16), (16, 54), (54, 16), (16, 56), (56, 16), (17, 22), (22, 17), (17, 35), (35, 17), (17, 51), (51, 17), (17, 60), (60, 17), (17, 78), (78, 17), (17, 80), (80, 17), (18, 43), (43, 18), (19, 79), (79, 19), (20, 64), (64, 20), (21, 41), (41, 21), (21, 57), (57, 21), (21, 80), (80, 21), (22, 23), (23, 22), (22, 42), (42, 22), (22, 44), (44, 22), (23, 37), (37, 23), (23, 41), (41, 23), (24, 42), (42, 24), (24, 44), (44, 24), (24, 56), (56, 24), (24, 72), (72, 24), (24, 77), (77, 24), (25, 47), (47, 25), (25, 65), (65, 25), (25, 69), (69, 25), (25, 80), (80, 25), (26, 35), (35, 26), (26, 45), (45, 26), (26, 52), (52, 26), (26, 77), (77, 26), (27, 53), (53, 27), (28, 30), (30, 28), (29, 75), (75, 29), (30, 36), (36, 30), (31, 39), (39, 31), (31, 48), (48, 31), (31, 58), (58, 31), (32, 39), (39, 32), (32, 41), (41, 32), (32, 58), (58, 32), (32, 59), (59, 32), (32, 71), (71, 32), (33, 79), (79, 33), (34, 35), (35, 34), (34, 50), (50, 34), (34, 56), (56, 34), (35, 78), (78, 35), (36, 45), (45, 36), (36, 69), (69, 36), (36, 76), (76, 36), (37, 42), (42, 37), (37, 46), (46, 37), (37, 48), (48, 37), (37, 55), (55, 37), (37, 63), (63, 37), (38, 53), (53, 38), (39, 49), (49, 39), (39, 56), (56, 39), (39, 63), (63, 39), (40, 70), (70, 40), (41, 52), (52, 41), (41, 59), (59, 41), (41, 67), (67, 41), (42, 49), (49, 42), (42, 65), (65, 42), (42, 68), (68, 42), (43, 74), (74, 43), (43, 80), (80, 43), (44, 64), (64, 44), (45, 78), (78, 45), (47, 54), (54, 47), (48, 66), (66, 48), (49, 54), (54, 49), (49, 58), (58, 49), (49, 64), (64, 49), (49, 72), (72, 49), (49, 77), (77, 49), (49, 80), (80, 49), (52, 67), (67, 52), (52, 68), (68, 52), (52, 77), (77, 52), (53, 61), (61, 53), (54, 64), (64, 54), (54, 79), (79, 54), (56, 62), (62, 56), (57, 76), (76, 57), (58, 63), (63, 58), (59, 65), (65, 59), (60, 72), (72, 60), (60, 78), (78, 60), (62, 72), (72, 62), (62, 80), (80, 62), (63, 74), (74, 63), (65, 72), (72, 65), (72, 74), (74, 72), (74, 76), (76, 74)]
Z_dad = [64]
Y_dad = [1, 5, 73]
X_dad = [29, 40, 79]
Z_da-ad = [1]
Y_da-ad = [5, 27, 40]
X_da-ad = [17, 43, 47]
