no              #fail
517.315         #totTm
11.485          #lastADTm
12              #itDAD
5.364           #avItADGoal
12              #itADOpt
8               #opt
8               #optDA-AD
7.462           #tmDA
0.0             #relGain

V = [1, 2, 3, 4, 5, 6, 7, 8, 9, 10, 11, 12, 13, 14, 15, 16, 17, 18, 19, 20, 21, 22, 23, 24, 25, 26, 27, 28, 29, 30, 31, 32, 33, 34, 35, 36, 37, 38, 39, 40, 41, 42, 43, 44, 45, 46, 47, 48, 49, 50, 51, 52, 53, 54, 55, 56, 57, 58, 59, 60, 61, 62, 63, 64, 65, 66, 67, 68, 69, 70, 71, 72, 73, 74, 75, 76, 77, 78, 79, 80]
A = [(1, 16), (16, 1), (1, 52), (52, 1), (2, 23), (23, 2), (2, 27), (27, 2), (2, 59), (59, 2), (2, 74), (74, 2), (3, 9), (9, 3), (3, 15), (15, 3), (3, 17), (17, 3), (3, 28), (28, 3), (3, 40), (40, 3), (3, 56), (56, 3), (3, 78), (78, 3), (4, 8), (8, 4), (4, 39), (39, 4), (4, 61), (61, 4), (4, 65), (65, 4), (4, 70), (70, 4), (4, 76), (76, 4), (5, 10), (10, 5), (5, 18), (18, 5), (5, 32), (32, 5), (5, 43), (43, 5), (5, 64), (64, 5), (5, 78), (78, 5), (6, 15), (15, 6), (6, 43), (43, 6), (6, 63), (63, 6), (7, 30), (30, 7), (7, 66), (66, 7), (8, 25), (25, 8), (8, 39), (39, 8), (8, 46), (46, 8), (8, 55), (55, 8), (8, 60), (60, 8), (8, 61), (61, 8), (8, 65), (65, 8), (9, 31), (31, 9), (9, 32), (32, 9), (9, 46), (46, 9), (9, 64), (64, 9), (9, 65), (65, 9), (9, 72), (72, 9), (11, 12), (12, 11), (12, 13), (13, 12), (12, 33), (33, 12), (12, 62), (62, 12), (13, 21), (21, 13), (13, 33), (33, 13), (13, 38), (38, 13), (13, 48), (48, 13), (14, 36), (36, 14), (14, 49), (49, 14), (15, 50), (50, 15), (15, 54), (54, 15), (15, 58), (58, 15), (15, 63), (63, 15), (15, 65), (65, 15), (15, 66), (66, 15), (16, 27), (27, 16), (16, 30), (30, 16), (16, 43), (43, 16), (16, 50), (50, 16), (16, 59), (59, 16), (16, 64), (64, 16), (17, 34), (34, 17), (17, 40), (40, 17), (18, 32), (32, 18), (18, 41), (41, 18), (19, 49), (49, 19), (19, 61), (61, 19), (20, 29), (29, 20), (20, 59), (59, 20), (20, 69), (69, 20), (20, 76), (76, 20), (20, 80), (80, 20), (21, 24), (24, 21), (21, 29), (29, 21), (21, 62), (62, 21), (22, 73), (73, 22), (23, 38), (38, 23), (23, 47), (47, 23), (23, 63), (63, 23), (24, 46), (46, 24), (24, 52), (52, 24), (25, 50), (50, 25), (25, 55), (55, 25), (25, 68), (68, 25), (25, 79), (79, 25), (26, 55), (55, 26), (26, 56), (56, 26), (27, 43), (43, 27), (27, 50), (50, 27), (28, 60), (60, 28), (29, 32), (32, 29), (29, 49), (49, 29), (29, 57), (57, 29), (30, 63), (63, 30), (31, 33), (33, 31), (32, 44), (44, 32), (33, 50), (50, 33), (33, 55), (55, 33), (33, 56), (56, 33), (33, 69), (69, 33), (34, 37), (37, 34), (35, 38), (38, 35), (35, 59), (59, 35), (35, 76), (76, 35), (36, 43), (43, 36), (36, 47), (47, 36), (36, 53), (53, 36), (36, 64), (64, 36), (37, 53), (53, 37), (37, 66), (66, 37), (37, 71), (71, 37), (38, 46), (46, 38), (39, 50), (50, 39), (39, 56), (56, 39), (40, 64), (64, 40), (41, 43), (43, 41), (41, 45), (45, 41), (41, 60), (60, 41), (41, 72), (72, 41), (42, 57), (57, 42), (45, 48), (48, 45), (45, 69), (69, 45), (46, 66), (66, 46), (47, 68), (68, 47), (48, 50), (50, 48), (48, 80), (80, 48), (50, 72), (72, 50), (51, 57), (57, 51), (51, 63), (63, 51), (52, 58), (58, 52), (52, 70), (70, 52), (53, 54), (54, 53), (53, 66), (66, 53), (54, 58), (58, 54), (55, 67), (67, 55), (56, 59), (59, 56), (56, 69), (69, 56), (58, 74), (74, 58), (58, 78), (78, 58), (59, 69), (69, 59), (60, 77), (77, 60), (61, 74), (74, 61), (61, 77), (77, 61), (62, 66), (66, 62), (62, 69), (69, 62), (63, 68), (68, 63), (63, 75), (75, 63), (63, 76), (76, 63), (63, 78), (78, 63), (64, 71), (71, 64), (64, 77), (77, 64), (66, 77), (77, 66), (69, 75), (75, 69), (70, 77), (77, 70)]
Z_dad = [29]
Y_dad = [22, 61, 63]
X_dad = [51, 55, 56]
Z_da-ad = [55]
Y_da-ad = [56, 67, 73]
X_da-ad = [3, 37, 64]
