no              #fail
691.783         #totTm
15.877          #lastADTm
10              #itDAD
4.778           #avItADGoal
21              #itADOpt
8               #opt
7               #optDA-AD
8.238           #tmDA
12.5            #relGain

V = [1, 2, 3, 4, 5, 6, 7, 8, 9, 10, 11, 12, 13, 14, 15, 16, 17, 18, 19, 20, 21, 22, 23, 24, 25, 26, 27, 28, 29, 30, 31, 32, 33, 34, 35, 36, 37, 38, 39, 40, 41, 42, 43, 44, 45, 46, 47, 48, 49, 50, 51, 52, 53, 54, 55, 56, 57, 58, 59, 60, 61, 62, 63, 64, 65, 66, 67, 68, 69, 70, 71, 72, 73, 74, 75, 76, 77, 78, 79, 80]
A = [(1, 19), (19, 1), (1, 38), (38, 1), (1, 53), (53, 1), (1, 63), (63, 1), (2, 33), (33, 2), (2, 74), (74, 2), (3, 27), (27, 3), (3, 29), (29, 3), (3, 50), (50, 3), (3, 72), (72, 3), (4, 21), (21, 4), (4, 42), (42, 4), (4, 51), (51, 4), (5, 34), (34, 5), (5, 63), (63, 5), (5, 78), (78, 5), (6, 9), (9, 6), (6, 15), (15, 6), (6, 46), (46, 6), (6, 56), (56, 6), (6, 72), (72, 6), (6, 80), (80, 6), (7, 56), (56, 7), (8, 12), (12, 8), (8, 27), (27, 8), (8, 43), (43, 8), (9, 33), (33, 9), (9, 38), (38, 9), (9, 40), (40, 9), (9, 50), (50, 9), (9, 55), (55, 9), (10, 20), (20, 10), (10, 23), (23, 10), (10, 50), (50, 10), (10, 56), (56, 10), (10, 60), (60, 10), (10, 70), (70, 10), (10, 74), (74, 10), (11, 41), (41, 11), (12, 20), (20, 12), (12, 55), (55, 12), (12, 74), (74, 12), (13, 30), (30, 13), (13, 62), (62, 13), (13, 65), (65, 13), (14, 32), (32, 14), (14, 50), (50, 14), (14, 74), (74, 14), (14, 76), (76, 14), (15, 22), (22, 15), (15, 30), (30, 15), (15, 77), (77, 15), (16, 27), (27, 16), (17, 20), (20, 17), (17, 21), (21, 17), (17, 24), (24, 17), (18, 49), (49, 18), (19, 26), (26, 19), (19, 63), (63, 19), (19, 65), (65, 19), (20, 47), (47, 20), (20, 57), (57, 20), (21, 54), (54, 21), (21, 66), (66, 21), (21, 69), (69, 21), (22, 29), (29, 22), (22, 36), (36, 22), (22, 43), (43, 22), (22, 77), (77, 22), (23, 34), (34, 23), (23, 63), (63, 23), (24, 26), (26, 24), (24, 39), (39, 24), (24, 46), (46, 24), (24, 55), (55, 24), (24, 67), (67, 24), (24, 78), (78, 24), (25, 47), (47, 25), (25, 70), (70, 25), (26, 38), (38, 26), (26, 53), (53, 26), (27, 38), (38, 27), (27, 64), (64, 27), (27, 78), (78, 27), (27, 80), (80, 27), (28, 56), (56, 28), (28, 77), (77, 28), (29, 53), (53, 29), (29, 69), (69, 29), (30, 39), (39, 30), (30, 73), (73, 30), (30, 74), (74, 30), (31, 33), (33, 31), (31, 47), (47, 31), (31, 67), (67, 31), (32, 65), (65, 32), (32, 70), (70, 32), (33, 41), (41, 33), (33, 68), (68, 33), (33, 72), (72, 33), (34, 47), (47, 34), (34, 67), (67, 34), (34, 70), (70, 34), (35, 61), (61, 35), (35, 74), (74, 35), (35, 79), (79, 35), (36, 64), (64, 36), (36, 65), (65, 36), (37, 59), (59, 37), (37, 60), (60, 37), (38, 55), (55, 38), (38, 62), (62, 38), (38, 67), (67, 38), (39, 42), (42, 39), (39, 60), (60, 39), (39, 67), (67, 39), (40, 74), (74, 40), (41, 65), (65, 41), (41, 67), (67, 41), (43, 51), (51, 43), (43, 53), (53, 43), (43, 59), (59, 43), (43, 65), (65, 43), (43, 78), (78, 43), (44, 48), (48, 44), (44, 65), (65, 44), (44, 68), (68, 44), (44, 74), (74, 44), (45, 77), (77, 45), (46, 60), (60, 46), (46, 74), (74, 46), (47, 66), (66, 47), (47, 78), (78, 47), (47, 79), (79, 47), (48, 79), (79, 48), (49, 50), (50, 49), (49, 54), (54, 49), (50, 51), (51, 50), (51, 67), (67, 51), (52, 76), (76, 52), (52, 77), (77, 52), (53, 76), (76, 53), (54, 70), (70, 54), (54, 79), (79, 54), (55, 57), (57, 55), (55, 62), (62, 55), (55, 67), (67, 55), (55, 69), (69, 55), (55, 75), (75, 55), (56, 80), (80, 56), (57, 70), (70, 57), (58, 80), (80, 58), (59, 79), (79, 59), (61, 79), (79, 61), (62, 74), (74, 62), (63, 75), (75, 63), (70, 77), (77, 70), (75, 80), (80, 75)]
Z_dad = [77]
Y_dad = [56, 71, 74]
X_dad = [27, 41, 76]
Z_da-ad = [30]
Y_da-ad = [71, 73, 77]
X_da-ad = [27, 56, 80]
