no              #fail
4425.750        #totTm
4.357           #lastADTm
14              #itDAD
8.154           #avItADGoal
10              #itADOpt
7               #opt
6               #optDA-AD
1.761           #tmDA
14.3            #relGain

V = [1, 2, 3, 4, 5, 6, 7, 8, 9, 10, 11, 12, 13, 14, 15, 16, 17, 18, 19, 20, 21, 22, 23, 24, 25, 26, 27, 28, 29, 30, 31, 32, 33, 34, 35, 36, 37, 38, 39, 40, 41, 42, 43, 44, 45, 46, 47, 48, 49, 50, 51, 52, 53, 54, 55, 56, 57, 58, 59, 60, 61, 62, 63, 64, 65, 66, 67, 68, 69, 70, 71, 72, 73, 74, 75, 76, 77, 78, 79, 80]
A = [(1, 10), (10, 1), (1, 34), (34, 1), (1, 41), (41, 1), (2, 20), (20, 2), (2, 25), (25, 2), (2, 31), (31, 2), (2, 36), (36, 2), (3, 18), (18, 3), (3, 25), (25, 3), (3, 36), (36, 3), (3, 45), (45, 3), (3, 63), (63, 3), (3, 71), (71, 3), (4, 9), (9, 4), (4, 10), (10, 4), (4, 29), (29, 4), (4, 36), (36, 4), (4, 44), (44, 4), (5, 13), (13, 5), (5, 33), (33, 5), (5, 34), (34, 5), (5, 45), (45, 5), (6, 15), (15, 6), (6, 22), (22, 6), (6, 40), (40, 6), (6, 59), (59, 6), (6, 60), (60, 6), (6, 65), (65, 6), (7, 60), (60, 7), (8, 57), (57, 8), (8, 75), (75, 8), (9, 31), (31, 9), (9, 42), (42, 9), (9, 53), (53, 9), (9, 77), (77, 9), (10, 40), (40, 10), (11, 24), (24, 11), (11, 33), (33, 11), (11, 38), (38, 11), (11, 74), (74, 11), (12, 29), (29, 12), (12, 49), (49, 12), (12, 73), (73, 12), (12, 74), (74, 12), (13, 17), (17, 13), (13, 69), (69, 13), (14, 73), (73, 14), (14, 79), (79, 14), (15, 55), (55, 15), (15, 73), (73, 15), (16, 46), (46, 16), (16, 47), (47, 16), (16, 58), (58, 16), (16, 77), (77, 16), (16, 80), (80, 16), (17, 35), (35, 17), (17, 70), (70, 17), (18, 28), (28, 18), (18, 32), (32, 18), (18, 37), (37, 18), (18, 64), (64, 18), (18, 70), (70, 18), (18, 72), (72, 18), (19, 20), (20, 19), (19, 77), (77, 19), (20, 37), (37, 20), (20, 51), (51, 20), (20, 55), (55, 20), (21, 25), (25, 21), (21, 38), (38, 21), (21, 44), (44, 21), (22, 25), (25, 22), (22, 33), (33, 22), (23, 24), (24, 23), (23, 25), (25, 23), (23, 42), (42, 23), (23, 48), (48, 23), (23, 49), (49, 23), (23, 60), (60, 23), (24, 66), (66, 24), (25, 47), (47, 25), (25, 50), (50, 25), (25, 62), (62, 25), (26, 30), (30, 26), (26, 42), (42, 26), (26, 65), (65, 26), (26, 78), (78, 26), (27, 30), (30, 27), (27, 69), (69, 27), (27, 74), (74, 27), (28, 37), (37, 28), (28, 66), (66, 28), (28, 70), (70, 28), (30, 68), (68, 30), (31, 33), (33, 31), (31, 34), (34, 31), (31, 39), (39, 31), (31, 50), (50, 31), (31, 76), (76, 31), (31, 80), (80, 31), (32, 54), (54, 32), (33, 58), (58, 33), (34, 74), (74, 34), (35, 40), (40, 35), (35, 59), (59, 35), (35, 67), (67, 35), (35, 72), (72, 35), (36, 37), (37, 36), (36, 73), (73, 36), (37, 56), (56, 37), (37, 71), (71, 37), (38, 63), (63, 38), (39, 45), (45, 39), (39, 49), (49, 39), (39, 51), (51, 39), (39, 72), (72, 39), (40, 41), (41, 40), (40, 68), (68, 40), (41, 57), (57, 41), (41, 74), (74, 41), (43, 50), (50, 43), (43, 73), (73, 43), (43, 80), (80, 43), (44, 51), (51, 44), (45, 58), (58, 45), (45, 65), (65, 45), (45, 80), (80, 45), (46, 48), (48, 46), (46, 51), (51, 46), (46, 53), (53, 46), (46, 73), (73, 46), (46, 78), (78, 46), (47, 75), (75, 47), (49, 65), (65, 49), (49, 78), (78, 49), (50, 74), (74, 50), (52, 79), (79, 52), (53, 60), (60, 53), (53, 71), (71, 53), (53, 78), (78, 53), (54, 59), (59, 54), (54, 67), (67, 54), (55, 69), (69, 55), (57, 64), (64, 57), (57, 75), (75, 57), (59, 67), (67, 59), (60, 65), (65, 60), (61, 69), (69, 61), (61, 71), (71, 61), (61, 77), (77, 61), (62, 74), (74, 62), (62, 80), (80, 62), (63, 77), (77, 63), (64, 78), (78, 64), (65, 79), (79, 65), (69, 70), (70, 69), (74, 75), (75, 74), (75, 76), (76, 75)]
Z_dad = [23]
Y_dad = [18, 31, 65]
X_dad = [37, 60, 79]
Z_da-ad = [79]
Y_da-ad = [32, 52, 73]
X_da-ad = [36, 37, 60]
