no              #fail
1997.098        #totTm
16.534          #lastADTm
14              #itDAD
9.462           #avItADGoal
37              #itADOpt
9               #opt
8               #optDA-AD
0.715           #tmDA
11.1            #relGain

V = [1, 2, 3, 4, 5, 6, 7, 8, 9, 10, 11, 12, 13, 14, 15, 16, 17, 18, 19, 20, 21, 22, 23, 24, 25, 26, 27, 28, 29, 30, 31, 32, 33, 34, 35, 36, 37, 38, 39, 40, 41, 42, 43, 44, 45, 46, 47, 48, 49, 50, 51, 52, 53, 54, 55, 56, 57, 58, 59, 60, 61, 62, 63, 64, 65, 66, 67, 68, 69, 70, 71, 72, 73, 74, 75, 76, 77, 78, 79, 80]
A = [(1, 13), (13, 1), (1, 30), (30, 1), (1, 72), (72, 1), (2, 60), (60, 2), (3, 16), (16, 3), (3, 21), (21, 3), (3, 27), (27, 3), (3, 54), (54, 3), (3, 55), (55, 3), (4, 19), (19, 4), (4, 25), (25, 4), (4, 54), (54, 4), (4, 57), (57, 4), (4, 80), (80, 4), (5, 8), (8, 5), (5, 37), (37, 5), (5, 38), (38, 5), (5, 44), (44, 5), (5, 69), (69, 5), (5, 78), (78, 5), (6, 20), (20, 6), (6, 35), (35, 6), (6, 51), (51, 6), (6, 53), (53, 6), (6, 78), (78, 6), (7, 17), (17, 7), (7, 33), (33, 7), (7, 44), (44, 7), (7, 56), (56, 7), (7, 79), (79, 7), (8, 10), (10, 8), (8, 30), (30, 8), (8, 38), (38, 8), (8, 68), (68, 8), (9, 48), (48, 9), (9, 50), (50, 9), (9, 51), (51, 9), (10, 20), (20, 10), (10, 22), (22, 10), (10, 24), (24, 10), (11, 14), (14, 11), (11, 17), (17, 11), (11, 25), (25, 11), (11, 45), (45, 11), (11, 78), (78, 11), (12, 39), (39, 12), (13, 50), (50, 13), (13, 77), (77, 13), (14, 44), (44, 14), (14, 53), (53, 14), (14, 79), (79, 14), (15, 24), (24, 15), (15, 30), (30, 15), (15, 47), (47, 15), (16, 32), (32, 16), (16, 41), (41, 16), (17, 20), (20, 17), (17, 22), (22, 17), (17, 34), (34, 17), (17, 38), (38, 17), (17, 71), (71, 17), (18, 19), (19, 18), (18, 29), (29, 18), (18, 35), (35, 18), (18, 55), (55, 18), (18, 75), (75, 18), (19, 45), (45, 19), (19, 61), (61, 19), (19, 70), (70, 19), (20, 32), (32, 20), (20, 36), (36, 20), (20, 38), (38, 20), (20, 55), (55, 20), (21, 42), (42, 21), (21, 50), (50, 21), (21, 74), (74, 21), (22, 52), (52, 22), (24, 78), (78, 24), (25, 29), (29, 25), (25, 78), (78, 25), (26, 37), (37, 26), (26, 67), (67, 26), (27, 29), (29, 27), (27, 61), (61, 27), (27, 68), (68, 27), (28, 29), (29, 28), (28, 51), (51, 28), (28, 67), (67, 28), (28, 71), (71, 28), (28, 80), (80, 28), (29, 39), (39, 29), (29, 46), (46, 29), (31, 49), (49, 31), (31, 61), (61, 31), (31, 63), (63, 31), (31, 77), (77, 31), (32, 34), (34, 32), (32, 42), (42, 32), (32, 57), (57, 32), (32, 76), (76, 32), (32, 78), (78, 32), (33, 42), (42, 33), (33, 47), (47, 33), (33, 58), (58, 33), (33, 62), (62, 33), (34, 64), (64, 34), (35, 58), (58, 35), (35, 64), (64, 35), (35, 67), (67, 35), (35, 74), (74, 35), (36, 42), (42, 36), (36, 56), (56, 36), (37, 39), (39, 37), (37, 71), (71, 37), (37, 72), (72, 37), (37, 80), (80, 37), (38, 76), (76, 38), (39, 46), (46, 39), (39, 67), (67, 39), (40, 79), (79, 40), (42, 74), (74, 42), (43, 48), (48, 43), (43, 58), (58, 43), (43, 73), (73, 43), (43, 75), (75, 43), (44, 52), (52, 44), (44, 54), (54, 44), (44, 65), (65, 44), (44, 75), (75, 44), (46, 78), (78, 46), (48, 60), (60, 48), (48, 64), (64, 48), (48, 78), (78, 48), (50, 77), (77, 50), (50, 78), (78, 50), (51, 52), (52, 51), (51, 56), (56, 51), (51, 63), (63, 51), (51, 73), (73, 51), (53, 69), (69, 53), (55, 74), (74, 55), (55, 78), (78, 55), (56, 58), (58, 56), (58, 69), (69, 58), (60, 65), (65, 60), (60, 79), (79, 60), (61, 68), (68, 61), (62, 71), (71, 62), (62, 74), (74, 62), (63, 68), (68, 63), (64, 73), (73, 64), (64, 80), (80, 64), (66, 73), (73, 66), (66, 75), (75, 66), (69, 71), (71, 69), (70, 75), (75, 70), (73, 76), (76, 73), (74, 75), (75, 74)]
Z_dad = [31]
Y_dad = [37, 44, 49]
X_dad = [1, 16, 50]
Z_da-ad = [16]
Y_da-ad = [2, 31, 41]
X_da-ad = [26, 39, 79]
