no              #fail
319.811         #totTm
16.745          #lastADTm
9               #itDAD
8.000           #avItADGoal
18              #itADOpt
8               #opt
7               #optDA-AD
3.298           #tmDA
12.5            #relGain

V = [1, 2, 3, 4, 5, 6, 7, 8, 9, 10, 11, 12, 13, 14, 15, 16, 17, 18, 19, 20, 21, 22, 23, 24, 25, 26, 27, 28, 29, 30, 31, 32, 33, 34, 35, 36, 37, 38, 39, 40, 41, 42, 43, 44, 45, 46, 47, 48, 49, 50, 51, 52, 53, 54, 55, 56, 57, 58, 59, 60, 61, 62, 63, 64, 65, 66, 67, 68, 69, 70, 71, 72, 73, 74, 75, 76, 77, 78, 79, 80]
A = [(1, 23), (23, 1), (1, 40), (40, 1), (1, 48), (48, 1), (1, 52), (52, 1), (1, 69), (69, 1), (1, 71), (71, 1), (2, 16), (16, 2), (2, 27), (27, 2), (2, 34), (34, 2), (2, 51), (51, 2), (2, 75), (75, 2), (2, 78), (78, 2), (3, 45), (45, 3), (3, 46), (46, 3), (3, 63), (63, 3), (4, 10), (10, 4), (4, 28), (28, 4), (4, 46), (46, 4), (5, 45), (45, 5), (5, 54), (54, 5), (5, 68), (68, 5), (6, 7), (7, 6), (6, 10), (10, 6), (6, 68), (68, 6), (6, 70), (70, 6), (7, 21), (21, 7), (7, 44), (44, 7), (7, 75), (75, 7), (8, 26), (26, 8), (8, 37), (37, 8), (8, 80), (80, 8), (9, 20), (20, 9), (9, 38), (38, 9), (9, 46), (46, 9), (10, 20), (20, 10), (10, 23), (23, 10), (10, 32), (32, 10), (10, 45), (45, 10), (10, 50), (50, 10), (10, 51), (51, 10), (10, 58), (58, 10), (10, 64), (64, 10), (12, 51), (51, 12), (12, 54), (54, 12), (13, 30), (30, 13), (13, 44), (44, 13), (13, 50), (50, 13), (14, 20), (20, 14), (14, 25), (25, 14), (14, 30), (30, 14), (14, 35), (35, 14), (14, 37), (37, 14), (14, 39), (39, 14), (15, 22), (22, 15), (15, 43), (43, 15), (15, 73), (73, 15), (16, 44), (44, 16), (16, 54), (54, 16), (16, 64), (64, 16), (17, 25), (25, 17), (17, 64), (64, 17), (17, 79), (79, 17), (18, 45), (45, 18), (19, 53), (53, 19), (20, 36), (36, 20), (21, 22), (22, 21), (21, 45), (45, 21), (21, 47), (47, 21), (22, 47), (47, 22), (22, 48), (48, 22), (22, 51), (51, 22), (22, 64), (64, 22), (23, 24), (24, 23), (23, 68), (68, 23), (24, 55), (55, 24), (24, 69), (69, 24), (25, 31), (31, 25), (25, 46), (46, 25), (25, 79), (79, 25), (26, 51), (51, 26), (26, 80), (80, 26), (27, 61), (61, 27), (28, 60), (60, 28), (28, 71), (71, 28), (29, 43), (43, 29), (29, 47), (47, 29), (29, 57), (57, 29), (30, 71), (71, 30), (31, 37), (37, 31), (31, 48), (48, 31), (32, 36), (36, 32), (32, 76), (76, 32), (33, 54), (54, 33), (34, 58), (58, 34), (34, 75), (75, 34), (34, 78), (78, 34), (35, 42), (42, 35), (35, 54), (54, 35), (35, 56), (56, 35), (35, 57), (57, 35), (35, 70), (70, 35), (35, 74), (74, 35), (37, 46), (46, 37), (37, 53), (53, 37), (37, 80), (80, 37), (38, 69), (69, 38), (38, 73), (73, 38), (39, 45), (45, 39), (39, 65), (65, 39), (39, 67), (67, 39), (40, 47), (47, 40), (40, 64), (64, 40), (41, 46), (46, 41), (41, 56), (56, 41), (41, 57), (57, 41), (41, 72), (72, 41), (42, 47), (47, 42), (42, 59), (59, 42), (42, 60), (60, 42), (43, 59), (59, 43), (43, 73), (73, 43), (44, 47), (47, 44), (44, 55), (55, 44), (44, 71), (71, 44), (44, 76), (76, 44), (45, 46), (46, 45), (45, 47), (47, 45), (46, 73), (73, 46), (47, 51), (51, 47), (48, 60), (60, 48), (48, 75), (75, 48), (48, 76), (76, 48), (48, 79), (79, 48), (49, 68), (68, 49), (51, 72), (72, 51), (51, 78), (78, 51), (52, 69), (69, 52), (53, 69), (69, 53), (54, 64), (64, 54), (55, 59), (59, 55), (55, 60), (60, 55), (55, 66), (66, 55), (56, 76), (76, 56), (57, 71), (71, 57), (58, 67), (67, 58), (61, 78), (78, 61), (62, 65), (65, 62), (62, 66), (66, 62), (63, 74), (74, 63), (64, 75), (75, 64), (64, 77), (77, 64), (65, 69), (69, 65), (66, 68), (68, 66), (66, 69), (69, 66), (67, 76), (76, 67), (70, 74), (74, 70), (71, 73), (73, 71), (71, 80), (80, 71)]
Z_dad = [45]
Y_dad = [18, 46, 54]
X_dad = [37, 64, 69]
Z_da-ad = [68]
Y_da-ad = [11, 45, 49]
X_da-ad = [2, 34, 51]
