no              #fail
24.512          #totTm
24.047          #lastADTm
14              #itDAD
1.000           #avItADGoal
520             #itADOpt
15              #opt
15              #optDA-AD
5.797           #tmDA
0.0             #relGain

V = [1, 2, 3, 4, 5, 6, 7, 8, 9, 10, 11, 12, 13, 14, 15, 16, 17, 18, 19, 20]
A = [(1, 8), (8, 1), (1, 14), (14, 1), (2, 17), (17, 2), (3, 10), (10, 3), (4, 6), (6, 4), (4, 11), (11, 4), (7, 18), (18, 7), (8, 11), (11, 8), (12, 13), (13, 12)]
Z_dad = [4, 8, 12]
Y_dad = [3, 7, 14]
X_dad = [1]
Z_da-ad = [4, 8, 17]
Y_da-ad = [3, 12, 14]
X_da-ad = [1]
