no              #fail
21.489          #totTm
21.288          #lastADTm
8               #itDAD
1.000           #avItADGoal
640             #itADOpt
16              #opt
16              #optDA-AD
16.086          #tmDA
0.0             #relGain

V = [1, 2, 3, 4, 5, 6, 7, 8, 9, 10, 11, 12, 13, 14, 15, 16, 17, 18, 19, 20]
A = [(1, 10), (10, 1), (3, 18), (18, 3), (5, 10), (10, 5), (6, 13), (13, 6), (8, 11), (11, 8), (8, 12), (12, 8), (8, 17), (17, 8), (10, 19), (19, 10), (11, 17), (17, 11)]
Z_dad = [3, 8, 10]
Y_dad = [1, 11, 13]
X_dad = [6]
Z_da-ad = [8, 10, 18]
Y_da-ad = [1, 11, 13]
X_da-ad = [6]
