no              #fail
24.532          #totTm
24.204          #lastADTm
11              #itDAD
1.000           #avItADGoal
520             #itADOpt
15              #opt
15              #optDA-AD
5.957           #tmDA
0.0             #relGain

V = [1, 2, 3, 4, 5, 6, 7, 8, 9, 10, 11, 12, 13, 14, 15, 16, 17, 18, 19, 20]
A = [(4, 8), (8, 4), (5, 20), (20, 5), (7, 17), (17, 7), (9, 15), (15, 9), (9, 16), (16, 9), (9, 19), (19, 9), (11, 16), (16, 11), (12, 14), (14, 12), (13, 18), (18, 13)]
Z_dad = [5, 9, 14]
Y_dad = [7, 11, 18]
X_dad = [13]
Z_da-ad = [8, 9, 20]
Y_da-ad = [11, 13, 17]
X_da-ad = [7]
