no              #fail
21.393          #totTm
21.136          #lastADTm
9               #itDAD
1.000           #avItADGoal
639             #itADOpt
16              #opt
16              #optDA-AD
16.687          #tmDA
0.0             #relGain

V = [1, 2, 3, 4, 5, 6, 7, 8, 9, 10, 11, 12, 13, 14, 15, 16, 17, 18, 19, 20]
A = [(1, 10), (10, 1), (2, 8), (8, 2), (2, 14), (14, 2), (8, 19), (19, 8), (10, 20), (20, 10), (11, 17), (17, 11), (12, 13), (13, 12), (13, 19), (19, 13), (19, 20), (20, 19)]
Z_dad = [2, 10, 19]
Y_dad = [1, 11, 13]
X_dad = [12]
Z_da-ad = [2, 10, 19]
Y_da-ad = [1, 11, 13]
X_da-ad = [12]
