no              #fail
23.423          #totTm
22.928          #lastADTm
15              #itDAD
1.000           #avItADGoal
525             #itADOpt
15              #opt
15              #optDA-AD
6.157           #tmDA
0.0             #relGain

V = [1, 2, 3, 4, 5, 6, 7, 8, 9, 10, 11, 12, 13, 14, 15, 16, 17, 18, 19, 20]
A = [(1, 4), (4, 1), (1, 18), (18, 1), (3, 8), (8, 3), (4, 8), (8, 4), (4, 11), (11, 4), (5, 20), (20, 5), (7, 15), (15, 7), (9, 14), (14, 9), (10, 11), (11, 10)]
Z_dad = [4, 15, 18]
Y_dad = [8, 9, 11]
X_dad = [3]
Z_da-ad = [4, 14, 15]
Y_da-ad = [3, 10, 18]
X_da-ad = [1]
