no              #fail
21.034          #totTm
20.632          #lastADTm
12              #itDAD
1.000           #avItADGoal
577             #itADOpt
15              #opt
15              #optDA-AD
7.812           #tmDA
0.0             #relGain

V = [1, 2, 3, 4, 5, 6, 7, 8, 9, 10, 11, 12, 13, 14, 15, 16, 17, 18, 19, 20]
A = [(1, 14), (14, 1), (2, 7), (7, 2), (3, 18), (18, 3), (4, 12), (12, 4), (6, 10), (10, 6), (6, 17), (17, 6), (10, 18), (18, 10), (14, 16), (16, 14), (15, 16), (16, 15)]
Z_dad = [6, 14, 18]
Y_dad = [2, 12, 16]
X_dad = [4]
Z_da-ad = [6, 16, 18]
Y_da-ad = [7, 12, 14]
X_da-ad = [1]
