no              #fail
25.060          #totTm
24.954          #lastADTm
5               #itDAD
1.000           #avItADGoal
681             #itADOpt
17              #opt
17              #optDA-AD
24.505          #tmDA
0.0             #relGain

V = [1, 2, 3, 4, 5, 6, 7, 8, 9, 10, 11, 12, 13, 14, 15, 16, 17, 18, 19, 20]
A = [(2, 7), (7, 2), (3, 4), (4, 3), (3, 8), (8, 3), (3, 9), (9, 3), (6, 7), (7, 6), (6, 17), (17, 6), (6, 18), (18, 6), (7, 9), (9, 7), (8, 12), (12, 8)]
Z_dad = [3, 6, 7]
Y_dad = [1, 2, 20]
X_dad = [8]
Z_da-ad = [3, 6, 7]
Y_da-ad = [1, 2, 20]
X_da-ad = [8]
