no              #fail
5095.846        #totTm
0.864           #lastADTm
8               #itDAD
1.429           #avItADGoal
9               #itADOpt
11              #opt
10              #optDA-AD
3.463           #tmDA
9.1             #relGain

V = [1, 2, 3, 4, 5, 6, 7, 8, 9, 10, 11, 12, 13, 14, 15, 16, 17, 18, 19, 20, 21, 22, 23, 24, 25, 26, 27, 28, 29, 30, 31, 32, 33, 34, 35, 36, 37, 38, 39, 40, 41, 42, 43, 44, 45, 46, 47, 48, 49, 50, 51, 52, 53, 54, 55, 56, 57, 58, 59, 60, 61, 62, 63, 64, 65, 66, 67, 68, 69, 70, 71, 72, 73, 74, 75, 76, 77, 78, 79, 80, 81, 82, 83, 84, 85, 86, 87, 88, 89, 90, 91, 92, 93, 94, 95, 96, 97, 98, 99, 100]
A = [(1, 2), (2, 1), (1, 47), (47, 1), (1, 70), (70, 1), (2, 5), (5, 2), (2, 25), (25, 2), (2, 46), (46, 2), (2, 48), (48, 2), (2, 67), (67, 2), (2, 93), (93, 2), (3, 27), (27, 3), (3, 34), (34, 3), (4, 24), (24, 4), (4, 51), (51, 4), (4, 77), (77, 4), (4, 84), (84, 4), (5, 9), (9, 5), (5, 40), (40, 5), (5, 83), (83, 5), (5, 90), (90, 5), (6, 11), (11, 6), (6, 69), (69, 6), (6, 88), (88, 6), (7, 25), (25, 7), (7, 27), (27, 7), (7, 65), (65, 7), (7, 91), (91, 7), (8, 10), (10, 8), (8, 60), (60, 8), (9, 37), (37, 9), (9, 59), (59, 9), (10, 39), (39, 10), (10, 75), (75, 10), (10, 85), (85, 10), (10, 90), (90, 10), (11, 34), (34, 11), (11, 44), (44, 11), (11, 50), (50, 11), (11, 52), (52, 11), (11, 54), (54, 11), (11, 72), (72, 11), (12, 27), (27, 12), (12, 52), (52, 12), (12, 72), (72, 12), (12, 99), (99, 12), (13, 47), (47, 13), (13, 70), (70, 13), (13, 96), (96, 13), (14, 27), (27, 14), (14, 34), (34, 14), (14, 73), (73, 14), (14, 77), (77, 14), (14, 82), (82, 14), (14, 87), (87, 14), (14, 88), (88, 14), (15, 22), (22, 15), (15, 28), (28, 15), (15, 45), (45, 15), (16, 25), (25, 16), (16, 26), (26, 16), (16, 36), (36, 16), (16, 93), (93, 16), (17, 28), (28, 17), (17, 35), (35, 17), (17, 42), (42, 17), (17, 56), (56, 17), (17, 62), (62, 17), (18, 27), (27, 18), (18, 35), (35, 18), (18, 68), (68, 18), (19, 33), (33, 19), (19, 38), (38, 19), (19, 64), (64, 19), (19, 68), (68, 19), (19, 71), (71, 19), (19, 87), (87, 19), (20, 86), (86, 20), (20, 97), (97, 20), (20, 100), (100, 20), (22, 60), (60, 22), (22, 100), (100, 22), (23, 60), (60, 23), (23, 66), (66, 23), (23, 78), (78, 23), (23, 90), (90, 23), (23, 92), (92, 23), (24, 29), (29, 24), (24, 30), (30, 24), (24, 60), (60, 24), (24, 77), (77, 24), (24, 95), (95, 24), (25, 26), (26, 25), (25, 37), (37, 25), (25, 50), (50, 25), (25, 86), (86, 25), (25, 94), (94, 25), (26, 73), (73, 26), (27, 34), (34, 27), (27, 35), (35, 27), (27, 85), (85, 27), (28, 30), (30, 28), (28, 43), (43, 28), (28, 74), (74, 28), (29, 36), (36, 29), (29, 45), (45, 29), (29, 46), (46, 29), (29, 59), (59, 29), (29, 60), (60, 29), (29, 62), (62, 29), (30, 32), (32, 30), (30, 52), (52, 30), (30, 54), (54, 30), (30, 82), (82, 30), (30, 91), (91, 30), (31, 67), (67, 31), (31, 74), (74, 31), (31, 91), (91, 31), (32, 39), (39, 32), (32, 45), (45, 32), (32, 97), (97, 32), (33, 41), (41, 33), (33, 66), (66, 33), (33, 77), (77, 33), (33, 100), (100, 33), (34, 40), (40, 34), (34, 42), (42, 34), (34, 63), (63, 34), (35, 62), (62, 35), (35, 65), (65, 35), (35, 88), (88, 35), (35, 96), (96, 35), (36, 43), (43, 36), (36, 64), (64, 36), (36, 72), (72, 36), (36, 73), (73, 36), (37, 49), (49, 37), (37, 50), (50, 37), (37, 68), (68, 37), (37, 78), (78, 37), (37, 88), (88, 37), (37, 89), (89, 37), (39, 44), (44, 39), (39, 65), (65, 39), (39, 80), (80, 39), (40, 46), (46, 40), (40, 53), (53, 40), (40, 59), (59, 40), (40, 61), (61, 40), (40, 62), (62, 40), (40, 100), (100, 40), (41, 88), (88, 41), (41, 100), (100, 41), (42, 67), (67, 42), (42, 81), (81, 42), (42, 98), (98, 42), (43, 57), (57, 43), (43, 65), (65, 43), (43, 82), (82, 43), (44, 96), (96, 44), (45, 69), (69, 45), (45, 98), (98, 45), (46, 59), (59, 46), (46, 61), (61, 46), (46, 85), (85, 46), (47, 52), (52, 47), (47, 63), (63, 47), (47, 75), (75, 47), (48, 51), (51, 48), (48, 61), (61, 48), (48, 74), (74, 48), (48, 78), (78, 48), (48, 80), (80, 48), (49, 73), (73, 49), (49, 97), (97, 49), (50, 54), (54, 50), (50, 73), (73, 50), (50, 81), (81, 50), (50, 91), (91, 50), (51, 55), (55, 51), (51, 73), (73, 51), (51, 74), (74, 51), (51, 86), (86, 51), (51, 98), (98, 51), (52, 56), (56, 52), (53, 58), (58, 53), (53, 59), (59, 53), (53, 72), (72, 53), (53, 74), (74, 53), (54, 65), (65, 54), (54, 71), (71, 54), (54, 97), (97, 54), (55, 64), (64, 55), (55, 67), (67, 55), (55, 89), (89, 55), (55, 90), (90, 55), (56, 66), (66, 56), (56, 67), (67, 56), (57, 58), (58, 57), (57, 60), (60, 57), (57, 100), (100, 57), (59, 64), (64, 59), (60, 87), (87, 60), (61, 84), (84, 61), (62, 72), (72, 62), (62, 75), (75, 62), (62, 95), (95, 62), (63, 64), (64, 63), (63, 66), (66, 63), (63, 70), (70, 63), (64, 69), (69, 64), (64, 83), (83, 64), (64, 88), (88, 64), (64, 90), (90, 64), (65, 88), (88, 65), (66, 68), (68, 66), (66, 88), (88, 66), (66, 90), (90, 66), (67, 83), (83, 67), (68, 72), (72, 68), (68, 81), (81, 68), (68, 84), (84, 68), (68, 86), (86, 68), (68, 95), (95, 68), (69, 92), (92, 69), (70, 83), (83, 70), (70, 94), (94, 70), (72, 87), (87, 72), (73, 75), (75, 73), (73, 82), (82, 73), (73, 88), (88, 73), (73, 94), (94, 73), (74, 84), (84, 74), (75, 84), (84, 75), (75, 99), (99, 75), (76, 87), (87, 76), (76, 94), (94, 76), (77, 100), (100, 77), (79, 89), (89, 79), (79, 98), (98, 79), (80, 89), (89, 80), (81, 97), (97, 81), (82, 98), (98, 82), (84, 87), (87, 84), (87, 92), (92, 87), (89, 98), (98, 89), (90, 94), (94, 90), (90, 97), (97, 90), (97, 99), (99, 97)]
Z_dad = [2, 25, 73]
Y_dad = [54]
X_dad = [19, 36, 65]
Z_da-ad = [11, 19, 54]
Y_da-ad = [35]
X_da-ad = [15, 60, 100]
