no              #fail
547.988         #totTm
0.676           #lastADTm
6               #itDAD
1.200           #avItADGoal
6               #itADOpt
11              #opt
11              #optDA-AD
3.909           #tmDA
0.0             #relGain

V = [1, 2, 3, 4, 5, 6, 7, 8, 9, 10, 11, 12, 13, 14, 15, 16, 17, 18, 19, 20, 21, 22, 23, 24, 25, 26, 27, 28, 29, 30, 31, 32, 33, 34, 35, 36, 37, 38, 39, 40, 41, 42, 43, 44, 45, 46, 47, 48, 49, 50, 51, 52, 53, 54, 55, 56, 57, 58, 59, 60, 61, 62, 63, 64, 65, 66, 67, 68, 69, 70, 71, 72, 73, 74, 75, 76, 77, 78, 79, 80, 81, 82, 83, 84, 85, 86, 87, 88, 89, 90, 91, 92, 93, 94, 95, 96, 97, 98, 99, 100]
A = [(1, 6), (6, 1), (1, 20), (20, 1), (1, 47), (47, 1), (1, 57), (57, 1), (1, 86), (86, 1), (1, 98), (98, 1), (2, 34), (34, 2), (2, 36), (36, 2), (2, 80), (80, 2), (2, 99), (99, 2), (3, 28), (28, 3), (3, 54), (54, 3), (3, 58), (58, 3), (4, 9), (9, 4), (4, 26), (26, 4), (4, 64), (64, 4), (4, 71), (71, 4), (4, 80), (80, 4), (4, 93), (93, 4), (5, 16), (16, 5), (5, 17), (17, 5), (5, 39), (39, 5), (5, 61), (61, 5), (5, 64), (64, 5), (5, 69), (69, 5), (5, 73), (73, 5), (5, 81), (81, 5), (5, 93), (93, 5), (6, 17), (17, 6), (6, 38), (38, 6), (6, 96), (96, 6), (7, 17), (17, 7), (7, 21), (21, 7), (7, 56), (56, 7), (7, 71), (71, 7), (7, 72), (72, 7), (7, 74), (74, 7), (7, 80), (80, 7), (7, 81), (81, 7), (7, 99), (99, 7), (8, 64), (64, 8), (9, 28), (28, 9), (9, 41), (41, 9), (9, 57), (57, 9), (9, 98), (98, 9), (9, 100), (100, 9), (10, 57), (57, 10), (10, 58), (58, 10), (10, 78), (78, 10), (10, 79), (79, 10), (10, 95), (95, 10), (11, 62), (62, 11), (11, 68), (68, 11), (11, 70), (70, 11), (12, 24), (24, 12), (12, 59), (59, 12), (12, 65), (65, 12), (12, 91), (91, 12), (13, 16), (16, 13), (13, 83), (83, 13), (13, 96), (96, 13), (14, 23), (23, 14), (14, 38), (38, 14), (14, 58), (58, 14), (14, 76), (76, 14), (14, 87), (87, 14), (14, 92), (92, 14), (15, 45), (45, 15), (15, 58), (58, 15), (15, 66), (66, 15), (15, 69), (69, 15), (15, 71), (71, 15), (15, 75), (75, 15), (15, 97), (97, 15), (16, 44), (44, 16), (16, 59), (59, 16), (16, 64), (64, 16), (16, 99), (99, 16), (17, 20), (20, 17), (17, 75), (75, 17), (17, 81), (81, 17), (18, 23), (23, 18), (18, 39), (39, 18), (18, 43), (43, 18), (18, 89), (89, 18), (19, 28), (28, 19), (19, 36), (36, 19), (19, 53), (53, 19), (19, 54), (54, 19), (19, 57), (57, 19), (19, 61), (61, 19), (19, 64), (64, 19), (19, 80), (80, 19), (20, 82), (82, 20), (20, 83), (83, 20), (20, 87), (87, 20), (20, 95), (95, 20), (21, 46), (46, 21), (21, 51), (51, 21), (21, 100), (100, 21), (22, 31), (31, 22), (22, 74), (74, 22), (22, 75), (75, 22), (22, 87), (87, 22), (23, 100), (100, 23), (24, 49), (49, 24), (24, 71), (71, 24), (24, 73), (73, 24), (24, 100), (100, 24), (25, 30), (30, 25), (25, 49), (49, 25), (25, 61), (61, 25), (25, 65), (65, 25), (26, 44), (44, 26), (26, 59), (59, 26), (26, 79), (79, 26), (26, 86), (86, 26), (27, 32), (32, 27), (27, 35), (35, 27), (27, 51), (51, 27), (27, 80), (80, 27), (27, 84), (84, 27), (28, 42), (42, 28), (28, 59), (59, 28), (28, 63), (63, 28), (28, 92), (92, 28), (29, 66), (66, 29), (29, 83), (83, 29), (30, 39), (39, 30), (30, 76), (76, 30), (31, 35), (35, 31), (31, 45), (45, 31), (31, 46), (46, 31), (31, 48), (48, 31), (32, 38), (38, 32), (32, 67), (67, 32), (32, 69), (69, 32), (32, 75), (75, 32), (32, 91), (91, 32), (33, 34), (34, 33), (33, 50), (50, 33), (33, 57), (57, 33), (33, 59), (59, 33), (33, 60), (60, 33), (34, 58), (58, 34), (35, 69), (69, 35), (35, 82), (82, 35), (36, 69), (69, 36), (36, 89), (89, 36), (37, 48), (48, 37), (37, 67), (67, 37), (37, 94), (94, 37), (38, 47), (47, 38), (38, 100), (100, 38), (39, 96), (96, 39), (40, 56), (56, 40), (40, 74), (74, 40), (41, 44), (44, 41), (41, 79), (79, 41), (41, 90), (90, 41), (41, 97), (97, 41), (41, 99), (99, 41), (42, 49), (49, 42), (42, 53), (53, 42), (42, 74), (74, 42), (43, 71), (71, 43), (43, 91), (91, 43), (45, 49), (49, 45), (45, 82), (82, 45), (46, 95), (95, 46), (47, 56), (56, 47), (47, 63), (63, 47), (47, 65), (65, 47), (47, 74), (74, 47), (47, 83), (83, 47), (48, 73), (73, 48), (48, 100), (100, 48), (49, 54), (54, 49), (49, 61), (61, 49), (49, 69), (69, 49), (49, 79), (79, 49), (50, 71), (71, 50), (50, 80), (80, 50), (50, 83), (83, 50), (51, 72), (72, 51), (51, 85), (85, 51), (51, 99), (99, 51), (52, 63), (63, 52), (53, 62), (62, 53), (53, 83), (83, 53), (54, 72), (72, 54), (55, 58), (58, 55), (55, 74), (74, 55), (55, 75), (75, 55), (55, 83), (83, 55), (57, 60), (60, 57), (58, 62), (62, 58), (58, 66), (66, 58), (58, 72), (72, 58), (58, 80), (80, 58), (58, 100), (100, 58), (59, 60), (60, 59), (59, 68), (68, 59), (59, 82), (82, 59), (59, 88), (88, 59), (59, 94), (94, 59), (60, 88), (88, 60), (61, 89), (89, 61), (62, 72), (72, 62), (63, 65), (65, 63), (63, 75), (75, 63), (63, 83), (83, 63), (63, 93), (93, 63), (64, 80), (80, 64), (64, 90), (90, 64), (65, 84), (84, 65), (66, 85), (85, 66), (67, 88), (88, 67), (67, 89), (89, 67), (67, 97), (97, 67), (68, 83), (83, 68), (68, 85), (85, 68), (69, 83), (83, 69), (69, 91), (91, 69), (71, 85), (85, 71), (71, 100), (100, 71), (72, 79), (79, 72), (72, 91), (91, 72), (73, 98), (98, 73), (74, 76), (76, 74), (74, 98), (98, 74), (75, 99), (99, 75), (76, 84), (84, 76), (77, 100), (100, 77), (78, 79), (79, 78), (78, 86), (86, 78), (78, 97), (97, 78), (79, 82), (82, 79), (80, 86), (86, 80), (81, 87), (87, 81), (81, 97), (97, 81), (82, 90), (90, 82), (86, 99), (99, 86), (87, 98), (98, 87), (88, 93), (93, 88), (93, 95), (95, 93), (95, 96), (96, 95)]
Z_dad = [62, 63, 64]
Y_dad = [59]
X_dad = [34, 68, 100]
Z_da-ad = [11, 63, 64]
Y_da-ad = [79]
X_da-ad = [41, 82, 100]
