no              #fail
342.560         #totTm
1.063           #lastADTm
6               #itDAD
1.400           #avItADGoal
9               #itADOpt
13              #opt
13              #optDA-AD
2.095           #tmDA
0.0             #relGain

V = [1, 2, 3, 4, 5, 6, 7, 8, 9, 10, 11, 12, 13, 14, 15, 16, 17, 18, 19, 20, 21, 22, 23, 24, 25, 26, 27, 28, 29, 30, 31, 32, 33, 34, 35, 36, 37, 38, 39, 40, 41, 42, 43, 44, 45, 46, 47, 48, 49, 50, 51, 52, 53, 54, 55, 56, 57, 58, 59, 60, 61, 62, 63, 64, 65, 66, 67, 68, 69, 70, 71, 72, 73, 74, 75, 76, 77, 78, 79, 80, 81, 82, 83, 84, 85, 86, 87, 88, 89, 90, 91, 92, 93, 94, 95, 96, 97, 98, 99, 100]
A = [(1, 16), (16, 1), (1, 18), (18, 1), (1, 31), (31, 1), (1, 42), (42, 1), (1, 52), (52, 1), (1, 57), (57, 1), (2, 34), (34, 2), (2, 37), (37, 2), (2, 52), (52, 2), (2, 53), (53, 2), (2, 76), (76, 2), (2, 85), (85, 2), (2, 87), (87, 2), (2, 90), (90, 2), (3, 58), (58, 3), (3, 62), (62, 3), (3, 66), (66, 3), (3, 74), (74, 3), (3, 87), (87, 3), (3, 95), (95, 3), (4, 89), (89, 4), (5, 44), (44, 5), (5, 55), (55, 5), (5, 66), (66, 5), (5, 74), (74, 5), (5, 75), (75, 5), (5, 99), (99, 5), (5, 100), (100, 5), (7, 8), (8, 7), (7, 15), (15, 7), (8, 29), (29, 8), (8, 30), (30, 8), (8, 64), (64, 8), (8, 90), (90, 8), (8, 93), (93, 8), (8, 99), (99, 8), (9, 10), (10, 9), (9, 13), (13, 9), (9, 68), (68, 9), (9, 80), (80, 9), (9, 93), (93, 9), (9, 96), (96, 9), (10, 60), (60, 10), (10, 88), (88, 10), (10, 92), (92, 10), (10, 95), (95, 10), (11, 34), (34, 11), (11, 38), (38, 11), (11, 39), (39, 11), (11, 66), (66, 11), (12, 74), (74, 12), (13, 14), (14, 13), (13, 15), (15, 13), (13, 41), (41, 13), (13, 63), (63, 13), (13, 78), (78, 13), (13, 84), (84, 13), (13, 94), (94, 13), (14, 25), (25, 14), (14, 38), (38, 14), (14, 41), (41, 14), (14, 77), (77, 14), (14, 83), (83, 14), (14, 96), (96, 14), (15, 17), (17, 15), (15, 52), (52, 15), (15, 79), (79, 15), (15, 81), (81, 15), (16, 33), (33, 16), (16, 41), (41, 16), (16, 71), (71, 16), (16, 76), (76, 16), (16, 81), (81, 16), (16, 98), (98, 16), (17, 25), (25, 17), (17, 57), (57, 17), (17, 60), (60, 17), (17, 69), (69, 17), (17, 80), (80, 17), (18, 79), (79, 18), (18, 81), (81, 18), (19, 41), (41, 19), (19, 66), (66, 19), (19, 68), (68, 19), (19, 99), (99, 19), (20, 23), (23, 20), (20, 33), (33, 20), (20, 37), (37, 20), (20, 73), (73, 20), (20, 83), (83, 20), (21, 23), (23, 21), (21, 28), (28, 21), (21, 30), (30, 21), (21, 34), (34, 21), (21, 67), (67, 21), (21, 78), (78, 21), (22, 77), (77, 22), (22, 84), (84, 22), (22, 90), (90, 22), (23, 26), (26, 23), (23, 30), (30, 23), (23, 34), (34, 23), (23, 44), (44, 23), (23, 66), (66, 23), (23, 74), (74, 23), (24, 48), (48, 24), (25, 49), (49, 25), (25, 57), (57, 25), (25, 58), (58, 25), (25, 69), (69, 25), (25, 90), (90, 25), (25, 92), (92, 25), (26, 43), (43, 26), (26, 59), (59, 26), (26, 61), (61, 26), (26, 65), (65, 26), (26, 78), (78, 26), (27, 57), (57, 27), (27, 83), (83, 27), (28, 40), (40, 28), (28, 45), (45, 28), (28, 72), (72, 28), (29, 38), (38, 29), (29, 40), (40, 29), (29, 42), (42, 29), (29, 79), (79, 29), (30, 67), (67, 30), (30, 73), (73, 30), (31, 50), (50, 31), (31, 79), (79, 31), (31, 80), (80, 31), (31, 100), (100, 31), (32, 33), (33, 32), (32, 36), (36, 32), (32, 61), (61, 32), (32, 83), (83, 32), (33, 67), (67, 33), (33, 78), (78, 33), (33, 80), (80, 33), (34, 39), (39, 34), (34, 51), (51, 34), (34, 65), (65, 34), (35, 39), (39, 35), (35, 63), (63, 35), (36, 91), (91, 36), (36, 97), (97, 36), (36, 100), (100, 36), (37, 52), (52, 37), (37, 85), (85, 37), (37, 92), (92, 37), (37, 94), (94, 37), (37, 100), (100, 37), (38, 60), (60, 38), (38, 87), (87, 38), (39, 71), (71, 39), (39, 79), (79, 39), (39, 80), (80, 39), (39, 87), (87, 39), (39, 88), (88, 39), (39, 97), (97, 39), (40, 55), (55, 40), (40, 70), (70, 40), (40, 82), (82, 40), (40, 94), (94, 40), (41, 47), (47, 41), (41, 60), (60, 41), (41, 86), (86, 41), (43, 48), (48, 43), (43, 70), (70, 43), (43, 79), (79, 43), (43, 98), (98, 43), (44, 49), (49, 44), (45, 58), (58, 45), (45, 100), (100, 45), (46, 69), (69, 46), (46, 77), (77, 46), (48, 52), (52, 48), (48, 57), (57, 48), (48, 74), (74, 48), (49, 92), (92, 49), (50, 52), (52, 50), (50, 91), (91, 50), (51, 52), (52, 51), (51, 60), (60, 51), (51, 67), (67, 51), (51, 74), (74, 51), (51, 82), (82, 51), (51, 98), (98, 51), (52, 66), (66, 52), (52, 82), (82, 52), (52, 97), (97, 52), (53, 83), (83, 53), (54, 56), (56, 54), (54, 60), (60, 54), (54, 90), (90, 54), (55, 62), (62, 55), (55, 73), (73, 55), (55, 94), (94, 55), (56, 80), (80, 56), (57, 69), (69, 57), (57, 72), (72, 57), (57, 97), (97, 57), (58, 72), (72, 58), (58, 99), (99, 58), (60, 63), (63, 60), (60, 89), (89, 60), (61, 75), (75, 61), (61, 83), (83, 61), (62, 65), (65, 62), (62, 77), (77, 62), (62, 80), (80, 62), (62, 85), (85, 62), (63, 66), (66, 63), (63, 67), (67, 63), (63, 89), (89, 63), (65, 74), (74, 65), (65, 78), (78, 65), (65, 83), (83, 65), (65, 98), (98, 65), (66, 71), (71, 66), (66, 80), (80, 66), (66, 97), (97, 66), (68, 88), (88, 68), (69, 74), (74, 69), (69, 83), (83, 69), (69, 97), (97, 69), (70, 72), (72, 70), (70, 91), (91, 70), (71, 86), (86, 71), (72, 84), (84, 72), (73, 74), (74, 73), (73, 99), (99, 73), (75, 78), (78, 75), (75, 89), (89, 75), (76, 94), (94, 76), (77, 78), (78, 77), (78, 79), (79, 78), (78, 81), (81, 78), (78, 92), (92, 78), (78, 100), (100, 78), (80, 88), (88, 80), (83, 98), (98, 83), (86, 91), (91, 86), (87, 93), (93, 87), (88, 90), (90, 88), (88, 98), (98, 88), (89, 94), (94, 89)]
Z_dad = [8, 15, 41]
Y_dad = [78]
X_dad = [26, 48, 89]
Z_da-ad = [8, 48, 74]
Y_da-ad = [15]
X_da-ad = [26, 41, 89]
