no              #fail
6885.447        #totTm
0.893           #lastADTm
10              #itDAD
2.000           #avItADGoal
10              #itADOpt
13              #opt
11              #optDA-AD
2.606           #tmDA
15.4            #relGain

V = [1, 2, 3, 4, 5, 6, 7, 8, 9, 10, 11, 12, 13, 14, 15, 16, 17, 18, 19, 20, 21, 22, 23, 24, 25, 26, 27, 28, 29, 30, 31, 32, 33, 34, 35, 36, 37, 38, 39, 40, 41, 42, 43, 44, 45, 46, 47, 48, 49, 50, 51, 52, 53, 54, 55, 56, 57, 58, 59, 60, 61, 62, 63, 64, 65, 66, 67, 68, 69, 70, 71, 72, 73, 74, 75, 76, 77, 78, 79, 80, 81, 82, 83, 84, 85, 86, 87, 88, 89, 90, 91, 92, 93, 94, 95, 96, 97, 98, 99, 100]
A = [(1, 3), (3, 1), (1, 8), (8, 1), (1, 22), (22, 1), (1, 36), (36, 1), (1, 47), (47, 1), (1, 52), (52, 1), (1, 62), (62, 1), (2, 17), (17, 2), (2, 32), (32, 2), (2, 37), (37, 2), (2, 44), (44, 2), (2, 46), (46, 2), (2, 67), (67, 2), (2, 77), (77, 2), (2, 84), (84, 2), (2, 94), (94, 2), (2, 96), (96, 2), (3, 16), (16, 3), (3, 66), (66, 3), (3, 70), (70, 3), (3, 83), (83, 3), (3, 100), (100, 3), (4, 8), (8, 4), (4, 25), (25, 4), (4, 35), (35, 4), (4, 51), (51, 4), (4, 66), (66, 4), (4, 71), (71, 4), (4, 77), (77, 4), (4, 89), (89, 4), (5, 16), (16, 5), (5, 30), (30, 5), (5, 40), (40, 5), (5, 45), (45, 5), (5, 59), (59, 5), (5, 63), (63, 5), (5, 91), (91, 5), (6, 13), (13, 6), (6, 16), (16, 6), (6, 28), (28, 6), (6, 42), (42, 6), (6, 54), (54, 6), (7, 73), (73, 7), (7, 78), (78, 7), (7, 98), (98, 7), (8, 50), (50, 8), (8, 64), (64, 8), (8, 75), (75, 8), (8, 83), (83, 8), (9, 16), (16, 9), (9, 59), (59, 9), (9, 77), (77, 9), (9, 80), (80, 9), (9, 87), (87, 9), (10, 25), (25, 10), (10, 66), (66, 10), (10, 72), (72, 10), (10, 78), (78, 10), (10, 88), (88, 10), (11, 12), (12, 11), (11, 35), (35, 11), (11, 49), (49, 11), (11, 70), (70, 11), (12, 19), (19, 12), (12, 62), (62, 12), (12, 72), (72, 12), (12, 85), (85, 12), (13, 36), (36, 13), (13, 42), (42, 13), (13, 49), (49, 13), (14, 37), (37, 14), (14, 56), (56, 14), (14, 63), (63, 14), (14, 73), (73, 14), (14, 100), (100, 14), (15, 16), (16, 15), (15, 28), (28, 15), (15, 36), (36, 15), (15, 44), (44, 15), (15, 47), (47, 15), (16, 19), (19, 16), (16, 24), (24, 16), (16, 53), (53, 16), (16, 84), (84, 16), (17, 78), (78, 17), (17, 81), (81, 17), (17, 82), (82, 17), (18, 61), (61, 18), (18, 80), (80, 18), (18, 92), (92, 18), (19, 22), (22, 19), (19, 48), (48, 19), (19, 54), (54, 19), (19, 55), (55, 19), (19, 63), (63, 19), (19, 84), (84, 19), (19, 98), (98, 19), (20, 24), (24, 20), (20, 42), (42, 20), (20, 54), (54, 20), (20, 55), (55, 20), (20, 74), (74, 20), (22, 33), (33, 22), (22, 38), (38, 22), (22, 52), (52, 22), (22, 62), (62, 22), (22, 68), (68, 22), (23, 44), (44, 23), (24, 32), (32, 24), (24, 69), (69, 24), (24, 74), (74, 24), (24, 100), (100, 24), (25, 34), (34, 25), (25, 35), (35, 25), (25, 43), (43, 25), (25, 75), (75, 25), (25, 97), (97, 25), (25, 99), (99, 25), (26, 46), (46, 26), (26, 51), (51, 26), (26, 66), (66, 26), (26, 80), (80, 26), (26, 96), (96, 26), (27, 71), (71, 27), (27, 77), (77, 27), (27, 81), (81, 27), (28, 73), (73, 28), (28, 90), (90, 28), (28, 93), (93, 28), (29, 74), (74, 29), (29, 83), (83, 29), (29, 90), (90, 29), (30, 43), (43, 30), (30, 51), (51, 30), (30, 63), (63, 30), (30, 65), (65, 30), (30, 73), (73, 30), (31, 39), (39, 31), (31, 65), (65, 31), (31, 70), (70, 31), (31, 72), (72, 31), (31, 95), (95, 31), (32, 38), (38, 32), (32, 79), (79, 32), (33, 45), (45, 33), (33, 81), (81, 33), (33, 87), (87, 33), (35, 38), (38, 35), (35, 47), (47, 35), (35, 63), (63, 35), (35, 83), (83, 35), (36, 57), (57, 36), (37, 53), (53, 37), (37, 78), (78, 37), (38, 44), (44, 38), (38, 50), (50, 38), (38, 58), (58, 38), (38, 61), (61, 38), (38, 76), (76, 38), (38, 97), (97, 38), (39, 59), (59, 39), (40, 75), (75, 40), (40, 88), (88, 40), (40, 91), (91, 40), (40, 100), (100, 40), (41, 69), (69, 41), (41, 95), (95, 41), (42, 50), (50, 42), (42, 68), (68, 42), (42, 85), (85, 42), (42, 94), (94, 42), (43, 50), (50, 43), (43, 66), (66, 43), (44, 52), (52, 44), (44, 66), (66, 44), (44, 78), (78, 44), (44, 88), (88, 44), (45, 49), (49, 45), (45, 53), (53, 45), (45, 82), (82, 45), (45, 87), (87, 45), (46, 69), (69, 46), (46, 70), (70, 46), (46, 74), (74, 46), (46, 77), (77, 46), (46, 82), (82, 46), (47, 59), (59, 47), (47, 74), (74, 47), (48, 53), (53, 48), (48, 98), (98, 48), (49, 59), (59, 49), (49, 71), (71, 49), (49, 88), (88, 49), (50, 97), (97, 50), (51, 81), (81, 51), (51, 95), (95, 51), (52, 60), (60, 52), (52, 93), (93, 52), (52, 94), (94, 52), (53, 76), (76, 53), (54, 75), (75, 54), (54, 89), (89, 54), (55, 64), (64, 55), (55, 91), (91, 55), (55, 92), (92, 55), (56, 69), (69, 56), (56, 82), (82, 56), (56, 83), (83, 56), (56, 91), (91, 56), (57, 59), (59, 57), (57, 63), (63, 57), (57, 71), (71, 57), (57, 97), (97, 57), (58, 60), (60, 58), (59, 76), (76, 59), (59, 100), (100, 59), (60, 67), (67, 60), (60, 85), (85, 60), (60, 95), (95, 60), (61, 71), (71, 61), (61, 79), (79, 61), (62, 81), (81, 62), (63, 76), (76, 63), (63, 88), (88, 63), (63, 97), (97, 63), (65, 72), (72, 65), (66, 81), (81, 66), (66, 89), (89, 66), (67, 90), (90, 67), (68, 72), (72, 68), (68, 93), (93, 68), (68, 95), (95, 68), (69, 81), (81, 69), (69, 97), (97, 69), (70, 81), (81, 70), (73, 96), (96, 73), (75, 97), (97, 75), (77, 78), (78, 77), (77, 90), (90, 77), (77, 98), (98, 77), (79, 90), (90, 79), (79, 99), (99, 79), (83, 97), (97, 83), (85, 98), (98, 85), (87, 97), (97, 87), (88, 96), (96, 88), (89, 99), (99, 89)]
Z_dad = [44, 55, 61]
Y_dad = [2]
X_dad = [8, 9, 26]
Z_da-ad = [1, 25, 44]
Y_da-ad = [55]
X_da-ad = [19, 31, 59]
