no              #fail
2408.832        #totTm
0.831           #lastADTm
9               #itDAD
2.000           #avItADGoal
8               #itADOpt
11              #opt
10              #optDA-AD
3.307           #tmDA
9.1             #relGain

V = [1, 2, 3, 4, 5, 6, 7, 8, 9, 10, 11, 12, 13, 14, 15, 16, 17, 18, 19, 20, 21, 22, 23, 24, 25, 26, 27, 28, 29, 30, 31, 32, 33, 34, 35, 36, 37, 38, 39, 40, 41, 42, 43, 44, 45, 46, 47, 48, 49, 50, 51, 52, 53, 54, 55, 56, 57, 58, 59, 60, 61, 62, 63, 64, 65, 66, 67, 68, 69, 70, 71, 72, 73, 74, 75, 76, 77, 78, 79, 80, 81, 82, 83, 84, 85, 86, 87, 88, 89, 90, 91, 92, 93, 94, 95, 96, 97, 98, 99, 100]
A = [(1, 19), (19, 1), (1, 37), (37, 1), (1, 40), (40, 1), (1, 56), (56, 1), (1, 71), (71, 1), (2, 11), (11, 2), (2, 51), (51, 2), (3, 8), (8, 3), (3, 83), (83, 3), (3, 87), (87, 3), (3, 99), (99, 3), (4, 56), (56, 4), (4, 66), (66, 4), (4, 90), (90, 4), (5, 26), (26, 5), (5, 33), (33, 5), (5, 36), (36, 5), (5, 39), (39, 5), (5, 49), (49, 5), (5, 88), (88, 5), (5, 92), (92, 5), (6, 15), (15, 6), (6, 16), (16, 6), (6, 46), (46, 6), (6, 55), (55, 6), (6, 71), (71, 6), (7, 16), (16, 7), (7, 26), (26, 7), (7, 74), (74, 7), (7, 93), (93, 7), (8, 19), (19, 8), (8, 40), (40, 8), (8, 53), (53, 8), (8, 60), (60, 8), (8, 78), (78, 8), (9, 50), (50, 9), (9, 62), (62, 9), (9, 97), (97, 9), (10, 13), (13, 10), (10, 42), (42, 10), (10, 71), (71, 10), (10, 82), (82, 10), (11, 12), (12, 11), (11, 21), (21, 11), (11, 25), (25, 11), (11, 32), (32, 11), (11, 34), (34, 11), (11, 44), (44, 11), (11, 59), (59, 11), (11, 71), (71, 11), (11, 81), (81, 11), (11, 86), (86, 11), (12, 20), (20, 12), (12, 35), (35, 12), (12, 79), (79, 12), (13, 18), (18, 13), (13, 46), (46, 13), (13, 50), (50, 13), (13, 51), (51, 13), (13, 55), (55, 13), (13, 69), (69, 13), (13, 99), (99, 13), (14, 65), (65, 14), (14, 98), (98, 14), (15, 59), (59, 15), (16, 27), (27, 16), (16, 29), (29, 16), (16, 51), (51, 16), (16, 74), (74, 16), (16, 77), (77, 16), (16, 86), (86, 16), (17, 50), (50, 17), (17, 67), (67, 17), (18, 26), (26, 18), (18, 49), (49, 18), (18, 68), (68, 18), (18, 94), (94, 18), (19, 20), (20, 19), (19, 50), (50, 19), (19, 57), (57, 19), (19, 71), (71, 19), (19, 78), (78, 19), (19, 100), (100, 19), (20, 37), (37, 20), (20, 63), (63, 20), (21, 43), (43, 21), (21, 88), (88, 21), (22, 64), (64, 22), (22, 81), (81, 22), (23, 48), (48, 23), (23, 86), (86, 23), (24, 38), (38, 24), (24, 77), (77, 24), (24, 83), (83, 24), (24, 94), (94, 24), (25, 37), (37, 25), (25, 54), (54, 25), (25, 72), (72, 25), (25, 74), (74, 25), (25, 76), (76, 25), (25, 85), (85, 25), (26, 67), (67, 26), (26, 75), (75, 26), (26, 95), (95, 26), (27, 35), (35, 27), (27, 45), (45, 27), (27, 67), (67, 27), (27, 72), (72, 27), (27, 73), (73, 27), (27, 74), (74, 27), (28, 44), (44, 28), (28, 55), (55, 28), (28, 66), (66, 28), (28, 79), (79, 28), (29, 83), (83, 29), (29, 84), (84, 29), (29, 91), (91, 29), (30, 62), (62, 30), (30, 96), (96, 30), (31, 71), (71, 31), (31, 78), (78, 31), (31, 80), (80, 31), (31, 99), (99, 31), (32, 43), (43, 32), (33, 58), (58, 33), (33, 70), (70, 33), (34, 41), (41, 34), (34, 54), (54, 34), (34, 65), (65, 34), (34, 66), (66, 34), (34, 67), (67, 34), (34, 76), (76, 34), (35, 46), (46, 35), (35, 54), (54, 35), (35, 97), (97, 35), (36, 58), (58, 36), (36, 62), (62, 36), (36, 64), (64, 36), (36, 84), (84, 36), (36, 99), (99, 36), (37, 84), (84, 37), (37, 100), (100, 37), (38, 58), (58, 38), (38, 61), (61, 38), (38, 66), (66, 38), (38, 88), (88, 38), (39, 44), (44, 39), (39, 53), (53, 39), (39, 71), (71, 39), (39, 78), (78, 39), (40, 42), (42, 40), (40, 75), (75, 40), (40, 78), (78, 40), (41, 71), (71, 41), (41, 91), (91, 41), (42, 47), (47, 42), (42, 48), (48, 42), (42, 56), (56, 42), (42, 81), (81, 42), (43, 60), (60, 43), (43, 62), (62, 43), (43, 74), (74, 43), (43, 89), (89, 43), (43, 97), (97, 43), (44, 78), (78, 44), (44, 80), (80, 44), (44, 89), (89, 44), (45, 52), (52, 45), (45, 70), (70, 45), (45, 77), (77, 45), (45, 90), (90, 45), (46, 58), (58, 46), (46, 60), (60, 46), (46, 76), (76, 46), (46, 90), (90, 46), (47, 54), (54, 47), (47, 58), (58, 47), (47, 66), (66, 47), (48, 49), (49, 48), (48, 56), (56, 48), (48, 63), (63, 48), (48, 74), (74, 48), (49, 58), (58, 49), (50, 58), (58, 50), (50, 66), (66, 50), (51, 56), (56, 51), (51, 66), (66, 51), (51, 70), (70, 51), (51, 74), (74, 51), (51, 80), (80, 51), (52, 54), (54, 52), (52, 91), (91, 52), (54, 94), (94, 54), (55, 61), (61, 55), (55, 67), (67, 55), (56, 62), (62, 56), (56, 84), (84, 56), (56, 88), (88, 56), (57, 66), (66, 57), (57, 70), (70, 57), (57, 93), (93, 57), (58, 61), (61, 58), (58, 94), (94, 58), (59, 71), (71, 59), (59, 76), (76, 59), (59, 85), (85, 59), (60, 91), (91, 60), (61, 93), (93, 61), (62, 73), (73, 62), (63, 98), (98, 63), (64, 84), (84, 64), (65, 76), (76, 65), (65, 87), (87, 65), (68, 70), (70, 68), (68, 77), (77, 68), (68, 82), (82, 68), (68, 85), (85, 68), (68, 87), (87, 68), (68, 89), (89, 68), (68, 90), (90, 68), (68, 100), (100, 68), (69, 75), (75, 69), (70, 79), (79, 70), (70, 98), (98, 70), (70, 100), (100, 70), (71, 86), (86, 71), (72, 89), (89, 72), (75, 89), (89, 75), (75, 91), (91, 75), (75, 94), (94, 75), (75, 99), (99, 75), (76, 93), (93, 76), (76, 95), (95, 76), (77, 87), (87, 77), (79, 97), (97, 79), (80, 86), (86, 80), (83, 88), (88, 83), (84, 96), (96, 84), (85, 97), (97, 85), (85, 99), (99, 85), (86, 89), (89, 86), (86, 97), (97, 86), (89, 96), (96, 89), (89, 100), (100, 89), (90, 96), (96, 90), (93, 96), (96, 93), (94, 95), (95, 94)]
Z_dad = [11, 42, 51]
Y_dad = [58]
X_dad = [5, 43, 64]
Z_da-ad = [27, 62, 96]
Y_da-ad = [43]
X_da-ad = [5, 50, 97]
