no              #fail
295.219         #totTm
0.679           #lastADTm
5               #itDAD
1.000           #avItADGoal
6               #itADOpt
11              #opt
11              #optDA-AD
3.36            #tmDA
0.0             #relGain

V = [1, 2, 3, 4, 5, 6, 7, 8, 9, 10, 11, 12, 13, 14, 15, 16, 17, 18, 19, 20, 21, 22, 23, 24, 25, 26, 27, 28, 29, 30, 31, 32, 33, 34, 35, 36, 37, 38, 39, 40, 41, 42, 43, 44, 45, 46, 47, 48, 49, 50, 51, 52, 53, 54, 55, 56, 57, 58, 59, 60, 61, 62, 63, 64, 65, 66, 67, 68, 69, 70, 71, 72, 73, 74, 75, 76, 77, 78, 79, 80, 81, 82, 83, 84, 85, 86, 87, 88, 89, 90, 91, 92, 93, 94, 95, 96, 97, 98, 99, 100]
A = [(1, 5), (5, 1), (1, 31), (31, 1), (1, 53), (53, 1), (1, 63), (63, 1), (1, 73), (73, 1), (1, 94), (94, 1), (1, 97), (97, 1), (2, 28), (28, 2), (2, 64), (64, 2), (2, 69), (69, 2), (2, 83), (83, 2), (2, 89), (89, 2), (3, 23), (23, 3), (3, 35), (35, 3), (3, 66), (66, 3), (3, 71), (71, 3), (3, 86), (86, 3), (3, 92), (92, 3), (4, 41), (41, 4), (4, 42), (42, 4), (4, 47), (47, 4), (4, 87), (87, 4), (5, 28), (28, 5), (5, 56), (56, 5), (5, 58), (58, 5), (5, 89), (89, 5), (6, 14), (14, 6), (6, 51), (51, 6), (6, 88), (88, 6), (7, 67), (67, 7), (7, 88), (88, 7), (7, 94), (94, 7), (8, 29), (29, 8), (8, 70), (70, 8), (8, 83), (83, 8), (9, 26), (26, 9), (9, 39), (39, 9), (10, 95), (95, 10), (11, 22), (22, 11), (11, 33), (33, 11), (11, 55), (55, 11), (11, 84), (84, 11), (11, 98), (98, 11), (12, 27), (27, 12), (12, 78), (78, 12), (12, 86), (86, 12), (13, 43), (43, 13), (13, 50), (50, 13), (13, 59), (59, 13), (14, 34), (34, 14), (14, 65), (65, 14), (15, 22), (22, 15), (15, 29), (29, 15), (15, 32), (32, 15), (15, 46), (46, 15), (15, 75), (75, 15), (15, 88), (88, 15), (16, 18), (18, 16), (16, 22), (22, 16), (16, 44), (44, 16), (16, 74), (74, 16), (17, 29), (29, 17), (17, 39), (39, 17), (17, 41), (41, 17), (17, 51), (51, 17), (17, 74), (74, 17), (17, 81), (81, 17), (17, 89), (89, 17), (17, 96), (96, 17), (18, 42), (42, 18), (18, 50), (50, 18), (18, 51), (51, 18), (18, 92), (92, 18), (19, 48), (48, 19), (19, 63), (63, 19), (19, 75), (75, 19), (20, 23), (23, 20), (20, 45), (45, 20), (20, 61), (61, 20), (20, 89), (89, 20), (20, 96), (96, 20), (21, 28), (28, 21), (21, 30), (30, 21), (21, 44), (44, 21), (21, 64), (64, 21), (22, 38), (38, 22), (22, 47), (47, 22), (22, 65), (65, 22), (22, 75), (75, 22), (22, 76), (76, 22), (22, 78), (78, 22), (22, 82), (82, 22), (22, 97), (97, 22), (24, 32), (32, 24), (24, 34), (34, 24), (24, 75), (75, 24), (25, 37), (37, 25), (25, 69), (69, 25), (25, 99), (99, 25), (26, 34), (34, 26), (26, 52), (52, 26), (26, 61), (61, 26), (26, 68), (68, 26), (26, 70), (70, 26), (26, 88), (88, 26), (27, 51), (51, 27), (27, 56), (56, 27), (27, 70), (70, 27), (27, 72), (72, 27), (28, 39), (39, 28), (28, 45), (45, 28), (28, 53), (53, 28), (28, 83), (83, 28), (28, 98), (98, 28), (28, 99), (99, 28), (29, 60), (60, 29), (29, 62), (62, 29), (29, 96), (96, 29), (29, 97), (97, 29), (30, 31), (31, 30), (30, 69), (69, 30), (30, 97), (97, 30), (30, 100), (100, 30), (31, 34), (34, 31), (31, 36), (36, 31), (31, 37), (37, 31), (31, 52), (52, 31), (31, 55), (55, 31), (32, 59), (59, 32), (32, 87), (87, 32), (32, 89), (89, 32), (33, 39), (39, 33), (33, 70), (70, 33), (33, 81), (81, 33), (33, 93), (93, 33), (33, 96), (96, 33), (33, 97), (97, 33), (34, 60), (60, 34), (34, 67), (67, 34), (34, 89), (89, 34), (34, 99), (99, 34), (35, 36), (36, 35), (35, 39), (39, 35), (35, 51), (51, 35), (35, 65), (65, 35), (35, 90), (90, 35), (36, 71), (71, 36), (36, 76), (76, 36), (37, 63), (63, 37), (37, 98), (98, 37), (38, 54), (54, 38), (38, 59), (59, 38), (38, 77), (77, 38), (38, 78), (78, 38), (38, 79), (79, 38), (38, 81), (81, 38), (38, 83), (83, 38), (38, 90), (90, 38), (39, 54), (54, 39), (40, 44), (44, 40), (40, 57), (57, 40), (40, 79), (79, 40), (40, 92), (92, 40), (40, 95), (95, 40), (40, 96), (96, 40), (41, 68), (68, 41), (41, 73), (73, 41), (42, 73), (73, 42), (43, 57), (57, 43), (43, 99), (99, 43), (44, 51), (51, 44), (44, 97), (97, 44), (45, 51), (51, 45), (45, 52), (52, 45), (45, 80), (80, 45), (45, 94), (94, 45), (46, 68), (68, 46), (46, 71), (71, 46), (47, 52), (52, 47), (47, 53), (53, 47), (47, 61), (61, 47), (47, 89), (89, 47), (48, 66), (66, 48), (48, 76), (76, 48), (48, 77), (77, 48), (48, 91), (91, 48), (49, 61), (61, 49), (49, 98), (98, 49), (51, 57), (57, 51), (51, 61), (61, 51), (51, 97), (97, 51), (52, 62), (62, 52), (52, 81), (81, 52), (52, 83), (83, 52), (53, 57), (57, 53), (53, 65), (65, 53), (55, 63), (63, 55), (55, 69), (69, 55), (55, 89), (89, 55), (56, 74), (74, 56), (57, 69), (69, 57), (57, 84), (84, 57), (58, 86), (86, 58), (59, 61), (61, 59), (59, 63), (63, 59), (59, 68), (68, 59), (59, 76), (76, 59), (59, 80), (80, 59), (59, 91), (91, 59), (60, 72), (72, 60), (61, 91), (91, 61), (61, 97), (97, 61), (62, 65), (65, 62), (62, 89), (89, 62), (63, 92), (92, 63), (64, 79), (79, 64), (64, 89), (89, 64), (65, 74), (74, 65), (65, 75), (75, 65), (65, 95), (95, 65), (66, 70), (70, 66), (66, 89), (89, 66), (67, 72), (72, 67), (67, 82), (82, 67), (68, 99), (99, 68), (69, 78), (78, 69), (69, 80), (80, 69), (69, 90), (90, 69), (69, 98), (98, 69), (70, 95), (95, 70), (71, 83), (83, 71), (71, 87), (87, 71), (71, 89), (89, 71), (72, 80), (80, 72), (73, 74), (74, 73), (73, 75), (75, 73), (73, 91), (91, 73), (74, 96), (96, 74), (75, 84), (84, 75), (75, 90), (90, 75), (80, 81), (81, 80), (81, 85), (85, 81), (84, 91), (91, 84), (84, 92), (92, 84), (88, 100), (100, 88), (89, 98), (98, 89), (90, 97), (97, 90)]
Z_dad = [33, 81, 95]
Y_dad = [89]
X_dad = [38, 39, 48]
Z_da-ad = [33, 81, 95]
Y_da-ad = [39]
X_da-ad = [18, 43, 59]
