no              #fail
2146.045        #totTm
0.744           #lastADTm
9               #itDAD
1.750           #avItADGoal
8               #itADOpt
12              #opt
12              #optDA-AD
4.49            #tmDA
0.0             #relGain

V = [1, 2, 3, 4, 5, 6, 7, 8, 9, 10, 11, 12, 13, 14, 15, 16, 17, 18, 19, 20, 21, 22, 23, 24, 25, 26, 27, 28, 29, 30, 31, 32, 33, 34, 35, 36, 37, 38, 39, 40, 41, 42, 43, 44, 45, 46, 47, 48, 49, 50, 51, 52, 53, 54, 55, 56, 57, 58, 59, 60, 61, 62, 63, 64, 65, 66, 67, 68, 69, 70, 71, 72, 73, 74, 75, 76, 77, 78, 79, 80, 81, 82, 83, 84, 85, 86, 87, 88, 89, 90, 91, 92, 93, 94, 95, 96, 97, 98, 99, 100]
A = [(1, 14), (14, 1), (1, 54), (54, 1), (1, 58), (58, 1), (1, 61), (61, 1), (1, 88), (88, 1), (2, 18), (18, 2), (2, 31), (31, 2), (2, 36), (36, 2), (2, 48), (48, 2), (2, 77), (77, 2), (2, 79), (79, 2), (3, 16), (16, 3), (3, 23), (23, 3), (3, 33), (33, 3), (3, 46), (46, 3), (3, 65), (65, 3), (3, 84), (84, 3), (3, 91), (91, 3), (4, 11), (11, 4), (4, 74), (74, 4), (4, 76), (76, 4), (4, 77), (77, 4), (5, 16), (16, 5), (5, 34), (34, 5), (5, 67), (67, 5), (5, 70), (70, 5), (5, 80), (80, 5), (5, 82), (82, 5), (6, 37), (37, 6), (6, 53), (53, 6), (6, 77), (77, 6), (7, 15), (15, 7), (7, 34), (34, 7), (7, 51), (51, 7), (7, 63), (63, 7), (7, 87), (87, 7), (7, 94), (94, 7), (8, 19), (19, 8), (8, 26), (26, 8), (8, 57), (57, 8), (8, 61), (61, 8), (8, 65), (65, 8), (8, 87), (87, 8), (8, 96), (96, 8), (9, 40), (40, 9), (9, 80), (80, 9), (9, 90), (90, 9), (9, 96), (96, 9), (9, 97), (97, 9), (10, 13), (13, 10), (10, 14), (14, 10), (10, 19), (19, 10), (10, 42), (42, 10), (10, 48), (48, 10), (10, 56), (56, 10), (10, 83), (83, 10), (10, 95), (95, 10), (11, 30), (30, 11), (11, 96), (96, 11), (11, 97), (97, 11), (12, 49), (49, 12), (12, 68), (68, 12), (12, 91), (91, 12), (13, 39), (39, 13), (13, 65), (65, 13), (13, 75), (75, 13), (13, 80), (80, 13), (13, 92), (92, 13), (14, 23), (23, 14), (14, 42), (42, 14), (14, 55), (55, 14), (14, 78), (78, 14), (14, 96), (96, 14), (15, 19), (19, 15), (15, 32), (32, 15), (15, 35), (35, 15), (15, 36), (36, 15), (15, 39), (39, 15), (15, 41), (41, 15), (15, 65), (65, 15), (15, 71), (71, 15), (15, 75), (75, 15), (16, 50), (50, 16), (16, 51), (51, 16), (16, 62), (62, 16), (16, 76), (76, 16), (16, 81), (81, 16), (16, 85), (85, 16), (16, 86), (86, 16), (16, 95), (95, 16), (17, 20), (20, 17), (17, 23), (23, 17), (17, 60), (60, 17), (17, 79), (79, 17), (17, 84), (84, 17), (17, 90), (90, 17), (17, 91), (91, 17), (17, 99), (99, 17), (19, 24), (24, 19), (19, 44), (44, 19), (19, 61), (61, 19), (20, 30), (30, 20), (20, 35), (35, 20), (20, 61), (61, 20), (20, 99), (99, 20), (21, 42), (42, 21), (21, 67), (67, 21), (21, 94), (94, 21), (22, 40), (40, 22), (22, 57), (57, 22), (22, 58), (58, 22), (22, 59), (59, 22), (22, 64), (64, 22), (22, 91), (91, 22), (23, 48), (48, 23), (23, 49), (49, 23), (23, 52), (52, 23), (23, 81), (81, 23), (23, 93), (93, 23), (25, 27), (27, 25), (25, 45), (45, 25), (25, 73), (73, 25), (25, 79), (79, 25), (25, 89), (89, 25), (26, 27), (27, 26), (26, 34), (34, 26), (26, 36), (36, 26), (26, 52), (52, 26), (26, 87), (87, 26), (26, 99), (99, 26), (27, 42), (42, 27), (27, 56), (56, 27), (27, 63), (63, 27), (27, 72), (72, 27), (28, 38), (38, 28), (28, 42), (42, 28), (28, 54), (54, 28), (28, 71), (71, 28), (29, 80), (80, 29), (29, 84), (84, 29), (30, 76), (76, 30), (31, 38), (38, 31), (31, 50), (50, 31), (31, 62), (62, 31), (31, 87), (87, 31), (31, 91), (91, 31), (32, 43), (43, 32), (32, 86), (86, 32), (32, 96), (96, 32), (32, 99), (99, 32), (33, 49), (49, 33), (33, 51), (51, 33), (33, 70), (70, 33), (34, 37), (37, 34), (34, 52), (52, 34), (34, 65), (65, 34), (34, 84), (84, 34), (35, 38), (38, 35), (35, 48), (48, 35), (35, 87), (87, 35), (36, 44), (44, 36), (36, 52), (52, 36), (36, 55), (55, 36), (36, 80), (80, 36), (37, 50), (50, 37), (37, 55), (55, 37), (37, 71), (71, 37), (37, 76), (76, 37), (37, 94), (94, 37), (37, 100), (100, 37), (38, 57), (57, 38), (39, 59), (59, 39), (39, 89), (89, 39), (39, 90), (90, 39), (39, 91), (91, 39), (40, 96), (96, 40), (40, 97), (97, 40), (41, 79), (79, 41), (41, 93), (93, 41), (42, 71), (71, 42), (42, 80), (80, 42), (43, 83), (83, 43), (44, 52), (52, 44), (44, 58), (58, 44), (44, 68), (68, 44), (44, 85), (85, 44), (45, 54), (54, 45), (45, 86), (86, 45), (46, 56), (56, 46), (46, 57), (57, 46), (46, 63), (63, 46), (46, 96), (96, 46), (47, 48), (48, 47), (49, 59), (59, 49), (49, 81), (81, 49), (49, 91), (91, 49), (49, 100), (100, 49), (50, 79), (79, 50), (51, 63), (63, 51), (51, 100), (100, 51), (52, 60), (60, 52), (54, 58), (58, 54), (54, 72), (72, 54), (54, 76), (76, 54), (54, 91), (91, 54), (55, 61), (61, 55), (55, 64), (64, 55), (55, 76), (76, 55), (56, 59), (59, 56), (56, 76), (76, 56), (58, 70), (70, 58), (58, 87), (87, 58), (58, 97), (97, 58), (59, 86), (86, 59), (59, 93), (93, 59), (60, 61), (61, 60), (60, 68), (68, 60), (60, 85), (85, 60), (60, 97), (97, 60), (62, 68), (68, 62), (62, 96), (96, 62), (63, 86), (86, 63), (63, 91), (91, 63), (64, 68), (68, 64), (64, 69), (69, 64), (65, 77), (77, 65), (65, 80), (80, 65), (66, 97), (97, 66), (67, 69), (69, 67), (68, 94), (94, 68), (68, 99), (99, 68), (69, 83), (83, 69), (70, 71), (71, 70), (70, 79), (79, 70), (71, 79), (79, 71), (71, 89), (89, 71), (73, 88), (88, 73), (76, 92), (92, 76), (77, 91), (91, 77), (78, 84), (84, 78), (79, 83), (83, 79), (81, 88), (88, 81), (82, 85), (85, 82), (83, 97), (97, 83), (90, 99), (99, 90), (93, 97), (97, 93), (94, 98), (98, 94)]
Z_dad = [76, 77, 97]
Y_dad = [96]
X_dad = [11, 37, 48]
Z_da-ad = [4, 6, 48]
Y_da-ad = [94]
X_da-ad = [2, 19, 97]
