no              #fail
63.398          #totTm
0.777           #lastADTm
5               #itDAD
1.000           #avItADGoal
6               #itADOpt
11              #opt
11              #optDA-AD
2.534           #tmDA
0.0             #relGain

V = [1, 2, 3, 4, 5, 6, 7, 8, 9, 10, 11, 12, 13, 14, 15, 16, 17, 18, 19, 20, 21, 22, 23, 24, 25, 26, 27, 28, 29, 30, 31, 32, 33, 34, 35, 36, 37, 38, 39, 40, 41, 42, 43, 44, 45, 46, 47, 48, 49, 50, 51, 52, 53, 54, 55, 56, 57, 58, 59, 60, 61, 62, 63, 64, 65, 66, 67, 68, 69, 70, 71, 72, 73, 74, 75, 76, 77, 78, 79, 80, 81, 82, 83, 84, 85, 86, 87, 88, 89, 90, 91, 92, 93, 94, 95, 96, 97, 98, 99, 100]
A = [(1, 17), (17, 1), (1, 29), (29, 1), (1, 38), (38, 1), (1, 40), (40, 1), (1, 49), (49, 1), (1, 50), (50, 1), (1, 56), (56, 1), (1, 58), (58, 1), (1, 60), (60, 1), (2, 5), (5, 2), (2, 22), (22, 2), (2, 26), (26, 2), (2, 31), (31, 2), (2, 71), (71, 2), (3, 34), (34, 3), (3, 49), (49, 3), (3, 71), (71, 3), (3, 85), (85, 3), (4, 7), (7, 4), (4, 15), (15, 4), (4, 18), (18, 4), (4, 20), (20, 4), (4, 28), (28, 4), (4, 38), (38, 4), (4, 48), (48, 4), (4, 84), (84, 4), (5, 11), (11, 5), (5, 21), (21, 5), (5, 73), (73, 5), (5, 91), (91, 5), (6, 31), (31, 6), (6, 33), (33, 6), (6, 77), (77, 6), (6, 78), (78, 6), (6, 92), (92, 6), (7, 17), (17, 7), (7, 38), (38, 7), (7, 45), (45, 7), (7, 48), (48, 7), (7, 94), (94, 7), (8, 30), (30, 8), (8, 62), (62, 8), (9, 10), (10, 9), (9, 21), (21, 9), (9, 43), (43, 9), (9, 53), (53, 9), (9, 71), (71, 9), (9, 82), (82, 9), (10, 11), (11, 10), (10, 35), (35, 10), (10, 71), (71, 10), (10, 95), (95, 10), (11, 31), (31, 11), (11, 67), (67, 11), (12, 13), (13, 12), (12, 47), (47, 12), (12, 51), (51, 12), (12, 58), (58, 12), (12, 66), (66, 12), (12, 72), (72, 12), (12, 74), (74, 12), (12, 97), (97, 12), (13, 16), (16, 13), (13, 65), (65, 13), (13, 66), (66, 13), (13, 68), (68, 13), (13, 69), (69, 13), (14, 56), (56, 14), (14, 89), (89, 14), (14, 93), (93, 14), (15, 42), (42, 15), (15, 58), (58, 15), (16, 26), (26, 16), (16, 70), (70, 16), (16, 71), (71, 16), (17, 78), (78, 17), (18, 31), (31, 18), (18, 58), (58, 18), (18, 66), (66, 18), (18, 84), (84, 18), (18, 99), (99, 18), (19, 33), (33, 19), (19, 36), (36, 19), (19, 59), (59, 19), (19, 65), (65, 19), (19, 93), (93, 19), (19, 97), (97, 19), (20, 24), (24, 20), (20, 28), (28, 20), (20, 34), (34, 20), (20, 56), (56, 20), (20, 66), (66, 20), (20, 82), (82, 20), (21, 46), (46, 21), (21, 92), (92, 21), (21, 96), (96, 21), (22, 25), (25, 22), (22, 67), (67, 22), (22, 69), (69, 22), (22, 75), (75, 22), (23, 26), (26, 23), (23, 42), (42, 23), (23, 97), (97, 23), (24, 71), (71, 24), (24, 75), (75, 24), (24, 83), (83, 24), (24, 96), (96, 24), (25, 44), (44, 25), (26, 62), (62, 26), (26, 73), (73, 26), (26, 89), (89, 26), (26, 92), (92, 26), (27, 43), (43, 27), (27, 50), (50, 27), (27, 94), (94, 27), (27, 100), (100, 27), (28, 35), (35, 28), (28, 38), (38, 28), (28, 69), (69, 28), (28, 88), (88, 28), (28, 99), (99, 28), (29, 43), (43, 29), (29, 95), (95, 29), (30, 99), (99, 30), (31, 49), (49, 31), (31, 55), (55, 31), (31, 57), (57, 31), (31, 60), (60, 31), (31, 75), (75, 31), (31, 92), (92, 31), (31, 94), (94, 31), (31, 96), (96, 31), (32, 82), (82, 32), (33, 45), (45, 33), (33, 53), (53, 33), (33, 96), (96, 33), (34, 70), (70, 34), (35, 38), (38, 35), (35, 55), (55, 35), (35, 76), (76, 35), (36, 37), (37, 36), (36, 50), (50, 36), (36, 76), (76, 36), (37, 46), (46, 37), (37, 62), (62, 37), (37, 79), (79, 37), (37, 95), (95, 37), (38, 47), (47, 38), (39, 71), (71, 39), (39, 74), (74, 39), (39, 81), (81, 39), (39, 92), (92, 39), (40, 44), (44, 40), (40, 87), (87, 40), (41, 68), (68, 41), (41, 70), (70, 41), (41, 75), (75, 41), (42, 65), (65, 42), (43, 100), (100, 43), (44, 53), (53, 44), (44, 56), (56, 44), (44, 63), (63, 44), (44, 99), (99, 44), (45, 67), (67, 45), (45, 72), (72, 45), (45, 100), (100, 45), (46, 59), (59, 46), (46, 61), (61, 46), (46, 63), (63, 46), (46, 68), (68, 46), (46, 70), (70, 46), (46, 75), (75, 46), (46, 78), (78, 46), (46, 79), (79, 46), (46, 80), (80, 46), (46, 97), (97, 46), (46, 98), (98, 46), (46, 100), (100, 46), (47, 57), (57, 47), (47, 62), (62, 47), (47, 95), (95, 47), (48, 50), (50, 48), (49, 81), (81, 49), (50, 78), (78, 50), (50, 79), (79, 50), (50, 86), (86, 50), (50, 90), (90, 50), (51, 57), (57, 51), (51, 60), (60, 51), (51, 78), (78, 51), (52, 81), (81, 52), (52, 91), (91, 52), (52, 95), (95, 52), (53, 61), (61, 53), (53, 70), (70, 53), (53, 75), (75, 53), (54, 80), (80, 54), (54, 89), (89, 54), (55, 58), (58, 55), (55, 62), (62, 55), (55, 76), (76, 55), (55, 99), (99, 55), (56, 72), (72, 56), (56, 80), (80, 56), (56, 83), (83, 56), (57, 61), (61, 57), (57, 71), (71, 57), (59, 64), (64, 59), (59, 73), (73, 59), (59, 83), (83, 59), (61, 62), (62, 61), (61, 66), (66, 61), (61, 75), (75, 61), (61, 82), (82, 61), (64, 66), (66, 64), (64, 73), (73, 64), (64, 91), (91, 64), (65, 67), (67, 65), (65, 72), (72, 65), (65, 100), (100, 65), (66, 75), (75, 66), (66, 78), (78, 66), (68, 94), (94, 68), (68, 95), (95, 68), (69, 98), (98, 69), (70, 88), (88, 70), (70, 91), (91, 70), (71, 82), (82, 71), (71, 97), (97, 71), (71, 99), (99, 71), (72, 93), (93, 72), (75, 84), (84, 75), (75, 99), (99, 75), (76, 100), (100, 76), (78, 89), (89, 78), (80, 85), (85, 80), (80, 94), (94, 80), (82, 93), (93, 82), (83, 86), (86, 83), (84, 87), (87, 84), (84, 92), (92, 84), (86, 90), (90, 86), (86, 93), (93, 86), (87, 91), (91, 87), (88, 99), (99, 88), (90, 95), (95, 90), (93, 100), (100, 93)]
Z_dad = [62, 82, 99]
Y_dad = [46]
X_dad = [3, 80, 89]
Z_da-ad = [62, 82, 99]
Y_da-ad = [80]
X_da-ad = [6, 44, 46]
