no              #fail
42.193          #totTm
0.998           #lastADTm
5               #itDAD
1.000           #avItADGoal
7               #itADOpt
11              #opt
11              #optDA-AD
3.147           #tmDA
0.0             #relGain

V = [1, 2, 3, 4, 5, 6, 7, 8, 9, 10, 11, 12, 13, 14, 15, 16, 17, 18, 19, 20, 21, 22, 23, 24, 25, 26, 27, 28, 29, 30, 31, 32, 33, 34, 35, 36, 37, 38, 39, 40, 41, 42, 43, 44, 45, 46, 47, 48, 49, 50, 51, 52, 53, 54, 55, 56, 57, 58, 59, 60, 61, 62, 63, 64, 65, 66, 67, 68, 69, 70, 71, 72, 73, 74, 75, 76, 77, 78, 79, 80, 81, 82, 83, 84, 85, 86, 87, 88, 89, 90, 91, 92, 93, 94, 95, 96, 97, 98, 99, 100]
A = [(1, 73), (73, 1), (1, 89), (89, 1), (2, 25), (25, 2), (2, 37), (37, 2), (2, 41), (41, 2), (2, 59), (59, 2), (2, 96), (96, 2), (3, 9), (9, 3), (3, 31), (31, 3), (3, 54), (54, 3), (3, 57), (57, 3), (3, 99), (99, 3), (4, 29), (29, 4), (4, 34), (34, 4), (4, 38), (38, 4), (4, 53), (53, 4), (4, 54), (54, 4), (4, 58), (58, 4), (4, 78), (78, 4), (4, 87), (87, 4), (4, 92), (92, 4), (5, 20), (20, 5), (5, 27), (27, 5), (5, 55), (55, 5), (5, 75), (75, 5), (5, 88), (88, 5), (6, 23), (23, 6), (6, 28), (28, 6), (6, 57), (57, 6), (7, 25), (25, 7), (7, 63), (63, 7), (7, 86), (86, 7), (8, 10), (10, 8), (8, 21), (21, 8), (8, 87), (87, 8), (9, 18), (18, 9), (9, 24), (24, 9), (9, 42), (42, 9), (9, 54), (54, 9), (9, 61), (61, 9), (10, 14), (14, 10), (10, 62), (62, 10), (11, 20), (20, 11), (11, 35), (35, 11), (11, 54), (54, 11), (11, 55), (55, 11), (11, 82), (82, 11), (12, 20), (20, 12), (12, 35), (35, 12), (12, 53), (53, 12), (12, 62), (62, 12), (13, 25), (25, 13), (13, 55), (55, 13), (13, 63), (63, 13), (13, 74), (74, 13), (14, 15), (15, 14), (14, 16), (16, 14), (14, 22), (22, 14), (14, 23), (23, 14), (14, 25), (25, 14), (14, 47), (47, 14), (14, 73), (73, 14), (14, 74), (74, 14), (15, 26), (26, 15), (15, 34), (34, 15), (15, 44), (44, 15), (15, 68), (68, 15), (15, 72), (72, 15), (15, 98), (98, 15), (16, 40), (40, 16), (16, 86), (86, 16), (17, 58), (58, 17), (17, 90), (90, 17), (18, 25), (25, 18), (18, 53), (53, 18), (18, 74), (74, 18), (18, 84), (84, 18), (18, 93), (93, 18), (19, 38), (38, 19), (19, 52), (52, 19), (20, 50), (50, 20), (20, 52), (52, 20), (20, 87), (87, 20), (20, 91), (91, 20), (21, 32), (32, 21), (21, 65), (65, 21), (21, 68), (68, 21), (22, 41), (41, 22), (22, 43), (43, 22), (22, 56), (56, 22), (22, 81), (81, 22), (22, 100), (100, 22), (23, 24), (24, 23), (23, 26), (26, 23), (23, 30), (30, 23), (23, 35), (35, 23), (23, 52), (52, 23), (23, 53), (53, 23), (23, 97), (97, 23), (24, 73), (73, 24), (24, 74), (74, 24), (24, 76), (76, 24), (24, 78), (78, 24), (25, 44), (44, 25), (25, 75), (75, 25), (26, 31), (31, 26), (26, 39), (39, 26), (26, 52), (52, 26), (26, 54), (54, 26), (26, 56), (56, 26), (26, 75), (75, 26), (26, 84), (84, 26), (27, 45), (45, 27), (28, 29), (29, 28), (28, 30), (30, 28), (28, 47), (47, 28), (28, 49), (49, 28), (28, 67), (67, 28), (28, 74), (74, 28), (28, 84), (84, 28), (28, 86), (86, 28), (28, 99), (99, 28), (29, 77), (77, 29), (29, 82), (82, 29), (29, 99), (99, 29), (30, 39), (39, 30), (30, 50), (50, 30), (30, 53), (53, 30), (30, 65), (65, 30), (30, 84), (84, 30), (30, 87), (87, 30), (30, 91), (91, 30), (30, 98), (98, 30), (31, 39), (39, 31), (31, 46), (46, 31), (31, 87), (87, 31), (31, 98), (98, 31), (32, 44), (44, 32), (32, 80), (80, 32), (32, 88), (88, 32), (32, 91), (91, 32), (33, 42), (42, 33), (33, 47), (47, 33), (33, 65), (65, 33), (33, 70), (70, 33), (33, 71), (71, 33), (33, 73), (73, 33), (33, 84), (84, 33), (34, 61), (61, 34), (34, 85), (85, 34), (34, 92), (92, 34), (35, 49), (49, 35), (35, 56), (56, 35), (35, 88), (88, 35), (36, 53), (53, 36), (37, 88), (88, 37), (37, 93), (93, 37), (38, 87), (87, 38), (40, 49), (49, 40), (40, 63), (63, 40), (41, 69), (69, 41), (41, 81), (81, 41), (41, 88), (88, 41), (42, 94), (94, 42), (43, 45), (45, 43), (43, 53), (53, 43), (43, 78), (78, 43), (43, 88), (88, 43), (43, 94), (94, 43), (44, 52), (52, 44), (44, 87), (87, 44), (44, 89), (89, 44), (44, 96), (96, 44), (45, 50), (50, 45), (45, 75), (75, 45), (47, 51), (51, 47), (47, 98), (98, 47), (48, 59), (59, 48), (48, 79), (79, 48), (49, 74), (74, 49), (49, 97), (97, 49), (50, 57), (57, 50), (50, 87), (87, 50), (51, 62), (62, 51), (52, 62), (62, 52), (52, 79), (79, 52), (53, 63), (63, 53), (53, 70), (70, 53), (53, 76), (76, 53), (54, 64), (64, 54), (54, 100), (100, 54), (55, 60), (60, 55), (55, 71), (71, 55), (55, 99), (99, 55), (56, 82), (82, 56), (56, 97), (97, 56), (58, 63), (63, 58), (58, 77), (77, 58), (58, 78), (78, 58), (59, 62), (62, 59), (59, 64), (64, 59), (59, 72), (72, 59), (59, 78), (78, 59), (60, 71), (71, 60), (60, 75), (75, 60), (61, 65), (65, 61), (61, 69), (69, 61), (61, 96), (96, 61), (62, 66), (66, 62), (62, 80), (80, 62), (63, 64), (64, 63), (63, 85), (85, 63), (64, 71), (71, 64), (65, 81), (81, 65), (66, 90), (90, 66), (67, 77), (77, 67), (67, 87), (87, 67), (68, 83), (83, 68), (68, 91), (91, 68), (68, 93), (93, 68), (69, 82), (82, 69), (70, 71), (71, 70), (70, 84), (84, 70), (72, 77), (77, 72), (72, 95), (95, 72), (73, 77), (77, 73), (73, 93), (93, 73), (74, 84), (84, 74), (74, 86), (86, 74), (74, 97), (97, 74), (76, 77), (77, 76), (77, 86), (86, 77), (77, 94), (94, 77), (78, 94), (94, 78), (79, 98), (98, 79), (80, 97), (97, 80), (82, 83), (83, 82), (82, 86), (86, 82), (82, 91), (91, 82), (82, 97), (97, 82), (83, 85), (85, 83), (84, 100), (100, 84), (85, 96), (96, 85), (87, 90), (90, 87), (90, 100), (100, 90), (92, 94), (94, 92), (96, 100), (100, 96)]
Z_dad = [44, 53, 73]
Y_dad = [28]
X_dad = [6, 31, 72]
Z_da-ad = [44, 72, 73]
Y_da-ad = [74]
X_da-ad = [4, 31, 53]
