no              #fail
39.543          #totTm
0.788           #lastADTm
5               #itDAD
1.000           #avItADGoal
9               #itADOpt
13              #opt
13              #optDA-AD
1.863           #tmDA
0.0             #relGain

V = [1, 2, 3, 4, 5, 6, 7, 8, 9, 10, 11, 12, 13, 14, 15, 16, 17, 18, 19, 20, 21, 22, 23, 24, 25, 26, 27, 28, 29, 30, 31, 32, 33, 34, 35, 36, 37, 38, 39, 40, 41, 42, 43, 44, 45, 46, 47, 48, 49, 50, 51, 52, 53, 54, 55, 56, 57, 58, 59, 60, 61, 62, 63, 64, 65, 66, 67, 68, 69, 70, 71, 72, 73, 74, 75, 76, 77, 78, 79, 80, 81, 82, 83, 84, 85, 86, 87, 88, 89, 90, 91, 92, 93, 94, 95, 96, 97, 98, 99, 100]
A = [(1, 52), (52, 1), (1, 72), (72, 1), (1, 85), (85, 1), (2, 8), (8, 2), (2, 13), (13, 2), (2, 16), (16, 2), (2, 49), (49, 2), (2, 68), (68, 2), (2, 82), (82, 2), (2, 99), (99, 2), (3, 10), (10, 3), (3, 33), (33, 3), (3, 99), (99, 3), (4, 31), (31, 4), (4, 34), (34, 4), (4, 36), (36, 4), (4, 60), (60, 4), (4, 67), (67, 4), (4, 70), (70, 4), (4, 74), (74, 4), (4, 78), (78, 4), (4, 79), (79, 4), (4, 83), (83, 4), (4, 91), (91, 4), (4, 93), (93, 4), (5, 15), (15, 5), (5, 19), (19, 5), (5, 48), (48, 5), (5, 51), (51, 5), (5, 53), (53, 5), (5, 99), (99, 5), (6, 21), (21, 6), (6, 23), (23, 6), (6, 71), (71, 6), (6, 92), (92, 6), (6, 96), (96, 6), (7, 37), (37, 7), (7, 50), (50, 7), (7, 51), (51, 7), (7, 95), (95, 7), (8, 11), (11, 8), (8, 16), (16, 8), (8, 39), (39, 8), (8, 53), (53, 8), (8, 54), (54, 8), (8, 81), (81, 8), (9, 18), (18, 9), (9, 21), (21, 9), (9, 25), (25, 9), (9, 45), (45, 9), (9, 86), (86, 9), (10, 59), (59, 10), (10, 92), (92, 10), (11, 65), (65, 11), (11, 89), (89, 11), (11, 94), (94, 11), (12, 27), (27, 12), (12, 33), (33, 12), (12, 99), (99, 12), (13, 25), (25, 13), (13, 52), (52, 13), (13, 61), (61, 13), (13, 69), (69, 13), (13, 80), (80, 13), (13, 81), (81, 13), (13, 93), (93, 13), (14, 36), (36, 14), (14, 43), (43, 14), (14, 48), (48, 14), (14, 87), (87, 14), (15, 24), (24, 15), (15, 66), (66, 15), (16, 69), (69, 16), (16, 95), (95, 16), (16, 96), (96, 16), (17, 39), (39, 17), (17, 44), (44, 17), (17, 70), (70, 17), (17, 78), (78, 17), (17, 80), (80, 17), (18, 36), (36, 18), (18, 42), (42, 18), (18, 52), (52, 18), (18, 61), (61, 18), (18, 99), (99, 18), (19, 74), (74, 19), (19, 76), (76, 19), (20, 36), (36, 20), (20, 45), (45, 20), (20, 59), (59, 20), (21, 49), (49, 21), (21, 60), (60, 21), (21, 82), (82, 21), (22, 29), (29, 22), (22, 43), (43, 22), (22, 82), (82, 22), (23, 24), (24, 23), (23, 48), (48, 23), (23, 64), (64, 23), (23, 75), (75, 23), (23, 83), (83, 23), (23, 94), (94, 23), (24, 30), (30, 24), (24, 68), (68, 24), (25, 35), (35, 25), (25, 47), (47, 25), (25, 49), (49, 25), (25, 91), (91, 25), (25, 99), (99, 25), (26, 84), (84, 26), (26, 86), (86, 26), (26, 94), (94, 26), (27, 42), (42, 27), (27, 68), (68, 27), (27, 69), (69, 27), (27, 95), (95, 27), (28, 33), (33, 28), (28, 47), (47, 28), (28, 51), (51, 28), (29, 62), (62, 29), (30, 55), (55, 30), (30, 57), (57, 30), (30, 95), (95, 30), (31, 36), (36, 31), (31, 50), (50, 31), (32, 38), (38, 32), (32, 67), (67, 32), (32, 69), (69, 32), (32, 99), (99, 32), (33, 39), (39, 33), (33, 68), (68, 33), (33, 74), (74, 33), (33, 83), (83, 33), (34, 54), (54, 34), (34, 73), (73, 34), (34, 82), (82, 34), (34, 84), (84, 34), (34, 85), (85, 34), (35, 41), (41, 35), (35, 77), (77, 35), (36, 74), (74, 36), (37, 41), (41, 37), (37, 73), (73, 37), (37, 99), (99, 37), (38, 54), (54, 38), (38, 79), (79, 38), (38, 82), (82, 38), (39, 44), (44, 39), (39, 60), (60, 39), (39, 80), (80, 39), (40, 43), (43, 40), (40, 54), (54, 40), (40, 58), (58, 40), (40, 66), (66, 40), (40, 69), (69, 40), (40, 89), (89, 40), (42, 58), (58, 42), (42, 87), (87, 42), (43, 61), (61, 43), (43, 71), (71, 43), (44, 46), (46, 44), (44, 49), (49, 44), (44, 50), (50, 44), (44, 53), (53, 44), (44, 54), (54, 44), (44, 57), (57, 44), (44, 73), (73, 44), (44, 91), (91, 44), (45, 58), (58, 45), (45, 70), (70, 45), (45, 89), (89, 45), (46, 94), (94, 46), (47, 50), (50, 47), (47, 71), (71, 47), (47, 78), (78, 47), (47, 82), (82, 47), (47, 94), (94, 47), (48, 54), (54, 48), (48, 67), (67, 48), (48, 69), (69, 48), (49, 68), (68, 49), (49, 87), (87, 49), (50, 64), (64, 50), (50, 90), (90, 50), (51, 62), (62, 51), (51, 66), (66, 51), (51, 88), (88, 51), (51, 90), (90, 51), (52, 78), (78, 52), (53, 62), (62, 53), (53, 73), (73, 53), (54, 65), (65, 54), (54, 83), (83, 54), (54, 90), (90, 54), (55, 64), (64, 55), (55, 66), (66, 55), (55, 74), (74, 55), (55, 86), (86, 55), (55, 95), (95, 55), (56, 59), (59, 56), (56, 68), (68, 56), (56, 86), (86, 56), (57, 89), (89, 57), (57, 96), (96, 57), (58, 92), (92, 58), (59, 65), (65, 59), (59, 92), (92, 59), (61, 69), (69, 61), (61, 72), (72, 61), (62, 69), (69, 62), (62, 70), (70, 62), (62, 82), (82, 62), (63, 100), (100, 63), (64, 100), (100, 64), (66, 68), (68, 66), (66, 81), (81, 66), (67, 68), (68, 67), (67, 70), (70, 67), (67, 80), (80, 67), (67, 85), (85, 67), (68, 81), (81, 68), (69, 99), (99, 69), (70, 84), (84, 70), (71, 75), (75, 71), (72, 84), (84, 72), (72, 85), (85, 72), (75, 99), (99, 75), (76, 99), (99, 76), (76, 100), (100, 76), (77, 93), (93, 77), (78, 79), (79, 78), (78, 81), (81, 78), (78, 96), (96, 78), (79, 89), (89, 79), (79, 92), (92, 79), (80, 93), (93, 80), (82, 88), (88, 82), (82, 94), (94, 82), (83, 92), (92, 83), (84, 86), (86, 84), (85, 99), (99, 85), (88, 96), (96, 88), (89, 92), (92, 89), (92, 95), (95, 92), (92, 100), (100, 92), (93, 98), (98, 93), (96, 99), (99, 96)]
Z_dad = [4, 25, 37]
Y_dad = [99]
X_dad = [44, 93, 100]
Z_da-ad = [25, 37, 93]
Y_da-ad = [5]
X_da-ad = [22, 62, 100]
