no              #fail
71.191          #totTm
1.261           #lastADTm
5               #itDAD
1.000           #avItADGoal
8               #itADOpt
13              #opt
13              #optDA-AD
3.294           #tmDA
0.0             #relGain

V = [1, 2, 3, 4, 5, 6, 7, 8, 9, 10, 11, 12, 13, 14, 15, 16, 17, 18, 19, 20, 21, 22, 23, 24, 25, 26, 27, 28, 29, 30, 31, 32, 33, 34, 35, 36, 37, 38, 39, 40, 41, 42, 43, 44, 45, 46, 47, 48, 49, 50, 51, 52, 53, 54, 55, 56, 57, 58, 59, 60, 61, 62, 63, 64, 65, 66, 67, 68, 69, 70, 71, 72, 73, 74, 75, 76, 77, 78, 79, 80, 81, 82, 83, 84, 85, 86, 87, 88, 89, 90, 91, 92, 93, 94, 95, 96, 97, 98, 99, 100]
A = [(1, 31), (31, 1), (1, 38), (38, 1), (1, 40), (40, 1), (1, 73), (73, 1), (1, 78), (78, 1), (1, 79), (79, 1), (1, 83), (83, 1), (1, 93), (93, 1), (2, 9), (9, 2), (2, 22), (22, 2), (2, 35), (35, 2), (2, 84), (84, 2), (3, 13), (13, 3), (3, 17), (17, 3), (3, 22), (22, 3), (3, 23), (23, 3), (3, 94), (94, 3), (4, 21), (21, 4), (4, 27), (27, 4), (4, 41), (41, 4), (4, 65), (65, 4), (4, 99), (99, 4), (5, 15), (15, 5), (5, 53), (53, 5), (5, 71), (71, 5), (5, 86), (86, 5), (6, 50), (50, 6), (6, 51), (51, 6), (6, 92), (92, 6), (7, 25), (25, 7), (7, 81), (81, 7), (8, 32), (32, 8), (8, 77), (77, 8), (8, 84), (84, 8), (8, 90), (90, 8), (9, 52), (52, 9), (9, 86), (86, 9), (9, 93), (93, 9), (10, 23), (23, 10), (10, 28), (28, 10), (10, 58), (58, 10), (10, 91), (91, 10), (11, 74), (74, 11), (11, 88), (88, 11), (11, 97), (97, 11), (11, 98), (98, 11), (12, 34), (34, 12), (12, 54), (54, 12), (12, 55), (55, 12), (12, 70), (70, 12), (12, 85), (85, 12), (12, 90), (90, 12), (13, 24), (24, 13), (13, 78), (78, 13), (13, 81), (81, 13), (13, 88), (88, 13), (14, 20), (20, 14), (14, 32), (32, 14), (14, 47), (47, 14), (14, 62), (62, 14), (14, 82), (82, 14), (14, 83), (83, 14), (14, 86), (86, 14), (15, 24), (24, 15), (15, 46), (46, 15), (15, 68), (68, 15), (15, 70), (70, 15), (15, 76), (76, 15), (15, 81), (81, 15), (16, 87), (87, 16), (16, 88), (88, 16), (17, 66), (66, 17), (18, 36), (36, 18), (18, 55), (55, 18), (18, 69), (69, 18), (18, 80), (80, 18), (19, 61), (61, 19), (19, 67), (67, 19), (19, 70), (70, 19), (19, 93), (93, 19), (20, 53), (53, 20), (20, 70), (70, 20), (20, 79), (79, 20), (20, 100), (100, 20), (21, 22), (22, 21), (21, 25), (25, 21), (21, 29), (29, 21), (21, 53), (53, 21), (21, 61), (61, 21), (21, 85), (85, 21), (22, 39), (39, 22), (22, 98), (98, 22), (23, 26), (26, 23), (23, 33), (33, 23), (23, 44), (44, 23), (23, 77), (77, 23), (23, 83), (83, 23), (24, 29), (29, 24), (24, 49), (49, 24), (24, 50), (50, 24), (24, 58), (58, 24), (24, 77), (77, 24), (24, 88), (88, 24), (25, 41), (41, 25), (25, 68), (68, 25), (25, 97), (97, 25), (26, 34), (34, 26), (26, 44), (44, 26), (26, 96), (96, 26), (27, 50), (50, 27), (27, 57), (57, 27), (27, 70), (70, 27), (27, 78), (78, 27), (27, 79), (79, 27), (27, 84), (84, 27), (27, 85), (85, 27), (28, 29), (29, 28), (28, 33), (33, 28), (28, 45), (45, 28), (28, 59), (59, 28), (29, 31), (31, 29), (29, 39), (39, 29), (29, 76), (76, 29), (29, 100), (100, 29), (30, 95), (95, 30), (30, 100), (100, 30), (31, 44), (44, 31), (31, 52), (52, 31), (31, 55), (55, 31), (31, 71), (71, 31), (31, 84), (84, 31), (32, 48), (48, 32), (32, 66), (66, 32), (32, 74), (74, 32), (33, 55), (55, 33), (33, 71), (71, 33), (33, 80), (80, 33), (33, 94), (94, 33), (34, 40), (40, 34), (34, 88), (88, 34), (34, 94), (94, 34), (35, 69), (69, 35), (36, 39), (39, 36), (36, 42), (42, 36), (36, 61), (61, 36), (36, 78), (78, 36), (37, 47), (47, 37), (37, 63), (63, 37), (37, 83), (83, 37), (38, 46), (46, 38), (38, 60), (60, 38), (38, 74), (74, 38), (38, 83), (83, 38), (38, 96), (96, 38), (39, 41), (41, 39), (40, 48), (48, 40), (40, 60), (60, 40), (40, 71), (71, 40), (41, 47), (47, 41), (41, 58), (58, 41), (41, 73), (73, 41), (42, 79), (79, 42), (42, 95), (95, 42), (44, 66), (66, 44), (44, 75), (75, 44), (44, 93), (93, 44), (44, 98), (98, 44), (45, 46), (46, 45), (45, 51), (51, 45), (46, 82), (82, 46), (46, 88), (88, 46), (47, 65), (65, 47), (48, 62), (62, 48), (48, 65), (65, 48), (48, 91), (91, 48), (48, 98), (98, 48), (49, 57), (57, 49), (49, 62), (62, 49), (49, 99), (99, 49), (50, 68), (68, 50), (50, 77), (77, 50), (50, 90), (90, 50), (50, 94), (94, 50), (50, 100), (100, 50), (51, 60), (60, 51), (51, 94), (94, 51), (52, 64), (64, 52), (52, 80), (80, 52), (52, 92), (92, 52), (53, 85), (85, 53), (54, 63), (63, 54), (54, 71), (71, 54), (55, 57), (57, 55), (55, 65), (65, 55), (55, 84), (84, 55), (55, 96), (96, 55), (56, 79), (79, 56), (56, 100), (100, 56), (57, 95), (95, 57), (58, 62), (62, 58), (58, 64), (64, 58), (58, 69), (69, 58), (58, 91), (91, 58), (59, 92), (92, 59), (59, 95), (95, 59), (59, 99), (99, 59), (61, 83), (83, 61), (61, 92), (92, 61), (61, 93), (93, 61), (62, 64), (64, 62), (63, 83), (83, 63), (63, 96), (96, 63), (64, 83), (83, 64), (64, 89), (89, 64), (66, 95), (95, 66), (67, 76), (76, 67), (67, 78), (78, 67), (67, 86), (86, 67), (67, 96), (96, 67), (69, 70), (70, 69), (69, 79), (79, 69), (70, 86), (86, 70), (70, 91), (91, 70), (71, 76), (76, 71), (71, 89), (89, 71), (72, 87), (87, 72), (73, 84), (84, 73), (75, 80), (80, 75), (75, 98), (98, 75), (79, 84), (84, 79), (79, 97), (97, 79), (80, 85), (85, 80), (82, 89), (89, 82), (82, 90), (90, 82), (82, 91), (91, 82), (82, 92), (92, 82), (82, 94), (94, 82), (82, 96), (96, 82), (84, 88), (88, 84), (85, 86), (86, 85), (85, 95), (95, 85), (86, 89), (89, 86), (86, 92), (92, 86), (89, 100), (100, 89), (91, 92), (92, 91), (94, 95), (95, 94), (98, 100), (100, 98)]
Z_dad = [88, 95, 100]
Y_dad = [82]
X_dad = [36, 79, 96]
Z_da-ad = [2, 69, 88]
Y_da-ad = [25]
X_da-ad = [79, 95, 100]
