no              #fail
468.858         #totTm
0.851           #lastADTm
6               #itDAD
1.200           #avItADGoal
7               #itADOpt
11              #opt
11              #optDA-AD
2.337           #tmDA
0.0             #relGain

V = [1, 2, 3, 4, 5, 6, 7, 8, 9, 10, 11, 12, 13, 14, 15, 16, 17, 18, 19, 20, 21, 22, 23, 24, 25, 26, 27, 28, 29, 30, 31, 32, 33, 34, 35, 36, 37, 38, 39, 40, 41, 42, 43, 44, 45, 46, 47, 48, 49, 50, 51, 52, 53, 54, 55, 56, 57, 58, 59, 60, 61, 62, 63, 64, 65, 66, 67, 68, 69, 70, 71, 72, 73, 74, 75, 76, 77, 78, 79, 80, 81, 82, 83, 84, 85, 86, 87, 88, 89, 90, 91, 92, 93, 94, 95, 96, 97, 98, 99, 100]
A = [(1, 2), (2, 1), (1, 21), (21, 1), (1, 30), (30, 1), (1, 56), (56, 1), (1, 57), (57, 1), (1, 64), (64, 1), (1, 80), (80, 1), (2, 21), (21, 2), (2, 27), (27, 2), (2, 30), (30, 2), (2, 32), (32, 2), (2, 63), (63, 2), (2, 68), (68, 2), (2, 89), (89, 2), (2, 96), (96, 2), (2, 97), (97, 2), (3, 10), (10, 3), (3, 11), (11, 3), (3, 14), (14, 3), (3, 18), (18, 3), (3, 41), (41, 3), (3, 67), (67, 3), (3, 83), (83, 3), (4, 35), (35, 4), (4, 40), (40, 4), (5, 41), (41, 5), (5, 45), (45, 5), (6, 20), (20, 6), (6, 21), (21, 6), (6, 29), (29, 6), (6, 73), (73, 6), (6, 86), (86, 6), (7, 21), (21, 7), (7, 24), (24, 7), (7, 29), (29, 7), (7, 44), (44, 7), (7, 52), (52, 7), (7, 54), (54, 7), (7, 95), (95, 7), (8, 17), (17, 8), (8, 28), (28, 8), (8, 36), (36, 8), (8, 45), (45, 8), (8, 54), (54, 8), (8, 82), (82, 8), (9, 47), (47, 9), (10, 31), (31, 10), (10, 35), (35, 10), (10, 47), (47, 10), (10, 87), (87, 10), (11, 37), (37, 11), (11, 61), (61, 11), (11, 69), (69, 11), (11, 83), (83, 11), (12, 16), (16, 12), (12, 35), (35, 12), (12, 52), (52, 12), (12, 67), (67, 12), (12, 84), (84, 12), (12, 93), (93, 12), (13, 40), (40, 13), (13, 54), (54, 13), (13, 63), (63, 13), (13, 73), (73, 13), (14, 55), (55, 14), (14, 57), (57, 14), (14, 72), (72, 14), (14, 76), (76, 14), (14, 97), (97, 14), (15, 29), (29, 15), (15, 68), (68, 15), (16, 64), (64, 16), (17, 38), (38, 17), (17, 56), (56, 17), (17, 89), (89, 17), (17, 94), (94, 17), (18, 71), (71, 18), (18, 75), (75, 18), (18, 99), (99, 18), (19, 32), (32, 19), (19, 60), (60, 19), (19, 61), (61, 19), (19, 93), (93, 19), (20, 90), (90, 20), (21, 43), (43, 21), (21, 53), (53, 21), (21, 81), (81, 21), (21, 87), (87, 21), (21, 100), (100, 21), (22, 37), (37, 22), (22, 55), (55, 22), (22, 83), (83, 22), (22, 92), (92, 22), (22, 99), (99, 22), (23, 24), (24, 23), (23, 42), (42, 23), (23, 57), (57, 23), (23, 75), (75, 23), (23, 90), (90, 23), (24, 46), (46, 24), (24, 57), (57, 24), (25, 27), (27, 25), (25, 30), (30, 25), (25, 57), (57, 25), (25, 84), (84, 25), (26, 63), (63, 26), (26, 69), (69, 26), (26, 76), (76, 26), (27, 39), (39, 27), (27, 54), (54, 27), (27, 91), (91, 27), (28, 73), (73, 28), (28, 79), (79, 28), (28, 91), (91, 28), (29, 45), (45, 29), (29, 61), (61, 29), (29, 74), (74, 29), (29, 81), (81, 29), (30, 64), (64, 30), (30, 67), (67, 30), (30, 72), (72, 30), (30, 94), (94, 30), (31, 61), (61, 31), (31, 95), (95, 31), (31, 96), (96, 31), (32, 54), (54, 32), (32, 58), (58, 32), (33, 59), (59, 33), (33, 84), (84, 33), (33, 94), (94, 33), (34, 39), (39, 34), (34, 77), (77, 34), (34, 85), (85, 34), (35, 43), (43, 35), (35, 50), (50, 35), (35, 66), (66, 35), (35, 79), (79, 35), (35, 95), (95, 35), (36, 64), (64, 36), (36, 90), (90, 36), (37, 47), (47, 37), (37, 56), (56, 37), (37, 73), (73, 37), (37, 77), (77, 37), (37, 86), (86, 37), (38, 47), (47, 38), (38, 58), (58, 38), (38, 92), (92, 38), (38, 100), (100, 38), (39, 61), (61, 39), (39, 95), (95, 39), (40, 42), (42, 40), (40, 46), (46, 40), (40, 74), (74, 40), (42, 51), (51, 42), (42, 99), (99, 42), (42, 100), (100, 42), (43, 44), (44, 43), (43, 48), (48, 43), (43, 85), (85, 43), (44, 74), (74, 44), (44, 75), (75, 44), (45, 80), (80, 45), (45, 96), (96, 45), (46, 52), (52, 46), (46, 78), (78, 46), (47, 59), (59, 47), (47, 62), (62, 47), (47, 66), (66, 47), (47, 81), (81, 47), (47, 94), (94, 47), (49, 63), (63, 49), (49, 92), (92, 49), (50, 61), (61, 50), (50, 85), (85, 50), (51, 54), (54, 51), (51, 66), (66, 51), (51, 69), (69, 51), (51, 77), (77, 51), (51, 99), (99, 51), (52, 64), (64, 52), (53, 58), (58, 53), (53, 77), (77, 53), (54, 93), (93, 54), (55, 66), (66, 55), (55, 84), (84, 55), (55, 85), (85, 55), (55, 100), (100, 55), (56, 69), (69, 56), (56, 76), (76, 56), (56, 79), (79, 56), (57, 60), (60, 57), (57, 66), (66, 57), (57, 71), (71, 57), (57, 87), (87, 57), (58, 82), (82, 58), (58, 100), (100, 58), (59, 68), (68, 59), (61, 66), (66, 61), (61, 70), (70, 61), (62, 65), (65, 62), (62, 74), (74, 62), (62, 82), (82, 62), (62, 85), (85, 62), (62, 97), (97, 62), (63, 86), (86, 63), (63, 96), (96, 63), (65, 82), (82, 65), (66, 75), (75, 66), (67, 79), (79, 67), (68, 77), (77, 68), (68, 84), (84, 68), (69, 71), (71, 69), (69, 93), (93, 69), (70, 97), (97, 70), (71, 81), (81, 71), (71, 83), (83, 71), (73, 81), (81, 73), (73, 84), (84, 73), (73, 95), (95, 73), (74, 76), (76, 74), (74, 78), (78, 74), (74, 86), (86, 74), (75, 93), (93, 75), (76, 95), (95, 76), (77, 78), (78, 77), (77, 81), (81, 77), (78, 98), (98, 78), (79, 82), (82, 79), (79, 99), (99, 79), (80, 83), (83, 80), (81, 92), (92, 81), (81, 96), (96, 81), (81, 100), (100, 81), (83, 85), (85, 83), (84, 87), (87, 84), (85, 91), (91, 85), (86, 99), (99, 86), (88, 91), (91, 88), (88, 92), (92, 88), (88, 95), (95, 88), (89, 100), (100, 89), (92, 96), (96, 92), (95, 97), (97, 95), (95, 99), (99, 95), (96, 98), (98, 96), (96, 99), (99, 96)]
Z_dad = [6, 23, 47]
Y_dad = [2]
X_dad = [8, 12, 64]
Z_da-ad = [3, 43, 45]
Y_da-ad = [47]
X_da-ad = [6, 23, 36]
