no              #fail
1442.075        #totTm
0.815           #lastADTm
7               #itDAD
1.500           #avItADGoal
7               #itADOpt
10              #opt
9               #optDA-AD
3.008           #tmDA
10.0            #relGain

V = [1, 2, 3, 4, 5, 6, 7, 8, 9, 10, 11, 12, 13, 14, 15, 16, 17, 18, 19, 20, 21, 22, 23, 24, 25, 26, 27, 28, 29, 30, 31, 32, 33, 34, 35, 36, 37, 38, 39, 40, 41, 42, 43, 44, 45, 46, 47, 48, 49, 50, 51, 52, 53, 54, 55, 56, 57, 58, 59, 60, 61, 62, 63, 64, 65, 66, 67, 68, 69, 70, 71, 72, 73, 74, 75, 76, 77, 78, 79, 80, 81, 82, 83, 84, 85, 86, 87, 88, 89, 90, 91, 92, 93, 94, 95, 96, 97, 98, 99, 100]
A = [(1, 2), (2, 1), (1, 3), (3, 1), (1, 16), (16, 1), (1, 49), (49, 1), (1, 86), (86, 1), (2, 23), (23, 2), (2, 80), (80, 2), (3, 59), (59, 3), (3, 75), (75, 3), (3, 78), (78, 3), (3, 88), (88, 3), (4, 15), (15, 4), (4, 44), (44, 4), (4, 61), (61, 4), (4, 73), (73, 4), (4, 85), (85, 4), (5, 14), (14, 5), (5, 36), (36, 5), (5, 58), (58, 5), (5, 85), (85, 5), (5, 99), (99, 5), (6, 26), (26, 6), (6, 34), (34, 6), (6, 65), (65, 6), (6, 71), (71, 6), (6, 90), (90, 6), (6, 98), (98, 6), (7, 34), (34, 7), (7, 51), (51, 7), (7, 56), (56, 7), (7, 59), (59, 7), (7, 89), (89, 7), (8, 72), (72, 8), (8, 98), (98, 8), (9, 19), (19, 9), (9, 25), (25, 9), (9, 52), (52, 9), (9, 85), (85, 9), (10, 13), (13, 10), (10, 77), (77, 10), (10, 87), (87, 10), (11, 13), (13, 11), (11, 16), (16, 11), (11, 20), (20, 11), (11, 22), (22, 11), (11, 61), (61, 11), (11, 63), (63, 11), (11, 72), (72, 11), (11, 99), (99, 11), (12, 24), (24, 12), (12, 30), (30, 12), (12, 47), (47, 12), (12, 63), (63, 12), (12, 79), (79, 12), (12, 81), (81, 12), (13, 15), (15, 13), (13, 18), (18, 13), (13, 87), (87, 13), (14, 47), (47, 14), (14, 49), (49, 14), (14, 52), (52, 14), (15, 27), (27, 15), (15, 68), (68, 15), (15, 86), (86, 15), (16, 17), (17, 16), (16, 57), (57, 16), (16, 67), (67, 16), (16, 77), (77, 16), (16, 90), (90, 16), (16, 100), (100, 16), (17, 25), (25, 17), (17, 39), (39, 17), (17, 45), (45, 17), (17, 55), (55, 17), (18, 23), (23, 18), (18, 26), (26, 18), (18, 40), (40, 18), (18, 45), (45, 18), (18, 59), (59, 18), (18, 62), (62, 18), (18, 78), (78, 18), (18, 98), (98, 18), (19, 22), (22, 19), (19, 42), (42, 19), (19, 52), (52, 19), (19, 53), (53, 19), (19, 79), (79, 19), (19, 80), (80, 19), (19, 95), (95, 19), (20, 54), (54, 20), (20, 65), (65, 20), (21, 27), (27, 21), (21, 30), (30, 21), (21, 31), (31, 21), (21, 42), (42, 21), (21, 90), (90, 21), (22, 29), (29, 22), (22, 61), (61, 22), (22, 92), (92, 22), (22, 96), (96, 22), (22, 100), (100, 22), (23, 40), (40, 23), (23, 55), (55, 23), (23, 66), (66, 23), (24, 25), (25, 24), (24, 85), (85, 24), (25, 35), (35, 25), (25, 45), (45, 25), (25, 48), (48, 25), (25, 54), (54, 25), (26, 40), (40, 26), (26, 50), (50, 26), (26, 58), (58, 26), (27, 56), (56, 27), (27, 58), (58, 27), (28, 29), (29, 28), (28, 30), (30, 28), (28, 39), (39, 28), (28, 40), (40, 28), (28, 60), (60, 28), (28, 70), (70, 28), (28, 93), (93, 28), (29, 32), (32, 29), (29, 48), (48, 29), (29, 64), (64, 29), (29, 70), (70, 29), (29, 99), (99, 29), (30, 31), (31, 30), (30, 33), (33, 30), (30, 42), (42, 30), (30, 81), (81, 30), (30, 86), (86, 30), (30, 88), (88, 30), (30, 92), (92, 30), (30, 96), (96, 30), (31, 56), (56, 31), (31, 80), (80, 31), (32, 88), (88, 32), (32, 92), (92, 32), (33, 97), (97, 33), (34, 47), (47, 34), (34, 90), (90, 34), (35, 67), (67, 35), (35, 97), (97, 35), (36, 44), (44, 36), (36, 53), (53, 36), (36, 69), (69, 36), (36, 95), (95, 36), (37, 41), (41, 37), (37, 42), (42, 37), (37, 48), (48, 37), (37, 51), (51, 37), (38, 50), (50, 38), (38, 57), (57, 38), (38, 64), (64, 38), (39, 43), (43, 39), (39, 66), (66, 39), (39, 83), (83, 39), (40, 65), (65, 40), (40, 83), (83, 40), (40, 96), (96, 40), (40, 99), (99, 40), (41, 64), (64, 41), (41, 78), (78, 41), (41, 79), (79, 41), (42, 48), (48, 42), (42, 51), (51, 42), (42, 63), (63, 42), (42, 65), (65, 42), (42, 75), (75, 42), (43, 61), (61, 43), (43, 86), (86, 43), (43, 89), (89, 43), (43, 97), (97, 43), (44, 71), (71, 44), (44, 85), (85, 44), (46, 48), (48, 46), (46, 54), (54, 46), (46, 89), (89, 46), (47, 50), (50, 47), (47, 77), (77, 47), (47, 85), (85, 47), (48, 74), (74, 48), (48, 93), (93, 48), (49, 65), (65, 49), (49, 69), (69, 49), (49, 81), (81, 49), (51, 60), (60, 51), (52, 84), (84, 52), (52, 86), (86, 52), (52, 98), (98, 52), (53, 93), (93, 53), (54, 60), (60, 54), (54, 71), (71, 54), (54, 88), (88, 54), (55, 66), (66, 55), (56, 70), (70, 56), (57, 62), (62, 57), (57, 73), (73, 57), (57, 79), (79, 57), (57, 91), (91, 57), (58, 96), (96, 58), (60, 90), (90, 60), (61, 66), (66, 61), (61, 70), (70, 61), (61, 77), (77, 61), (61, 90), (90, 61), (62, 82), (82, 62), (63, 64), (64, 63), (63, 75), (75, 63), (64, 67), (67, 64), (65, 80), (80, 65), (66, 74), (74, 66), (67, 75), (75, 67), (68, 73), (73, 68), (68, 74), (74, 68), (68, 84), (84, 68), (68, 85), (85, 68), (68, 98), (98, 68), (68, 99), (99, 68), (69, 85), (85, 69), (70, 78), (78, 70), (70, 94), (94, 70), (70, 97), (97, 70), (71, 91), (91, 71), (72, 85), (85, 72), (73, 76), (76, 73), (73, 82), (82, 73), (73, 100), (100, 73), (75, 83), (83, 75), (75, 87), (87, 75), (75, 88), (88, 75), (75, 97), (97, 75), (78, 79), (79, 78), (78, 95), (95, 78), (79, 98), (98, 79), (80, 96), (96, 80), (82, 86), (86, 82), (82, 87), (87, 82), (83, 87), (87, 83), (83, 91), (91, 83), (85, 97), (97, 85), (87, 99), (99, 87), (88, 99), (99, 88), (89, 90), (90, 89), (90, 97), (97, 90), (93, 94), (94, 93)]
Z_dad = [22, 30, 73]
Y_dad = [85]
X_dad = [16, 29, 88]
Z_da-ad = [11, 85, 98]
Y_da-ad = [73]
X_da-ad = [33, 54, 65]
