no              #fail
6.347           #totTm
2.933           #lastADTm
7               #itDAD
1.667           #avItADGoal
37              #itADOpt
15              #opt
14              #optDA-AD
1.891           #tmDA
6.7             #relGain

V = [1, 2, 3, 4, 5, 6, 7, 8, 9, 10, 11, 12, 13, 14, 15, 16, 17, 18, 19, 20, 21, 22, 23, 24, 25, 26, 27, 28, 29, 30, 31, 32, 33, 34, 35, 36, 37, 38, 39, 40]
A = [(1, 25), (25, 1), (2, 9), (9, 2), (2, 11), (11, 2), (2, 19), (19, 2), (2, 27), (27, 2), (2, 28), (28, 2), (2, 32), (32, 2), (2, 36), (36, 2), (2, 37), (37, 2), (3, 35), (35, 3), (3, 38), (38, 3), (4, 5), (5, 4), (4, 29), (29, 4), (4, 33), (33, 4), (4, 38), (38, 4), (5, 11), (11, 5), (5, 30), (30, 5), (5, 40), (40, 5), (6, 7), (7, 6), (7, 12), (12, 7), (7, 23), (23, 7), (7, 37), (37, 7), (8, 16), (16, 8), (8, 19), (19, 8), (8, 20), (20, 8), (8, 26), (26, 8), (8, 29), (29, 8), (9, 34), (34, 9), (10, 20), (20, 10), (10, 28), (28, 10), (11, 40), (40, 11), (12, 37), (37, 12), (13, 39), (39, 13), (14, 30), (30, 14), (14, 32), (32, 14), (15, 38), (38, 15), (15, 40), (40, 15), (16, 24), (24, 16), (18, 28), (28, 18), (19, 30), (30, 19), (20, 32), (32, 20), (21, 24), (24, 21), (21, 26), (26, 21), (21, 29), (29, 21), (21, 35), (35, 21), (22, 31), (31, 22), (22, 32), (32, 22), (23, 36), (36, 23), (24, 25), (25, 24), (26, 34), (34, 26), (28, 38), (38, 28), (28, 39), (39, 28), (30, 34), (34, 30), (36, 37), (37, 36)]
Z_dad = [2, 8]
Y_dad = [30, 37]
X_dad = [14, 38]
Z_da-ad = [2, 28]
Y_da-ad = [8, 36]
X_da-ad = [20, 30]
