no              #fail
11.894          #totTm
7.381           #lastADTm
8               #itDAD
2.714           #avItADGoal
72              #itADOpt
18              #opt
16              #optDA-AD
1.146           #tmDA
11.1            #relGain

V = [1, 2, 3, 4, 5, 6, 7, 8, 9, 10, 11, 12, 13, 14, 15, 16, 17, 18, 19, 20, 21, 22, 23, 24, 25, 26, 27, 28, 29, 30, 31, 32, 33, 34, 35, 36, 37, 38, 39, 40]
A = [(1, 12), (12, 1), (1, 30), (30, 1), (2, 7), (7, 2), (3, 24), (24, 3), (3, 25), (25, 3), (3, 34), (34, 3), (3, 36), (36, 3), (4, 5), (5, 4), (5, 8), (8, 5), (5, 16), (16, 5), (5, 23), (23, 5), (6, 24), (24, 6), (6, 35), (35, 6), (8, 11), (11, 8), (8, 21), (21, 8), (9, 25), (25, 9), (9, 26), (26, 9), (9, 32), (32, 9), (10, 17), (17, 10), (10, 26), (26, 10), (11, 24), (24, 11), (11, 33), (33, 11), (11, 34), (34, 11), (11, 36), (36, 11), (12, 31), (31, 12), (12, 35), (35, 12), (13, 14), (14, 13), (14, 21), (21, 14), (14, 34), (34, 14), (14, 35), (35, 14), (15, 35), (35, 15), (16, 18), (18, 16), (16, 20), (20, 16), (16, 24), (24, 16), (16, 36), (36, 16), (16, 40), (40, 16), (18, 25), (25, 18), (18, 30), (30, 18), (18, 36), (36, 18), (19, 28), (28, 19), (22, 24), (24, 22), (23, 30), (30, 23), (24, 25), (25, 24), (24, 27), (27, 24), (25, 26), (26, 25), (25, 29), (29, 25), (25, 35), (35, 25), (26, 32), (32, 26), (27, 33), (33, 27), (30, 31), (31, 30), (30, 36), (36, 30), (33, 40), (40, 33), (34, 40), (40, 34), (37, 39), (39, 37)]
Z_dad = [25, 30]
Y_dad = [10, 24]
X_dad = [26, 35]
Z_da-ad = [25, 26]
Y_da-ad = [10, 35]
X_da-ad = [5, 30]
