no              #fail
19.802          #totTm
4.235           #lastADTm
10              #itDAD
4.556           #avItADGoal
42              #itADOpt
13              #opt
11              #optDA-AD
2.283           #tmDA
15.4            #relGain

V = [1, 2, 3, 4, 5, 6, 7, 8, 9, 10, 11, 12, 13, 14, 15, 16, 17, 18, 19, 20, 21, 22, 23, 24, 25, 26, 27, 28, 29, 30, 31, 32, 33, 34, 35, 36, 37, 38, 39, 40]
A = [(1, 25), (25, 1), (2, 5), (5, 2), (2, 15), (15, 2), (2, 23), (23, 2), (2, 27), (27, 2), (2, 28), (28, 2), (3, 5), (5, 3), (3, 11), (11, 3), (3, 17), (17, 3), (3, 30), (30, 3), (4, 12), (12, 4), (4, 20), (20, 4), (4, 34), (34, 4), (5, 9), (9, 5), (5, 12), (12, 5), (5, 17), (17, 5), (6, 12), (12, 6), (6, 17), (17, 6), (6, 40), (40, 6), (7, 27), (27, 7), (7, 30), (30, 7), (7, 31), (31, 7), (8, 29), (29, 8), (8, 40), (40, 8), (9, 25), (25, 9), (9, 33), (33, 9), (10, 31), (31, 10), (11, 17), (17, 11), (11, 26), (26, 11), (11, 31), (31, 11), (11, 36), (36, 11), (11, 37), (37, 11), (12, 15), (15, 12), (14, 20), (20, 14), (15, 27), (27, 15), (15, 33), (33, 15), (17, 21), (21, 17), (17, 35), (35, 17), (18, 40), (40, 18), (19, 38), (38, 19), (20, 28), (28, 20), (21, 28), (28, 21), (21, 38), (38, 21), (22, 26), (26, 22), (22, 38), (38, 22), (24, 25), (25, 24), (24, 28), (28, 24), (24, 35), (35, 24), (26, 32), (32, 26), (28, 39), (39, 28), (30, 34), (34, 30), (30, 36), (36, 30), (31, 34), (34, 31), (35, 38), (38, 35)]
Z_dad = [11, 38]
Y_dad = [5, 32]
X_dad = [2, 6]
Z_da-ad = [2, 40]
Y_da-ad = [8, 38]
X_da-ad = [4, 28]
