no              #fail
86.963          #totTm
3.853           #lastADTm
17              #itDAD
4.812           #avItADGoal
51              #itADOpt
13              #opt
13              #optDA-AD
1.485           #tmDA
0.0             #relGain

V = [1, 2, 3, 4, 5, 6, 7, 8, 9, 10, 11, 12, 13, 14, 15, 16, 17, 18, 19, 20, 21, 22, 23, 24, 25, 26, 27, 28, 29, 30, 31, 32, 33, 34, 35, 36, 37, 38, 39, 40]
A = [(1, 6), (6, 1), (1, 12), (12, 1), (1, 19), (19, 1), (1, 24), (24, 1), (1, 37), (37, 1), (1, 39), (39, 1), (2, 5), (5, 2), (2, 7), (7, 2), (2, 19), (19, 2), (2, 39), (39, 2), (3, 6), (6, 3), (3, 14), (14, 3), (3, 18), (18, 3), (3, 24), (24, 3), (3, 25), (25, 3), (4, 18), (18, 4), (4, 26), (26, 4), (4, 28), (28, 4), (5, 14), (14, 5), (6, 9), (9, 6), (6, 23), (23, 6), (6, 35), (35, 6), (6, 37), (37, 6), (7, 23), (23, 7), (8, 35), (35, 8), (9, 27), (27, 9), (9, 37), (37, 9), (10, 24), (24, 10), (10, 31), (31, 10), (10, 36), (36, 10), (11, 22), (22, 11), (12, 21), (21, 12), (12, 31), (31, 12), (12, 34), (34, 12), (15, 34), (34, 15), (17, 24), (24, 17), (17, 25), (25, 17), (17, 39), (39, 17), (18, 26), (26, 18), (19, 20), (20, 19), (19, 23), (23, 19), (19, 33), (33, 19), (20, 22), (22, 20), (21, 29), (29, 21), (22, 37), (37, 22), (22, 38), (38, 22), (25, 38), (38, 25), (26, 34), (34, 26), (26, 40), (40, 26), (30, 31), (31, 30), (30, 32), (32, 30), (32, 40), (40, 32), (34, 37), (37, 34), (34, 39), (39, 34)]
Z_dad = [6, 12]
Y_dad = [10, 39]
X_dad = [19, 22]
Z_da-ad = [6, 12]
Y_da-ad = [8, 24]
X_da-ad = [10, 26]
