no              #fail
7.240           #totTm
4.931           #lastADTm
7               #itDAD
1.333           #avItADGoal
50              #itADOpt
17              #opt
16              #optDA-AD
1.597           #tmDA
5.9             #relGain

V = [1, 2, 3, 4, 5, 6, 7, 8, 9, 10, 11, 12, 13, 14, 15, 16, 17, 18, 19, 20, 21, 22, 23, 24, 25, 26, 27, 28, 29, 30, 31, 32, 33, 34, 35, 36, 37, 38, 39, 40]
A = [(1, 10), (10, 1), (1, 31), (31, 1), (2, 5), (5, 2), (2, 8), (8, 2), (2, 11), (11, 2), (2, 13), (13, 2), (2, 16), (16, 2), (2, 17), (17, 2), (2, 27), (27, 2), (2, 28), (28, 2), (3, 25), (25, 3), (4, 7), (7, 4), (4, 13), (13, 4), (4, 29), (29, 4), (5, 9), (9, 5), (5, 32), (32, 5), (6, 20), (20, 6), (6, 30), (30, 6), (7, 17), (17, 7), (7, 20), (20, 7), (7, 33), (33, 7), (8, 20), (20, 8), (8, 28), (28, 8), (8, 31), (31, 8), (8, 35), (35, 8), (9, 25), (25, 9), (9, 40), (40, 9), (11, 20), (20, 11), (11, 28), (28, 11), (12, 33), (33, 12), (13, 28), (28, 13), (14, 29), (29, 14), (15, 17), (17, 15), (15, 26), (26, 15), (16, 27), (27, 16), (16, 32), (32, 16), (17, 23), (23, 17), (17, 30), (30, 17), (17, 31), (31, 17), (17, 40), (40, 17), (18, 23), (23, 18), (18, 30), (30, 18), (19, 32), (32, 19), (20, 38), (38, 20), (21, 32), (32, 21), (25, 35), (35, 25), (26, 29), (29, 26), (26, 39), (39, 26), (27, 32), (32, 27), (29, 30), (30, 29), (29, 31), (31, 29), (31, 33), (33, 31), (32, 37), (37, 32), (35, 40), (40, 35)]
Z_dad = [17, 29]
Y_dad = [2, 39]
X_dad = [20, 32]
Z_da-ad = [2, 32]
Y_da-ad = [8, 27]
X_da-ad = [17, 35]
