no              #fail
61.353          #totTm
2.902           #lastADTm
14              #itDAD
4.000           #avItADGoal
45              #itADOpt
13              #opt
12              #optDA-AD
1.345           #tmDA
7.7             #relGain

V = [1, 2, 3, 4, 5, 6, 7, 8, 9, 10, 11, 12, 13, 14, 15, 16, 17, 18, 19, 20, 21, 22, 23, 24, 25, 26, 27, 28, 29, 30, 31, 32, 33, 34, 35, 36, 37, 38, 39, 40]
A = [(1, 20), (20, 1), (3, 9), (9, 3), (3, 14), (14, 3), (4, 34), (34, 4), (5, 31), (31, 5), (5, 33), (33, 5), (5, 34), (34, 5), (5, 35), (35, 5), (6, 15), (15, 6), (6, 37), (37, 6), (7, 39), (39, 7), (8, 9), (9, 8), (9, 12), (12, 9), (9, 16), (16, 9), (9, 26), (26, 9), (9, 29), (29, 9), (10, 11), (11, 10), (10, 12), (12, 10), (10, 21), (21, 10), (10, 25), (25, 10), (11, 32), (32, 11), (11, 33), (33, 11), (13, 40), (40, 13), (14, 26), (26, 14), (14, 29), (29, 14), (14, 36), (36, 14), (15, 24), (24, 15), (15, 30), (30, 15), (15, 34), (34, 15), (15, 36), (36, 15), (16, 22), (22, 16), (16, 37), (37, 16), (16, 40), (40, 16), (17, 28), (28, 17), (17, 35), (35, 17), (17, 36), (36, 17), (18, 23), (23, 18), (18, 30), (30, 18), (18, 31), (31, 18), (19, 35), (35, 19), (20, 26), (26, 20), (20, 27), (27, 20), (20, 40), (40, 20), (21, 31), (31, 21), (22, 24), (24, 22), (23, 36), (36, 23), (24, 37), (37, 24), (25, 28), (28, 25), (25, 30), (30, 25), (26, 32), (32, 26), (28, 31), (31, 28), (31, 40), (40, 31), (35, 36), (36, 35), (35, 40), (40, 35)]
Z_dad = [9, 14]
Y_dad = [15, 20]
X_dad = [34, 40]
Z_da-ad = [20, 40]
Y_da-ad = [7, 15]
X_da-ad = [9, 14]
