no              #fail
6.159           #totTm
2.026           #lastADTm
7               #itDAD
3.167           #avItADGoal
31              #itADOpt
14              #opt
12              #optDA-AD
2.629           #tmDA
14.3            #relGain

V = [1, 2, 3, 4, 5, 6, 7, 8, 9, 10, 11, 12, 13, 14, 15, 16, 17, 18, 19, 20, 21, 22, 23, 24, 25, 26, 27, 28, 29, 30, 31, 32, 33, 34, 35, 36, 37, 38, 39, 40]
A = [(1, 16), (16, 1), (1, 32), (32, 1), (2, 10), (10, 2), (2, 14), (14, 2), (2, 21), (21, 2), (2, 26), (26, 2), (2, 27), (27, 2), (3, 14), (14, 3), (3, 27), (27, 3), (3, 31), (31, 3), (3, 33), (33, 3), (3, 35), (35, 3), (3, 36), (36, 3), (4, 8), (8, 4), (4, 11), (11, 4), (4, 19), (19, 4), (4, 33), (33, 4), (5, 10), (10, 5), (5, 28), (28, 5), (5, 29), (29, 5), (6, 10), (10, 6), (6, 30), (30, 6), (7, 8), (8, 7), (7, 22), (22, 7), (8, 23), (23, 8), (8, 31), (31, 8), (8, 36), (36, 8), (8, 38), (38, 8), (9, 16), (16, 9), (9, 25), (25, 9), (10, 25), (25, 10), (11, 16), (16, 11), (11, 24), (24, 11), (11, 27), (27, 11), (12, 13), (13, 12), (12, 22), (22, 12), (12, 37), (37, 12), (14, 39), (39, 14), (15, 31), (31, 15), (16, 32), (32, 16), (16, 34), (34, 16), (16, 38), (38, 16), (17, 22), (22, 17), (19, 39), (39, 19), (23, 25), (25, 23), (23, 35), (35, 23), (25, 26), (26, 25), (25, 40), (40, 25), (26, 32), (32, 26), (27, 28), (28, 27), (31, 34), (34, 31), (34, 36), (36, 34), (34, 40), (40, 34), (35, 39), (39, 35)]
Z_dad = [2, 25]
Y_dad = [10, 16]
X_dad = [5, 8]
Z_da-ad = [10, 22]
Y_da-ad = [27, 37]
X_da-ad = [11, 28]
