no              #fail
58.210          #totTm
2.309           #lastADTm
14              #itDAD
2.846           #avItADGoal
33              #itADOpt
13              #opt
13              #optDA-AD
0.91            #tmDA
0.0             #relGain

V = [1, 2, 3, 4, 5, 6, 7, 8, 9, 10, 11, 12, 13, 14, 15, 16, 17, 18, 19, 20, 21, 22, 23, 24, 25, 26, 27, 28, 29, 30, 31, 32, 33, 34, 35, 36, 37, 38, 39, 40]
A = [(1, 8), (8, 1), (1, 12), (12, 1), (2, 15), (15, 2), (2, 21), (21, 2), (2, 26), (26, 2), (2, 32), (32, 2), (3, 12), (12, 3), (3, 36), (36, 3), (3, 38), (38, 3), (4, 20), (20, 4), (4, 40), (40, 4), (5, 9), (9, 5), (5, 11), (11, 5), (5, 16), (16, 5), (5, 37), (37, 5), (6, 12), (12, 6), (6, 16), (16, 6), (6, 35), (35, 6), (7, 25), (25, 7), (7, 30), (30, 7), (7, 32), (32, 7), (7, 35), (35, 7), (8, 36), (36, 8), (9, 12), (12, 9), (9, 13), (13, 9), (9, 16), (16, 9), (9, 17), (17, 9), (9, 29), (29, 9), (10, 11), (11, 10), (10, 20), (20, 10), (10, 29), (29, 10), (11, 18), (18, 11), (11, 23), (23, 11), (11, 38), (38, 11), (12, 23), (23, 12), (12, 31), (31, 12), (13, 18), (18, 13), (14, 25), (25, 14), (14, 31), (31, 14), (14, 38), (38, 14), (16, 26), (26, 16), (16, 31), (31, 16), (17, 38), (38, 17), (17, 39), (39, 17), (19, 27), (27, 19), (21, 33), (33, 21), (21, 38), (38, 21), (24, 27), (27, 24), (25, 29), (29, 25), (26, 30), (30, 26), (26, 33), (33, 26), (28, 32), (32, 28), (28, 40), (40, 28), (37, 40), (40, 37)]
Z_dad = [12, 38]
Y_dad = [3, 9]
X_dad = [26, 32]
Z_da-ad = [12, 38]
Y_da-ad = [8, 9]
X_da-ad = [26, 32]
