no              #fail
99.852          #totTm
4.046           #lastADTm
14              #itDAD
4.692           #avItADGoal
60              #itADOpt
13              #opt
13              #optDA-AD
1.007           #tmDA
0.0             #relGain

V = [1, 2, 3, 4, 5, 6, 7, 8, 9, 10, 11, 12, 13, 14, 15, 16, 17, 18, 19, 20, 21, 22, 23, 24, 25, 26, 27, 28, 29, 30, 31, 32, 33, 34, 35, 36, 37, 38, 39, 40]
A = [(1, 25), (25, 1), (1, 34), (34, 1), (1, 35), (35, 1), (1, 37), (37, 1), (2, 5), (5, 2), (2, 21), (21, 2), (2, 23), (23, 2), (2, 29), (29, 2), (2, 37), (37, 2), (3, 17), (17, 3), (3, 22), (22, 3), (4, 8), (8, 4), (4, 31), (31, 4), (4, 36), (36, 4), (5, 27), (27, 5), (5, 32), (32, 5), (6, 13), (13, 6), (6, 36), (36, 6), (7, 29), (29, 7), (7, 34), (34, 7), (7, 36), (36, 7), (8, 31), (31, 8), (9, 14), (14, 9), (9, 16), (16, 9), (9, 23), (23, 9), (10, 16), (16, 10), (10, 26), (26, 10), (11, 22), (22, 11), (11, 32), (32, 11), (11, 34), (34, 11), (11, 39), (39, 11), (13, 14), (14, 13), (14, 24), (24, 14), (14, 39), (39, 14), (15, 22), (22, 15), (15, 26), (26, 15), (15, 39), (39, 15), (17, 30), (30, 17), (17, 38), (38, 17), (18, 38), (38, 18), (20, 28), (28, 20), (20, 33), (33, 20), (22, 23), (23, 22), (23, 29), (29, 23), (23, 30), (30, 23), (26, 35), (35, 26), (27, 30), (30, 27), (28, 33), (33, 28), (29, 37), (37, 29), (30, 37), (37, 30), (31, 35), (35, 31), (34, 38), (38, 34), (37, 40), (40, 37), (39, 40), (40, 39)]
Z_dad = [1, 14]
Y_dad = [26, 36]
X_dad = [10, 23]
Z_da-ad = [35, 36]
Y_da-ad = [9, 31]
X_da-ad = [1, 14]
