no              #fail
25.024          #totTm
1.376           #lastADTm
13              #itDAD
3.917           #avItADGoal
21              #itADOpt
14              #opt
13              #optDA-AD
2.427           #tmDA
7.1             #relGain

V = [1, 2, 3, 4, 5, 6, 7, 8, 9, 10, 11, 12, 13, 14, 15, 16, 17, 18, 19, 20, 21, 22, 23, 24, 25, 26, 27, 28, 29, 30, 31, 32, 33, 34, 35, 36, 37, 38, 39, 40]
A = [(1, 26), (26, 1), (1, 30), (30, 1), (1, 33), (33, 1), (1, 36), (36, 1), (2, 5), (5, 2), (3, 5), (5, 3), (3, 18), (18, 3), (3, 22), (22, 3), (3, 24), (24, 3), (3, 36), (36, 3), (3, 37), (37, 3), (4, 10), (10, 4), (4, 39), (39, 4), (5, 7), (7, 5), (5, 17), (17, 5), (5, 21), (21, 5), (5, 34), (34, 5), (6, 17), (17, 6), (6, 36), (36, 6), (7, 22), (22, 7), (7, 28), (28, 7), (8, 33), (33, 8), (9, 14), (14, 9), (9, 22), (22, 9), (10, 13), (13, 10), (10, 14), (14, 10), (10, 26), (26, 10), (10, 39), (39, 10), (11, 18), (18, 11), (11, 34), (34, 11), (12, 13), (13, 12), (12, 14), (14, 12), (12, 32), (32, 12), (13, 36), (36, 13), (14, 18), (18, 14), (15, 25), (25, 15), (17, 38), (38, 17), (18, 27), (27, 18), (18, 32), (32, 18), (18, 34), (34, 18), (18, 40), (40, 18), (19, 20), (20, 19), (19, 26), (26, 19), (22, 34), (34, 22), (25, 37), (37, 25), (26, 37), (37, 26), (26, 40), (40, 26), (27, 32), (32, 27), (27, 35), (35, 27), (29, 30), (30, 29), (32, 40), (40, 32), (33, 34), (34, 33), (33, 37), (37, 33), (37, 38), (38, 37)]
Z_dad = [26, 36]
Y_dad = [18, 20]
X_dad = [5, 37]
Z_da-ad = [5, 37]
Y_da-ad = [15, 36]
X_da-ad = [1, 26]
