no              #fail
9.586           #totTm
0.520           #lastADTm
10              #itDAD
1.222           #avItADGoal
15              #itADOpt
30              #opt
24              #optDA-AD
0.496           #tmDA
20.0            #relGain

V = [1, 2, 3, 4, 5, 6, 7, 8, 9, 10, 11, 12, 13, 14, 15, 16, 17, 18, 19, 20, 21, 22, 23, 24, 25, 26, 27, 28, 29, 30, 31, 32, 33, 34, 35, 36, 37, 38, 39, 40]
A = [(1, 5), (5, 1), (1, 6), (6, 1), (1, 15), (15, 1), (1, 32), (32, 1), (1, 33), (33, 1), (2, 15), (15, 2), (2, 39), (39, 2), (3, 14), (14, 3), (3, 30), (30, 3), (3, 33), (33, 3), (4, 9), (9, 4), (4, 15), (15, 4), (4, 26), (26, 4), (5, 11), (11, 5), (5, 28), (28, 5), (5, 37), (37, 5), (6, 13), (13, 6), (6, 20), (20, 6), (6, 22), (22, 6), (6, 23), (23, 6), (6, 40), (40, 6), (8, 29), (29, 8), (9, 13), (13, 9), (9, 18), (18, 9), (9, 21), (21, 9), (10, 13), (13, 10), (10, 31), (31, 10), (10, 32), (32, 10), (10, 35), (35, 10), (11, 38), (38, 11), (12, 19), (19, 12), (12, 25), (25, 12), (13, 23), (23, 13), (13, 31), (31, 13), (14, 21), (21, 14), (14, 25), (25, 14), (14, 36), (36, 14), (15, 18), (18, 15), (16, 22), (22, 16), (16, 25), (25, 16), (18, 24), (24, 18), (18, 27), (27, 18), (19, 38), (38, 19), (20, 34), (34, 20), (21, 27), (27, 21), (21, 39), (39, 21), (21, 40), (40, 21), (22, 32), (32, 22), (23, 31), (31, 23), (24, 33), (33, 24), (25, 26), (26, 25), (25, 35), (35, 25), (26, 34), (34, 26), (26, 38), (38, 26), (26, 39), (39, 26), (27, 29), (29, 27), (27, 39), (39, 27), (28, 38), (38, 28), (29, 38), (38, 29), (29, 40), (40, 29), (36, 40), (40, 36), (37, 38), (38, 37)]
Z_dad = [1, 14, 26]
Y_dad = [6]
X_dad = [13, 25, 40]
Z_da-ad = [1, 25, 38]
Y_da-ad = [40]
X_da-ad = [6, 9, 26]
