no              #fail
2.792           #totTm
0.793           #lastADTm
8               #itDAD
1.000           #avItADGoal
22              #itADOpt
26              #opt
20              #optDA-AD
0.527           #tmDA
23.1            #relGain

V = [1, 2, 3, 4, 5, 6, 7, 8, 9, 10, 11, 12, 13, 14, 15, 16, 17, 18, 19, 20, 21, 22, 23, 24, 25, 26, 27, 28, 29, 30, 31, 32, 33, 34, 35, 36, 37, 38, 39, 40]
A = [(1, 19), (19, 1), (1, 24), (24, 1), (1, 28), (28, 1), (2, 6), (6, 2), (2, 39), (39, 2), (3, 12), (12, 3), (3, 18), (18, 3), (3, 27), (27, 3), (3, 28), (28, 3), (3, 38), (38, 3), (4, 10), (10, 4), (4, 12), (12, 4), (4, 36), (36, 4), (4, 38), (38, 4), (5, 10), (10, 5), (5, 33), (33, 5), (6, 10), (10, 6), (6, 21), (21, 6), (6, 22), (22, 6), (6, 38), (38, 6), (7, 8), (8, 7), (7, 15), (15, 7), (7, 21), (21, 7), (7, 26), (26, 7), (8, 20), (20, 8), (8, 21), (21, 8), (9, 27), (27, 9), (10, 37), (37, 10), (11, 23), (23, 11), (11, 38), (38, 11), (12, 15), (15, 12), (12, 39), (39, 12), (13, 22), (22, 13), (13, 33), (33, 13), (14, 27), (27, 14), (15, 16), (16, 15), (15, 38), (38, 15), (16, 17), (17, 16), (17, 18), (18, 17), (17, 27), (27, 17), (17, 28), (28, 17), (17, 33), (33, 17), (17, 35), (35, 17), (18, 25), (25, 18), (18, 27), (27, 18), (19, 33), (33, 19), (19, 38), (38, 19), (21, 27), (27, 21), (21, 30), (30, 21), (23, 29), (29, 23), (24, 36), (36, 24), (25, 38), (38, 25), (25, 39), (39, 25), (27, 35), (35, 27), (28, 30), (30, 28), (29, 31), (31, 29), (29, 32), (32, 29), (29, 36), (36, 29), (33, 40), (40, 33), (35, 38), (38, 35), (38, 39), (39, 38), (39, 40), (40, 39)]
Z_dad = [12, 33, 38]
Y_dad = [21]
X_dad = [6, 18, 28]
Z_da-ad = [27, 36, 38]
Y_da-ad = [17]
X_da-ad = [6, 12, 33]
