no              #fail
54.290          #totTm
0.425           #lastADTm
10              #itDAD
1.222           #avItADGoal
14              #itADOpt
20              #opt
14              #optDA-AD
1.067           #tmDA
30.0            #relGain

V = [1, 2, 3, 4, 5, 6, 7, 8, 9, 10, 11, 12, 13, 14, 15, 16, 17, 18, 19, 20, 21, 22, 23, 24, 25, 26, 27, 28, 29, 30, 31, 32, 33, 34, 35, 36, 37, 38, 39, 40]
A = [(1, 7), (7, 1), (1, 16), (16, 1), (1, 24), (24, 1), (1, 29), (29, 1), (1, 31), (31, 1), (2, 3), (3, 2), (2, 16), (16, 2), (2, 34), (34, 2), (2, 35), (35, 2), (3, 7), (7, 3), (3, 12), (12, 3), (3, 14), (14, 3), (3, 40), (40, 3), (4, 24), (24, 4), (4, 26), (26, 4), (5, 22), (22, 5), (5, 27), (27, 5), (5, 35), (35, 5), (6, 14), (14, 6), (6, 20), (20, 6), (6, 32), (32, 6), (7, 12), (12, 7), (7, 37), (37, 7), (9, 18), (18, 9), (9, 20), (20, 9), (9, 40), (40, 9), (10, 15), (15, 10), (10, 35), (35, 10), (11, 29), (29, 11), (12, 14), (14, 12), (12, 16), (16, 12), (12, 24), (24, 12), (13, 21), (21, 13), (13, 28), (28, 13), (14, 31), (31, 14), (14, 36), (36, 14), (15, 16), (16, 15), (15, 28), (28, 15), (16, 23), (23, 16), (17, 18), (18, 17), (17, 21), (21, 17), (18, 33), (33, 18), (18, 38), (38, 18), (19, 21), (21, 19), (19, 36), (36, 19), (19, 40), (40, 19), (20, 35), (35, 20), (21, 23), (23, 21), (21, 38), (38, 21), (22, 28), (28, 22), (23, 39), (39, 23), (23, 40), (40, 23), (24, 31), (31, 24), (24, 36), (36, 24), (26, 28), (28, 26), (26, 33), (33, 26), (27, 32), (32, 27), (28, 38), (38, 28), (30, 35), (35, 30), (30, 37), (37, 30), (32, 37), (37, 32), (32, 39), (39, 32)]
Z_dad = [21, 24, 35]
Y_dad = [16]
X_dad = [9, 15, 32]
Z_da-ad = [1, 2, 3]
Y_da-ad = [18]
X_da-ad = [28, 32, 35]
