no              #fail
9.745           #totTm
0.770           #lastADTm
7               #itDAD
1.333           #avItADGoal
21              #itADOpt
21              #opt
19              #optDA-AD
0.548           #tmDA
9.5             #relGain

V = [1, 2, 3, 4, 5, 6, 7, 8, 9, 10, 11, 12, 13, 14, 15, 16, 17, 18, 19, 20, 21, 22, 23, 24, 25, 26, 27, 28, 29, 30, 31, 32, 33, 34, 35, 36, 37, 38, 39, 40]
A = [(1, 8), (8, 1), (1, 14), (14, 1), (1, 30), (30, 1), (2, 4), (4, 2), (2, 30), (30, 2), (3, 12), (12, 3), (3, 16), (16, 3), (3, 19), (19, 3), (3, 36), (36, 3), (3, 37), (37, 3), (4, 7), (7, 4), (5, 24), (24, 5), (5, 33), (33, 5), (5, 39), (39, 5), (6, 21), (21, 6), (6, 33), (33, 6), (7, 14), (14, 7), (7, 39), (39, 7), (9, 13), (13, 9), (9, 24), (24, 9), (9, 34), (34, 9), (9, 37), (37, 9), (10, 21), (21, 10), (10, 22), (22, 10), (10, 25), (25, 10), (10, 32), (32, 10), (10, 35), (35, 10), (11, 38), (38, 11), (12, 13), (13, 12), (12, 32), (32, 12), (12, 39), (39, 12), (14, 37), (37, 14), (15, 33), (33, 15), (16, 22), (22, 16), (16, 33), (33, 16), (16, 37), (37, 16), (16, 38), (38, 16), (17, 34), (34, 17), (17, 40), (40, 17), (18, 22), (22, 18), (18, 40), (40, 18), (20, 24), (24, 20), (20, 28), (28, 20), (21, 39), (39, 21), (22, 27), (27, 22), (22, 34), (34, 22), (23, 26), (26, 23), (24, 31), (31, 24), (24, 38), (38, 24), (25, 27), (27, 25), (27, 30), (30, 27), (28, 29), (29, 28), (28, 36), (36, 28), (29, 33), (33, 29), (31, 32), (32, 31), (31, 39), (39, 31), (31, 40), (40, 31), (32, 33), (33, 32), (32, 35), (35, 32), (35, 36), (36, 35), (35, 37), (37, 35), (39, 40), (40, 39)]
Z_dad = [10, 16, 39]
Y_dad = [37]
X_dad = [9, 14, 31]
Z_da-ad = [27, 37, 39]
Y_da-ad = [33]
X_da-ad = [9, 22, 31]
