no              #fail
1.029           #totTm
0.530           #lastADTm
5               #itDAD
1.000           #avItADGoal
16              #itADOpt
28              #opt
22              #optDA-AD
0.493           #tmDA
21.4            #relGain

V = [1, 2, 3, 4, 5, 6, 7, 8, 9, 10, 11, 12, 13, 14, 15, 16, 17, 18, 19, 20, 21, 22, 23, 24, 25, 26, 27, 28, 29, 30, 31, 32, 33, 34, 35, 36, 37, 38, 39, 40]
A = [(1, 27), (27, 1), (1, 30), (30, 1), (1, 31), (31, 1), (1, 36), (36, 1), (1, 37), (37, 1), (2, 3), (3, 2), (2, 5), (5, 2), (2, 11), (11, 2), (2, 20), (20, 2), (2, 40), (40, 2), (3, 24), (24, 3), (3, 28), (28, 3), (3, 30), (30, 3), (3, 32), (32, 3), (3, 33), (33, 3), (4, 39), (39, 4), (5, 15), (15, 5), (5, 26), (26, 5), (5, 38), (38, 5), (6, 17), (17, 6), (6, 25), (25, 6), (6, 32), (32, 6), (7, 31), (31, 7), (8, 9), (9, 8), (8, 17), (17, 8), (9, 16), (16, 9), (10, 15), (15, 10), (10, 28), (28, 10), (11, 16), (16, 11), (11, 23), (23, 11), (11, 24), (24, 11), (11, 30), (30, 11), (12, 21), (21, 12), (13, 14), (14, 13), (14, 15), (15, 14), (14, 24), (24, 14), (14, 28), (28, 14), (14, 40), (40, 14), (15, 24), (24, 15), (15, 30), (30, 15), (15, 39), (39, 15), (16, 30), (30, 16), (17, 19), (19, 17), (18, 24), (24, 18), (18, 28), (28, 18), (18, 31), (31, 18), (19, 21), (21, 19), (19, 25), (25, 19), (20, 30), (30, 20), (20, 33), (33, 20), (21, 23), (23, 21), (21, 25), (25, 21), (21, 28), (28, 21), (21, 36), (36, 21), (22, 34), (34, 22), (22, 40), (40, 22), (26, 28), (28, 26), (28, 39), (39, 28), (30, 32), (32, 30), (32, 35), (35, 32), (36, 40), (40, 36), (38, 39), (39, 38)]
Z_dad = [24, 28, 30]
Y_dad = [2]
X_dad = [3, 11, 40]
Z_da-ad = [16, 21, 32]
Y_da-ad = [30]
X_da-ad = [1, 2, 14]
