no              #fail
9.747           #totTm
0.461           #lastADTm
8               #itDAD
1.429           #avItADGoal
17              #itADOpt
21              #opt
20              #optDA-AD
0.557           #tmDA
4.8             #relGain

V = [1, 2, 3, 4, 5, 6, 7, 8, 9, 10, 11, 12, 13, 14, 15, 16, 17, 18, 19, 20, 21, 22, 23, 24, 25, 26, 27, 28, 29, 30, 31, 32, 33, 34, 35, 36, 37, 38, 39, 40]
A = [(1, 16), (16, 1), (1, 23), (23, 1), (2, 19), (19, 2), (2, 27), (27, 2), (2, 29), (29, 2), (2, 37), (37, 2), (3, 7), (7, 3), (3, 27), (27, 3), (3, 32), (32, 3), (4, 12), (12, 4), (4, 17), (17, 4), (4, 19), (19, 4), (4, 22), (22, 4), (4, 32), (32, 4), (5, 8), (8, 5), (5, 18), (18, 5), (5, 19), (19, 5), (5, 34), (34, 5), (5, 37), (37, 5), (6, 17), (17, 6), (8, 39), (39, 8), (9, 16), (16, 9), (9, 21), (21, 9), (9, 22), (22, 9), (11, 18), (18, 11), (11, 28), (28, 11), (12, 26), (26, 12), (12, 28), (28, 12), (12, 29), (29, 12), (13, 21), (21, 13), (13, 34), (34, 13), (14, 18), (18, 14), (14, 19), (19, 14), (14, 21), (21, 14), (14, 26), (26, 14), (15, 20), (20, 15), (15, 40), (40, 15), (16, 37), (37, 16), (17, 18), (18, 17), (17, 34), (34, 17), (17, 37), (37, 17), (18, 25), (25, 18), (18, 26), (26, 18), (18, 27), (27, 18), (18, 29), (29, 18), (19, 35), (35, 19), (20, 21), (21, 20), (20, 22), (22, 20), (20, 36), (36, 20), (22, 29), (29, 22), (22, 30), (30, 22), (22, 32), (32, 22), (22, 33), (33, 22), (22, 38), (38, 22), (23, 29), (29, 23), (24, 28), (28, 24), (24, 37), (37, 24), (26, 36), (36, 26), (28, 29), (29, 28), (32, 35), (35, 32), (33, 40), (40, 33), (38, 40), (40, 38)]
Z_dad = [5, 17, 22]
Y_dad = [14]
X_dad = [18, 21, 26]
Z_da-ad = [21, 22, 26]
Y_da-ad = [5]
X_da-ad = [3, 29, 37]
