no              #fail
3.678           #totTm
0.428           #lastADTm
6               #itDAD
1.200           #avItADGoal
17              #itADOpt
21              #opt
16              #optDA-AD
0.603           #tmDA
23.8            #relGain

V = [1, 2, 3, 4, 5, 6, 7, 8, 9, 10, 11, 12, 13, 14, 15, 16, 17, 18, 19, 20, 21, 22, 23, 24, 25, 26, 27, 28, 29, 30, 31, 32, 33, 34, 35, 36, 37, 38, 39, 40]
A = [(1, 18), (18, 1), (1, 23), (23, 1), (1, 28), (28, 1), (1, 36), (36, 1), (2, 8), (8, 2), (2, 19), (19, 2), (2, 28), (28, 2), (2, 34), (34, 2), (3, 10), (10, 3), (3, 19), (19, 3), (3, 21), (21, 3), (4, 11), (11, 4), (4, 14), (14, 4), (4, 18), (18, 4), (4, 19), (19, 4), (4, 20), (20, 4), (4, 27), (27, 4), (4, 37), (37, 4), (5, 11), (11, 5), (5, 39), (39, 5), (6, 16), (16, 6), (6, 18), (18, 6), (6, 38), (38, 6), (8, 9), (9, 8), (8, 16), (16, 8), (8, 17), (17, 8), (8, 29), (29, 8), (8, 36), (36, 8), (9, 16), (16, 9), (9, 24), (24, 9), (9, 27), (27, 9), (9, 33), (33, 9), (10, 17), (17, 10), (10, 24), (24, 10), (10, 26), (26, 10), (11, 31), (31, 11), (12, 26), (26, 12), (14, 38), (38, 14), (15, 35), (35, 15), (16, 29), (29, 16), (16, 34), (34, 16), (17, 27), (27, 17), (17, 35), (35, 17), (18, 29), (29, 18), (18, 33), (33, 18), (19, 24), (24, 19), (19, 38), (38, 19), (20, 36), (36, 20), (21, 25), (25, 21), (21, 38), (38, 21), (21, 39), (39, 21), (24, 29), (29, 24), (26, 29), (29, 26), (27, 39), (39, 27), (28, 30), (30, 28), (28, 31), (31, 28), (28, 39), (39, 28), (29, 38), (38, 29), (30, 35), (35, 30), (34, 40), (40, 34), (35, 37), (37, 35), (37, 38), (38, 37)]
Z_dad = [4, 28, 38]
Y_dad = [9]
X_dad = [3, 17, 27]
Z_da-ad = [26, 34, 35]
Y_da-ad = [4]
X_da-ad = [11, 28, 39]
