no              #fail
25.363          #totTm
0.244           #lastADTm
10              #itDAD
1.333           #avItADGoal
9               #itADOpt
25              #opt
20              #optDA-AD
0.557           #tmDA
20.0            #relGain

V = [1, 2, 3, 4, 5, 6, 7, 8, 9, 10, 11, 12, 13, 14, 15, 16, 17, 18, 19, 20, 21, 22, 23, 24, 25, 26, 27, 28, 29, 30, 31, 32, 33, 34, 35, 36, 37, 38, 39, 40]
A = [(1, 17), (17, 1), (2, 7), (7, 2), (2, 18), (18, 2), (2, 21), (21, 2), (2, 36), (36, 2), (3, 7), (7, 3), (3, 12), (12, 3), (3, 22), (22, 3), (4, 24), (24, 4), (5, 8), (8, 5), (5, 11), (11, 5), (5, 33), (33, 5), (5, 40), (40, 5), (6, 7), (7, 6), (6, 14), (14, 6), (6, 20), (20, 6), (6, 40), (40, 6), (7, 8), (8, 7), (7, 39), (39, 7), (8, 37), (37, 8), (8, 38), (38, 8), (8, 39), (39, 8), (9, 12), (12, 9), (10, 17), (17, 10), (10, 18), (18, 10), (10, 22), (22, 10), (10, 33), (33, 10), (10, 35), (35, 10), (11, 25), (25, 11), (11, 33), (33, 11), (12, 22), (22, 12), (12, 34), (34, 12), (13, 14), (14, 13), (13, 18), (18, 13), (14, 36), (36, 14), (15, 19), (19, 15), (15, 20), (20, 15), (15, 30), (30, 15), (15, 33), (33, 15), (16, 20), (20, 16), (16, 30), (30, 16), (17, 38), (38, 17), (18, 25), (25, 18), (18, 38), (38, 18), (20, 26), (26, 20), (20, 36), (36, 20), (22, 37), (37, 22), (23, 38), (38, 23), (24, 28), (28, 24), (25, 26), (26, 25), (25, 38), (38, 25), (26, 30), (30, 26), (27, 28), (28, 27), (28, 29), (29, 28), (28, 33), (33, 28), (29, 32), (32, 29), (31, 35), (35, 31), (31, 38), (38, 31), (32, 37), (37, 32), (33, 37), (37, 33), (34, 36), (36, 34), (36, 38), (38, 36)]
Z_dad = [18, 37, 38]
Y_dad = [20]
X_dad = [7, 33, 36]
Z_da-ad = [10, 28, 38]
Y_da-ad = [36]
X_da-ad = [7, 34, 37]
