no              #fail
5.339           #totTm
0.147           #lastADTm
7               #itDAD
1.333           #avItADGoal
6               #itADOpt
21              #opt
18              #optDA-AD
0.48            #tmDA
14.3            #relGain

V = [1, 2, 3, 4, 5, 6, 7, 8, 9, 10, 11, 12, 13, 14, 15, 16, 17, 18, 19, 20, 21, 22, 23, 24, 25, 26, 27, 28, 29, 30, 31, 32, 33, 34, 35, 36, 37, 38, 39, 40]
A = [(1, 9), (9, 1), (1, 13), (13, 1), (1, 20), (20, 1), (1, 25), (25, 1), (1, 27), (27, 1), (2, 8), (8, 2), (2, 10), (10, 2), (2, 15), (15, 2), (2, 16), (16, 2), (3, 37), (37, 3), (3, 38), (38, 3), (4, 28), (28, 4), (4, 30), (30, 4), (5, 11), (11, 5), (5, 13), (13, 5), (5, 17), (17, 5), (5, 26), (26, 5), (7, 21), (21, 7), (8, 18), (18, 8), (8, 19), (19, 8), (8, 21), (21, 8), (9, 17), (17, 9), (9, 34), (34, 9), (9, 35), (35, 9), (9, 37), (37, 9), (10, 20), (20, 10), (10, 22), (22, 10), (10, 25), (25, 10), (11, 15), (15, 11), (12, 16), (16, 12), (13, 25), (25, 13), (13, 40), (40, 13), (14, 17), (17, 14), (15, 19), (19, 15), (15, 29), (29, 15), (15, 34), (34, 15), (16, 25), (25, 16), (16, 33), (33, 16), (16, 36), (36, 16), (16, 38), (38, 16), (17, 22), (22, 17), (17, 23), (23, 17), (17, 36), (36, 17), (17, 37), (37, 17), (17, 39), (39, 17), (18, 29), (29, 18), (18, 38), (38, 18), (19, 20), (20, 19), (19, 26), (26, 19), (19, 27), (27, 19), (19, 32), (32, 19), (19, 36), (36, 19), (21, 33), (33, 21), (23, 27), (27, 23), (24, 26), (26, 24), (24, 29), (29, 24), (24, 38), (38, 24), (25, 38), (38, 25), (27, 30), (30, 27), (27, 40), (40, 27), (28, 34), (34, 28), (30, 38), (38, 30)]
Z_dad = [19, 34, 38]
Y_dad = [17]
X_dad = [5, 10, 16]
Z_da-ad = [8, 16, 17]
Y_da-ad = [38]
X_da-ad = [10, 19, 27]
