no              #fail
1.409           #totTm
0.609           #lastADTm
5               #itDAD
1.000           #avItADGoal
18              #itADOpt
26              #opt
20              #optDA-AD
0.472           #tmDA
23.1            #relGain

V = [1, 2, 3, 4, 5, 6, 7, 8, 9, 10, 11, 12, 13, 14, 15, 16, 17, 18, 19, 20, 21, 22, 23, 24, 25, 26, 27, 28, 29, 30, 31, 32, 33, 34, 35, 36, 37, 38, 39, 40]
A = [(1, 3), (3, 1), (1, 6), (6, 1), (1, 22), (22, 1), (1, 38), (38, 1), (3, 6), (6, 3), (3, 11), (11, 3), (3, 17), (17, 3), (4, 11), (11, 4), (4, 24), (24, 4), (4, 29), (29, 4), (4, 33), (33, 4), (5, 18), (18, 5), (6, 8), (8, 6), (6, 17), (17, 6), (6, 25), (25, 6), (6, 40), (40, 6), (7, 12), (12, 7), (7, 13), (13, 7), (7, 17), (17, 7), (7, 27), (27, 7), (8, 11), (11, 8), (8, 34), (34, 8), (8, 39), (39, 8), (9, 25), (25, 9), (9, 27), (27, 9), (9, 29), (29, 9), (9, 39), (39, 9), (10, 16), (16, 10), (10, 35), (35, 10), (11, 18), (18, 11), (11, 36), (36, 11), (12, 14), (14, 12), (12, 16), (16, 12), (12, 30), (30, 12), (12, 35), (35, 12), (13, 15), (15, 13), (13, 28), (28, 13), (14, 26), (26, 14), (14, 35), (35, 14), (15, 17), (17, 15), (16, 37), (37, 16), (18, 19), (19, 18), (19, 21), (21, 19), (19, 29), (29, 19), (20, 22), (22, 20), (20, 27), (27, 20), (20, 36), (36, 20), (21, 35), (35, 21), (21, 40), (40, 21), (22, 33), (33, 22), (22, 36), (36, 22), (23, 32), (32, 23), (24, 25), (25, 24), (25, 29), (29, 25), (27, 38), (38, 27), (29, 31), (31, 29), (29, 37), (37, 29), (29, 39), (39, 29), (30, 31), (31, 30), (31, 39), (39, 31), (35, 38), (38, 35), (39, 40), (40, 39)]
Z_dad = [6, 11, 29]
Y_dad = [27]
X_dad = [7, 9, 38]
Z_da-ad = [12, 29, 35]
Y_da-ad = [11]
X_da-ad = [6, 18, 39]
