no              #fail
1.002           #totTm
0.271           #lastADTm
5               #itDAD
1.000           #avItADGoal
9               #itADOpt
25              #opt
18              #optDA-AD
0.497           #tmDA
28.0            #relGain

V = [1, 2, 3, 4, 5, 6, 7, 8, 9, 10, 11, 12, 13, 14, 15, 16, 17, 18, 19, 20, 21, 22, 23, 24, 25, 26, 27, 28, 29, 30, 31, 32, 33, 34, 35, 36, 37, 38, 39, 40]
A = [(1, 20), (20, 1), (1, 24), (24, 1), (1, 27), (27, 1), (1, 32), (32, 1), (2, 14), (14, 2), (2, 21), (21, 2), (2, 22), (22, 2), (2, 32), (32, 2), (2, 35), (35, 2), (3, 12), (12, 3), (3, 31), (31, 3), (4, 18), (18, 4), (4, 25), (25, 4), (5, 6), (6, 5), (6, 20), (20, 6), (6, 22), (22, 6), (6, 25), (25, 6), (6, 36), (36, 6), (7, 14), (14, 7), (7, 15), (15, 7), (8, 11), (11, 8), (8, 24), (24, 8), (8, 28), (28, 8), (8, 33), (33, 8), (9, 38), (38, 9), (10, 12), (12, 10), (10, 22), (22, 10), (10, 30), (30, 10), (11, 12), (12, 11), (11, 37), (37, 11), (12, 26), (26, 12), (12, 39), (39, 12), (13, 17), (17, 13), (13, 19), (19, 13), (13, 23), (23, 13), (13, 24), (24, 13), (13, 34), (34, 13), (14, 23), (23, 14), (15, 20), (20, 15), (16, 24), (24, 16), (17, 25), (25, 17), (17, 30), (30, 17), (18, 23), (23, 18), (18, 36), (36, 18), (18, 38), (38, 18), (19, 40), (40, 19), (21, 23), (23, 21), (21, 27), (27, 21), (22, 23), (23, 22), (23, 24), (24, 23), (23, 25), (25, 23), (23, 36), (36, 23), (25, 31), (31, 25), (25, 37), (37, 25), (26, 30), (30, 26), (26, 39), (39, 26), (27, 28), (28, 27), (27, 30), (30, 27), (27, 31), (31, 27), (28, 37), (37, 28), (32, 36), (36, 32), (32, 39), (39, 32)]
Z_dad = [23, 25, 27]
Y_dad = [12]
X_dad = [10, 24, 39]
Z_da-ad = [13, 18, 25]
Y_da-ad = [12]
X_da-ad = [11, 24, 27]
