no              #fail
33.405          #totTm
31.616          #lastADTm
5               #itDAD
1.250           #avItADGoal
156             #itADOpt
15              #opt
15              #optDA-AD
0.509           #tmDA
0.0             #relGain

V = [1, 2, 3, 4, 5, 6, 7, 8, 9, 10, 11, 12, 13, 14, 15, 16, 17, 18, 19, 20, 21, 22, 23, 24, 25, 26, 27, 28, 29, 30, 31, 32, 33, 34, 35, 36, 37, 38, 39, 40]
A = [(1, 10), (10, 1), (2, 9), (9, 2), (2, 20), (20, 2), (2, 24), (24, 2), (3, 11), (11, 3), (3, 13), (13, 3), (3, 30), (30, 3), (4, 25), (25, 4), (6, 8), (8, 6), (6, 12), (12, 6), (6, 22), (22, 6), (6, 26), (26, 6), (7, 28), (28, 7), (9, 10), (10, 9), (9, 15), (15, 9), (9, 31), (31, 9), (10, 13), (13, 10), (10, 34), (34, 10), (11, 16), (16, 11), (11, 23), (23, 11), (11, 32), (32, 11), (12, 40), (40, 12), (13, 14), (14, 13), (13, 27), (27, 13), (13, 30), (30, 13), (13, 37), (37, 13), (14, 16), (16, 14), (14, 32), (32, 14), (15, 17), (17, 15), (15, 18), (18, 15), (15, 35), (35, 15), (15, 36), (36, 15), (16, 26), (26, 16), (19, 21), (21, 19), (19, 29), (29, 19), (20, 39), (39, 20), (21, 28), (28, 21), (21, 29), (29, 21), (21, 40), (40, 21), (23, 29), (29, 23), (23, 31), (31, 23), (24, 30), (30, 24), (25, 35), (35, 25), (30, 32), (32, 30), (30, 35), (35, 30), (31, 38), (38, 31)]
Z_dad = [13]
Y_dad = [9, 30, 40]
X_dad = [2, 15, 21]
Z_da-ad = [15]
Y_da-ad = [9, 30, 40]
X_da-ad = [11, 21, 31]
