no              #fail
29.123          #totTm
25.729          #lastADTm
5               #itDAD
1.500           #avItADGoal
89              #itADOpt
16              #opt
15              #optDA-AD
0.438           #tmDA
6.2             #relGain

V = [1, 2, 3, 4, 5, 6, 7, 8, 9, 10, 11, 12, 13, 14, 15, 16, 17, 18, 19, 20, 21, 22, 23, 24, 25, 26, 27, 28, 29, 30, 31, 32, 33, 34, 35, 36, 37, 38, 39, 40]
A = [(1, 21), (21, 1), (1, 39), (39, 1), (2, 4), (4, 2), (2, 8), (8, 2), (2, 12), (12, 2), (2, 14), (14, 2), (2, 39), (39, 2), (3, 14), (14, 3), (3, 24), (24, 3), (4, 34), (34, 4), (5, 36), (36, 5), (6, 35), (35, 6), (6, 39), (39, 6), (7, 20), (20, 7), (8, 34), (34, 8), (9, 16), (16, 9), (11, 17), (17, 11), (11, 27), (27, 11), (11, 30), (30, 11), (12, 22), (22, 12), (12, 40), (40, 12), (13, 32), (32, 13), (14, 29), (29, 14), (14, 36), (36, 14), (15, 31), (31, 15), (15, 34), (34, 15), (15, 35), (35, 15), (16, 40), (40, 16), (18, 40), (40, 18), (19, 22), (22, 19), (20, 28), (28, 20), (20, 38), (38, 20), (21, 26), (26, 21), (23, 29), (29, 23), (23, 33), (33, 23), (23, 37), (37, 23), (25, 39), (39, 25), (26, 28), (28, 26), (26, 30), (30, 26), (28, 38), (38, 28), (30, 31), (31, 30), (30, 32), (32, 30), (30, 33), (33, 30), (32, 33), (33, 32), (32, 35), (35, 32), (37, 38), (38, 37)]
Z_dad = [30]
Y_dad = [2, 17, 38]
X_dad = [12, 14, 20]
Z_da-ad = [12]
Y_da-ad = [14, 18, 26]
X_da-ad = [2, 30, 35]
