no              #fail
46.133          #totTm
42.450          #lastADTm
5               #itDAD
4.500           #avItADGoal
199             #itADOpt
18              #opt
18              #optDA-AD
0.498           #tmDA
0.0             #relGain

V = [1, 2, 3, 4, 5, 6, 7, 8, 9, 10, 11, 12, 13, 14, 15, 16, 17, 18, 19, 20, 21, 22, 23, 24, 25, 26, 27, 28, 29, 30, 31, 32, 33, 34, 35, 36, 37, 38, 39, 40]
A = [(1, 17), (17, 1), (1, 40), (40, 1), (2, 3), (3, 2), (3, 5), (5, 3), (3, 8), (8, 3), (3, 10), (10, 3), (3, 22), (22, 3), (3, 24), (24, 3), (3, 27), (27, 3), (3, 38), (38, 3), (3, 39), (39, 3), (4, 11), (11, 4), (5, 8), (8, 5), (5, 37), (37, 5), (6, 12), (12, 6), (7, 8), (8, 7), (7, 25), (25, 7), (7, 28), (28, 7), (8, 9), (9, 8), (8, 23), (23, 8), (8, 25), (25, 8), (9, 18), (18, 9), (9, 32), (32, 9), (10, 19), (19, 10), (10, 27), (27, 10), (10, 36), (36, 10), (11, 13), (13, 11), (11, 33), (33, 11), (11, 39), (39, 11), (12, 39), (39, 12), (13, 26), (26, 13), (14, 26), (26, 14), (14, 29), (29, 14), (14, 35), (35, 14), (14, 37), (37, 14), (15, 35), (35, 15), (17, 23), (23, 17), (17, 32), (32, 17), (21, 25), (25, 21), (25, 33), (33, 25), (28, 29), (29, 28), (29, 39), (39, 29), (32, 39), (39, 32), (33, 34), (34, 33), (36, 37), (37, 36), (36, 39), (39, 36)]
Z_dad = [3]
Y_dad = [11, 17, 36]
X_dad = [10, 14, 39]
Z_da-ad = [3]
Y_da-ad = [11, 17, 19]
X_da-ad = [7, 14, 39]
