no              #fail
57.664          #totTm
49.659          #lastADTm
7               #itDAD
2.833           #avItADGoal
183             #itADOpt
15              #opt
15              #optDA-AD
0.541           #tmDA
0.0             #relGain

V = [1, 2, 3, 4, 5, 6, 7, 8, 9, 10, 11, 12, 13, 14, 15, 16, 17, 18, 19, 20, 21, 22, 23, 24, 25, 26, 27, 28, 29, 30, 31, 32, 33, 34, 35, 36, 37, 38, 39, 40]
A = [(1, 26), (26, 1), (2, 12), (12, 2), (2, 38), (38, 2), (3, 18), (18, 3), (3, 30), (30, 3), (3, 38), (38, 3), (4, 30), (30, 4), (4, 34), (34, 4), (5, 9), (9, 5), (6, 11), (11, 6), (6, 14), (14, 6), (6, 38), (38, 6), (7, 17), (17, 7), (7, 25), (25, 7), (8, 19), (19, 8), (8, 27), (27, 8), (8, 37), (37, 8), (9, 13), (13, 9), (9, 14), (14, 9), (9, 24), (24, 9), (10, 23), (23, 10), (11, 28), (28, 11), (11, 33), (33, 11), (12, 35), (35, 12), (13, 25), (25, 13), (13, 27), (27, 13), (15, 17), (17, 15), (15, 21), (21, 15), (16, 20), (20, 16), (16, 24), (24, 16), (17, 29), (29, 17), (18, 28), (28, 18), (18, 34), (34, 18), (19, 21), (21, 19), (21, 26), (26, 21), (24, 26), (26, 24), (26, 27), (27, 26), (26, 38), (38, 26), (29, 30), (30, 29), (30, 31), (31, 30), (30, 40), (40, 30), (33, 35), (35, 33), (33, 36), (36, 33), (34, 35), (35, 34), (35, 38), (38, 35), (37, 39), (39, 37)]
Z_dad = [30]
Y_dad = [8, 10, 38]
X_dad = [13, 21, 24]
Z_da-ad = [30]
Y_da-ad = [8, 23, 38]
X_da-ad = [6, 13, 26]
