no              #fail
77.380          #totTm
65.618          #lastADTm
8               #itDAD
7.286           #avItADGoal
246             #itADOpt
15              #opt
14              #optDA-AD
0.632           #tmDA
6.7             #relGain

V = [1, 2, 3, 4, 5, 6, 7, 8, 9, 10, 11, 12, 13, 14, 15, 16, 17, 18, 19, 20, 21, 22, 23, 24, 25, 26, 27, 28, 29, 30, 31, 32, 33, 34, 35, 36, 37, 38, 39, 40]
A = [(1, 6), (6, 1), (1, 16), (16, 1), (1, 24), (24, 1), (2, 37), (37, 2), (2, 39), (39, 2), (4, 6), (6, 4), (5, 8), (8, 5), (6, 11), (11, 6), (7, 10), (10, 7), (7, 34), (34, 7), (8, 15), (15, 8), (8, 37), (37, 8), (9, 17), (17, 9), (10, 38), (38, 10), (11, 14), (14, 11), (11, 31), (31, 11), (12, 30), (30, 12), (13, 40), (40, 13), (14, 33), (33, 14), (15, 29), (29, 15), (15, 30), (30, 15), (15, 36), (36, 15), (15, 39), (39, 15), (16, 37), (37, 16), (17, 25), (25, 17), (17, 29), (29, 17), (18, 24), (24, 18), (18, 37), (37, 18), (21, 23), (23, 21), (23, 24), (24, 23), (23, 28), (28, 23), (23, 33), (33, 23), (23, 35), (35, 23), (25, 30), (30, 25), (26, 30), (30, 26), (26, 34), (34, 26), (27, 28), (28, 27), (27, 36), (36, 27), (27, 38), (38, 27), (28, 40), (40, 28), (29, 31), (31, 29), (29, 33), (33, 29), (29, 35), (35, 29), (30, 33), (33, 30), (31, 38), (38, 31), (35, 36), (36, 35)]
Z_dad = [30]
Y_dad = [7, 17, 37]
X_dad = [8, 23, 27]
Z_da-ad = [28]
Y_da-ad = [18, 30, 40]
X_da-ad = [15, 17, 37]
