no              #fail
44.305          #totTm
35.069          #lastADTm
5               #itDAD
8.000           #avItADGoal
135             #itADOpt
17              #opt
16              #optDA-AD
0.56            #tmDA
5.9             #relGain

V = [1, 2, 3, 4, 5, 6, 7, 8, 9, 10, 11, 12, 13, 14, 15, 16, 17, 18, 19, 20, 21, 22, 23, 24, 25, 26, 27, 28, 29, 30, 31, 32, 33, 34, 35, 36, 37, 38, 39, 40]
A = [(1, 31), (31, 1), (1, 35), (35, 1), (2, 35), (35, 2), (2, 36), (36, 2), (3, 23), (23, 3), (3, 24), (24, 3), (3, 36), (36, 3), (3, 38), (38, 3), (4, 22), (22, 4), (5, 28), (28, 5), (6, 11), (11, 6), (6, 18), (18, 6), (6, 25), (25, 6), (6, 28), (28, 6), (6, 29), (29, 6), (6, 36), (36, 6), (7, 9), (9, 7), (7, 23), (23, 7), (7, 34), (34, 7), (7, 39), (39, 7), (9, 11), (11, 9), (9, 17), (17, 9), (9, 30), (30, 9), (10, 32), (32, 10), (11, 26), (26, 11), (12, 22), (22, 12), (12, 26), (26, 12), (13, 19), (19, 13), (14, 19), (19, 14), (15, 35), (35, 15), (16, 17), (17, 16), (18, 21), (21, 18), (18, 30), (30, 18), (19, 36), (36, 19), (20, 24), (24, 20), (24, 27), (27, 24), (24, 33), (33, 24), (25, 27), (27, 25), (29, 34), (34, 29), (29, 35), (35, 29), (30, 37), (37, 30), (34, 37), (37, 34), (35, 38), (38, 35), (37, 40), (40, 37), (38, 39), (39, 38), (38, 40), (40, 38)]
Z_dad = [6]
Y_dad = [11, 24, 35]
X_dad = [9, 36, 37]
Z_da-ad = [35]
Y_da-ad = [1, 4, 6]
X_da-ad = [3, 25, 36]
