no              #fail
40.484          #totTm
38.882          #lastADTm
5               #itDAD
1.250           #avItADGoal
173             #itADOpt
15              #opt
15              #optDA-AD
0.896           #tmDA
0.0             #relGain

V = [1, 2, 3, 4, 5, 6, 7, 8, 9, 10, 11, 12, 13, 14, 15, 16, 17, 18, 19, 20, 21, 22, 23, 24, 25, 26, 27, 28, 29, 30, 31, 32, 33, 34, 35, 36, 37, 38, 39, 40]
A = [(1, 27), (27, 1), (2, 36), (36, 2), (4, 28), (28, 4), (4, 36), (36, 4), (5, 14), (14, 5), (5, 19), (19, 5), (5, 26), (26, 5), (6, 16), (16, 6), (6, 36), (36, 6), (7, 16), (16, 7), (7, 25), (25, 7), (7, 35), (35, 7), (8, 9), (9, 8), (8, 28), (28, 8), (9, 36), (36, 9), (9, 38), (38, 9), (9, 39), (39, 9), (10, 17), (17, 10), (10, 24), (24, 10), (10, 32), (32, 10), (10, 34), (34, 10), (11, 12), (12, 11), (11, 30), (30, 11), (11, 40), (40, 11), (12, 31), (31, 12), (13, 31), (31, 13), (13, 32), (32, 13), (13, 39), (39, 13), (14, 21), (21, 14), (14, 36), (36, 14), (15, 34), (34, 15), (18, 24), (24, 18), (19, 30), (30, 19), (20, 26), (26, 20), (22, 24), (24, 22), (23, 24), (24, 23), (24, 27), (27, 24), (24, 31), (31, 24), (24, 40), (40, 24), (25, 30), (30, 25), (26, 31), (31, 26), (27, 31), (31, 27), (28, 35), (35, 28), (30, 36), (36, 30), (33, 35), (35, 33), (39, 40), (40, 39)]
Z_dad = [36]
Y_dad = [5, 24, 35]
X_dad = [10, 28, 39]
Z_da-ad = [24]
Y_da-ad = [15, 31, 36]
X_da-ad = [6, 28, 30]
