no              #fail
34.293          #totTm
33.248          #lastADTm
3               #itDAD
1.000           #avItADGoal
148             #itADOpt
16              #opt
14              #optDA-AD
0.745           #tmDA
12.5            #relGain

V = [1, 2, 3, 4, 5, 6, 7, 8, 9, 10, 11, 12, 13, 14, 15, 16, 17, 18, 19, 20, 21, 22, 23, 24, 25, 26, 27, 28, 29, 30, 31, 32, 33, 34, 35, 36, 37, 38, 39, 40]
A = [(1, 7), (7, 1), (1, 15), (15, 1), (1, 16), (16, 1), (2, 3), (3, 2), (2, 19), (19, 2), (2, 31), (31, 2), (2, 34), (34, 2), (3, 33), (33, 3), (4, 10), (10, 4), (4, 36), (36, 4), (4, 38), (38, 4), (5, 25), (25, 5), (5, 27), (27, 5), (7, 34), (34, 7), (8, 14), (14, 8), (8, 18), (18, 8), (9, 35), (35, 9), (10, 26), (26, 10), (11, 17), (17, 11), (11, 21), (21, 11), (11, 27), (27, 11), (11, 29), (29, 11), (11, 39), (39, 11), (13, 20), (20, 13), (14, 38), (38, 14), (15, 22), (22, 15), (15, 40), (40, 15), (16, 20), (20, 16), (16, 24), (24, 16), (16, 28), (28, 16), (17, 33), (33, 17), (17, 40), (40, 17), (20, 23), (23, 20), (20, 40), (40, 20), (21, 25), (25, 21), (21, 34), (34, 21), (23, 33), (33, 23), (25, 40), (40, 25), (27, 29), (29, 27), (27, 34), (34, 27), (27, 36), (36, 27), (28, 39), (39, 28), (31, 34), (34, 31), (33, 35), (35, 33), (34, 35), (35, 34), (34, 36), (36, 34)]
Z_dad = [34]
Y_dad = [4, 16, 33]
X_dad = [1, 3, 38]
Z_da-ad = [4]
Y_da-ad = [8, 10, 34]
X_da-ad = [1, 11, 20]
