no              #fail
31.298          #totTm
29.511          #lastADTm
4               #itDAD
1.000           #avItADGoal
119             #itADOpt
15              #opt
15              #optDA-AD
0.552           #tmDA
0.0             #relGain

V = [1, 2, 3, 4, 5, 6, 7, 8, 9, 10, 11, 12, 13, 14, 15, 16, 17, 18, 19, 20, 21, 22, 23, 24, 25, 26, 27, 28, 29, 30, 31, 32, 33, 34, 35, 36, 37, 38, 39, 40]
A = [(1, 10), (10, 1), (1, 27), (27, 1), (2, 5), (5, 2), (2, 6), (6, 2), (2, 12), (12, 2), (2, 15), (15, 2), (2, 23), (23, 2), (2, 32), (32, 2), (3, 8), (8, 3), (4, 5), (5, 4), (4, 10), (10, 4), (4, 15), (15, 4), (4, 34), (34, 4), (5, 31), (31, 5), (6, 27), (27, 6), (7, 9), (9, 7), (7, 28), (28, 7), (7, 32), (32, 7), (8, 13), (13, 8), (8, 24), (24, 8), (8, 31), (31, 8), (9, 26), (26, 9), (9, 36), (36, 9), (10, 37), (37, 10), (10, 40), (40, 10), (11, 16), (16, 11), (11, 27), (27, 11), (11, 29), (29, 11), (12, 40), (40, 12), (13, 29), (29, 13), (14, 26), (26, 14), (14, 30), (30, 14), (14, 37), (37, 14), (15, 26), (26, 15), (16, 25), (25, 16), (17, 34), (34, 17), (18, 22), (22, 18), (18, 32), (32, 18), (20, 26), (26, 20), (20, 39), (39, 20), (21, 36), (36, 21), (25, 33), (33, 25), (27, 35), (35, 27), (27, 39), (39, 27), (27, 40), (40, 27), (31, 34), (34, 31)]
Z_dad = [8]
Y_dad = [2, 9, 11]
X_dad = [10, 26, 27]
Z_da-ad = [8]
Y_da-ad = [4, 13, 28]
X_da-ad = [10, 26, 27]
