no              #fail
25.169          #totTm
22.948          #lastADTm
5               #itDAD
1.500           #avItADGoal
126             #itADOpt
15              #opt
15              #optDA-AD
0.59            #tmDA
0.0             #relGain

V = [1, 2, 3, 4, 5, 6, 7, 8, 9, 10, 11, 12, 13, 14, 15, 16, 17, 18, 19, 20, 21, 22, 23, 24, 25, 26, 27, 28, 29, 30, 31, 32, 33, 34, 35, 36, 37, 38, 39, 40]
A = [(1, 12), (12, 1), (1, 25), (25, 1), (2, 14), (14, 2), (2, 33), (33, 2), (2, 37), (37, 2), (3, 39), (39, 3), (4, 5), (5, 4), (4, 6), (6, 4), (4, 10), (10, 4), (4, 27), (27, 4), (4, 30), (30, 4), (6, 29), (29, 6), (6, 32), (32, 6), (7, 22), (22, 7), (7, 25), (25, 7), (7, 39), (39, 7), (8, 11), (11, 8), (8, 13), (13, 8), (8, 31), (31, 8), (9, 21), (21, 9), (9, 35), (35, 9), (10, 16), (16, 10), (11, 27), (27, 11), (11, 29), (29, 11), (11, 33), (33, 11), (12, 15), (15, 12), (12, 21), (21, 12), (12, 26), (26, 12), (13, 19), (19, 13), (13, 25), (25, 13), (14, 23), (23, 14), (14, 25), (25, 14), (15, 35), (35, 15), (17, 39), (39, 17), (18, 36), (36, 18), (21, 29), (29, 21), (22, 25), (25, 22), (23, 35), (35, 23), (23, 38), (38, 23), (24, 27), (27, 24), (25, 39), (39, 25), (26, 31), (31, 26), (27, 34), (34, 27), (28, 32), (32, 28), (30, 33), (33, 30), (31, 36), (36, 31)]
Z_dad = [4]
Y_dad = [11, 25, 29]
X_dad = [6, 31, 39]
Z_da-ad = [4]
Y_da-ad = [6, 24, 25]
X_da-ad = [11, 12, 13]
