no              #fail
121.426         #totTm
119.726         #lastADTm
4               #itDAD
1.000           #avItADGoal
318             #itADOpt
17              #opt
17              #optDA-AD
0.598           #tmDA
0.0             #relGain

V = [1, 2, 3, 4, 5, 6, 7, 8, 9, 10, 11, 12, 13, 14, 15, 16, 17, 18, 19, 20, 21, 22, 23, 24, 25, 26, 27, 28, 29, 30, 31, 32, 33, 34, 35, 36, 37, 38, 39, 40]
A = [(1, 19), (19, 1), (1, 24), (24, 1), (1, 39), (39, 1), (2, 9), (9, 2), (2, 23), (23, 2), (2, 40), (40, 2), (3, 10), (10, 3), (3, 19), (19, 3), (4, 16), (16, 4), (4, 32), (32, 4), (5, 6), (6, 5), (5, 9), (9, 5), (5, 29), (29, 5), (5, 32), (32, 5), (6, 8), (8, 6), (6, 31), (31, 6), (6, 34), (34, 6), (7, 27), (27, 7), (8, 23), (23, 8), (8, 30), (30, 8), (8, 32), (32, 8), (8, 36), (36, 8), (9, 14), (14, 9), (9, 33), (33, 9), (10, 21), (21, 10), (10, 26), (26, 10), (11, 18), (18, 11), (11, 20), (20, 11), (12, 30), (30, 12), (13, 25), (25, 13), (14, 29), (29, 14), (14, 33), (33, 14), (15, 20), (20, 15), (15, 35), (35, 15), (20, 21), (21, 20), (20, 31), (31, 20), (20, 38), (38, 20), (21, 36), (36, 21), (23, 25), (25, 23), (26, 27), (27, 26), (27, 28), (28, 27), (27, 36), (36, 27), (29, 38), (38, 29), (30, 34), (34, 30), (32, 38), (38, 32), (34, 39), (39, 34)]
Z_dad = [20]
Y_dad = [9, 27, 34]
X_dad = [2, 8, 32]
Z_da-ad = [20]
Y_da-ad = [5, 10, 15]
X_da-ad = [3, 6, 8]
