no              #fail
51.281          #totTm
0.329           #lastADTm
7               #itDAD
1.500           #avItADGoal
8               #itADOpt
22              #opt
21              #optDA-AD
2.512           #tmDA
4.5             #relGain

V = [1, 2, 3, 4, 5, 6, 7, 8, 9, 10, 11, 12, 13, 14, 15, 16, 17, 18, 19, 20, 21, 22, 23, 24, 25, 26, 27, 28, 29, 30, 31, 32, 33, 34, 35, 36, 37, 38, 39, 40, 41, 42, 43, 44, 45, 46, 47, 48, 49, 50, 51, 52, 53, 54, 55, 56, 57, 58, 59, 60]
A = [(1, 5), (5, 1), (1, 7), (7, 1), (1, 13), (13, 1), (1, 16), (16, 1), (1, 17), (17, 1), (1, 56), (56, 1), (2, 13), (13, 2), (2, 38), (38, 2), (2, 39), (39, 2), (2, 53), (53, 2), (3, 15), (15, 3), (3, 22), (22, 3), (3, 30), (30, 3), (4, 11), (11, 4), (4, 16), (16, 4), (4, 18), (18, 4), (5, 22), (22, 5), (5, 25), (25, 5), (5, 33), (33, 5), (6, 18), (18, 6), (6, 21), (21, 6), (6, 34), (34, 6), (7, 37), (37, 7), (7, 41), (41, 7), (8, 39), (39, 8), (8, 43), (43, 8), (9, 38), (38, 9), (10, 35), (35, 10), (10, 44), (44, 10), (11, 21), (21, 11), (11, 49), (49, 11), (12, 26), (26, 12), (12, 40), (40, 12), (12, 42), (42, 12), (13, 34), (34, 13), (13, 43), (43, 13), (13, 45), (45, 13), (14, 31), (31, 14), (14, 41), (41, 14), (15, 27), (27, 15), (15, 29), (29, 15), (16, 38), (38, 16), (17, 32), (32, 17), (18, 26), (26, 18), (18, 35), (35, 18), (18, 41), (41, 18), (18, 46), (46, 18), (19, 56), (56, 19), (20, 27), (27, 20), (20, 36), (36, 20), (20, 44), (44, 20), (20, 56), (56, 20), (21, 49), (49, 21), (22, 60), (60, 22), (23, 26), (26, 23), (23, 47), (47, 23), (24, 26), (26, 24), (24, 53), (53, 24), (25, 27), (27, 25), (25, 32), (32, 25), (27, 28), (28, 27), (28, 37), (37, 28), (29, 35), (35, 29), (29, 42), (42, 29), (29, 54), (54, 29), (30, 34), (34, 30), (30, 44), (44, 30), (30, 47), (47, 30), (30, 58), (58, 30), (31, 36), (36, 31), (31, 39), (39, 31), (32, 37), (37, 32), (32, 47), (47, 32), (32, 53), (53, 32), (32, 58), (58, 32), (34, 50), (50, 34), (35, 51), (51, 35), (36, 53), (53, 36), (38, 43), (43, 38), (38, 51), (51, 38), (39, 60), (60, 39), (40, 41), (41, 40), (41, 56), (56, 41), (42, 60), (60, 42), (43, 60), (60, 43), (45, 59), (59, 45), (46, 60), (60, 46), (47, 58), (58, 47)]
Z_dad = [1, 18, 30]
Y_dad = [43]
X_dad = [13, 38, 60]
Z_da-ad = [16, 18, 34]
Y_da-ad = [53]
X_da-ad = [29, 38, 44]
