no              #fail
9.020           #totTm
0.309           #lastADTm
8               #itDAD
2.000           #avItADGoal
8               #itADOpt
31              #opt
26              #optDA-AD
2.438           #tmDA
16.1            #relGain

V = [1, 2, 3, 4, 5, 6, 7, 8, 9, 10, 11, 12, 13, 14, 15, 16, 17, 18, 19, 20, 21, 22, 23, 24, 25, 26, 27, 28, 29, 30, 31, 32, 33, 34, 35, 36, 37, 38, 39, 40, 41, 42, 43, 44, 45, 46, 47, 48, 49, 50, 51, 52, 53, 54, 55, 56, 57, 58, 59, 60]
A = [(1, 41), (41, 1), (2, 53), (53, 2), (3, 8), (8, 3), (3, 26), (26, 3), (3, 46), (46, 3), (3, 56), (56, 3), (3, 58), (58, 3), (3, 60), (60, 3), (4, 12), (12, 4), (4, 32), (32, 4), (5, 47), (47, 5), (5, 51), (51, 5), (6, 10), (10, 6), (6, 17), (17, 6), (6, 34), (34, 6), (6, 37), (37, 6), (6, 49), (49, 6), (6, 52), (52, 6), (7, 19), (19, 7), (8, 21), (21, 8), (8, 33), (33, 8), (8, 51), (51, 8), (10, 13), (13, 10), (10, 15), (15, 10), (10, 33), (33, 10), (10, 34), (34, 10), (10, 41), (41, 10), (11, 54), (54, 11), (12, 44), (44, 12), (12, 56), (56, 12), (13, 17), (17, 13), (13, 21), (21, 13), (13, 44), (44, 13), (13, 52), (52, 13), (14, 45), (45, 14), (15, 19), (19, 15), (16, 30), (30, 16), (16, 33), (33, 16), (16, 50), (50, 16), (17, 21), (21, 17), (17, 56), (56, 17), (18, 30), (30, 18), (18, 32), (32, 18), (18, 33), (33, 18), (18, 39), (39, 18), (18, 40), (40, 18), (18, 55), (55, 18), (19, 49), (49, 19), (20, 38), (38, 20), (21, 33), (33, 21), (21, 34), (34, 21), (21, 43), (43, 21), (21, 55), (55, 21), (23, 26), (26, 23), (23, 43), (43, 23), (24, 39), (39, 24), (24, 42), (42, 24), (24, 43), (43, 24), (24, 60), (60, 24), (25, 42), (42, 25), (26, 50), (50, 26), (27, 55), (55, 27), (28, 57), (57, 28), (29, 42), (42, 29), (30, 31), (31, 30), (30, 45), (45, 30), (30, 47), (47, 30), (30, 54), (54, 30), (30, 57), (57, 30), (32, 35), (35, 32), (32, 58), (58, 32), (33, 36), (36, 33), (33, 49), (49, 33), (34, 58), (58, 34), (35, 46), (46, 35), (36, 41), (41, 36), (36, 43), (43, 36), (36, 51), (51, 36), (37, 48), (48, 37), (40, 57), (57, 40), (41, 45), (45, 41), (41, 60), (60, 41), (42, 53), (53, 42), (42, 55), (55, 42), (44, 51), (51, 44), (44, 52), (52, 44), (45, 55), (55, 45), (45, 59), (59, 45)]
Z_dad = [21, 41, 51]
Y_dad = [33]
X_dad = [16, 18, 24]
Z_da-ad = [18, 30, 42]
Y_da-ad = [41]
X_da-ad = [21, 45, 51]
