no              #fail
23.292          #totTm
0.562           #lastADTm
6               #itDAD
1.200           #avItADGoal
17              #itADOpt
24              #opt
23              #optDA-AD
2.532           #tmDA
4.2             #relGain

V = [1, 2, 3, 4, 5, 6, 7, 8, 9, 10, 11, 12, 13, 14, 15, 16, 17, 18, 19, 20, 21, 22, 23, 24, 25, 26, 27, 28, 29, 30, 31, 32, 33, 34, 35, 36, 37, 38, 39, 40, 41, 42, 43, 44, 45, 46, 47, 48, 49, 50, 51, 52, 53, 54, 55, 56, 57, 58, 59, 60]
A = [(1, 11), (11, 1), (1, 13), (13, 1), (1, 20), (20, 1), (1, 28), (28, 1), (1, 32), (32, 1), (1, 56), (56, 1), (2, 6), (6, 2), (3, 52), (52, 3), (4, 23), (23, 4), (4, 24), (24, 4), (4, 40), (40, 4), (4, 47), (47, 4), (5, 8), (8, 5), (5, 9), (9, 5), (5, 18), (18, 5), (5, 47), (47, 5), (6, 17), (17, 6), (6, 20), (20, 6), (6, 43), (43, 6), (6, 45), (45, 6), (7, 32), (32, 7), (9, 29), (29, 9), (9, 35), (35, 9), (9, 45), (45, 9), (11, 15), (15, 11), (11, 30), (30, 11), (11, 38), (38, 11), (12, 25), (25, 12), (13, 54), (54, 13), (13, 57), (57, 13), (14, 26), (26, 14), (14, 40), (40, 14), (15, 54), (54, 15), (16, 30), (30, 16), (16, 54), (54, 16), (16, 59), (59, 16), (17, 22), (22, 17), (17, 45), (45, 17), (17, 55), (55, 17), (17, 58), (58, 17), (18, 19), (19, 18), (18, 41), (41, 18), (18, 59), (59, 18), (20, 45), (45, 20), (20, 54), (54, 20), (20, 56), (56, 20), (21, 41), (41, 21), (21, 44), (44, 21), (21, 54), (54, 21), (22, 39), (39, 22), (22, 46), (46, 22), (23, 44), (44, 23), (25, 26), (26, 25), (25, 29), (29, 25), (26, 36), (36, 26), (27, 52), (52, 27), (28, 35), (35, 28), (28, 44), (44, 28), (29, 35), (35, 29), (29, 38), (38, 29), (29, 47), (47, 29), (30, 39), (39, 30), (30, 46), (46, 30), (30, 51), (51, 30), (32, 34), (34, 32), (32, 42), (42, 32), (32, 48), (48, 32), (32, 52), (52, 32), (33, 35), (35, 33), (33, 43), (43, 33), (33, 47), (47, 33), (36, 46), (46, 36), (36, 53), (53, 36), (40, 50), (50, 40), (40, 51), (51, 40), (41, 42), (42, 41), (41, 50), (50, 41), (42, 55), (55, 42), (44, 45), (45, 44), (44, 47), (47, 44), (44, 51), (51, 44), (44, 54), (54, 44), (46, 48), (48, 46), (47, 48), (48, 47), (51, 57), (57, 51), (53, 56), (56, 53), (53, 57), (57, 53), (53, 59), (59, 53)]
Z_dad = [17, 32, 40]
Y_dad = [44]
X_dad = [29, 36, 41]
Z_da-ad = [17, 32, 41]
Y_da-ad = [29]
X_da-ad = [9, 47, 59]
