no              #fail
11.168          #totTm
0.556           #lastADTm
7               #itDAD
1.500           #avItADGoal
14              #itADOpt
31              #opt
23              #optDA-AD
2.152           #tmDA
25.8            #relGain

V = [1, 2, 3, 4, 5, 6, 7, 8, 9, 10, 11, 12, 13, 14, 15, 16, 17, 18, 19, 20, 21, 22, 23, 24, 25, 26, 27, 28, 29, 30, 31, 32, 33, 34, 35, 36, 37, 38, 39, 40, 41, 42, 43, 44, 45, 46, 47, 48, 49, 50, 51, 52, 53, 54, 55, 56, 57, 58, 59, 60]
A = [(1, 12), (12, 1), (1, 19), (19, 1), (1, 36), (36, 1), (1, 46), (46, 1), (1, 60), (60, 1), (2, 26), (26, 2), (2, 28), (28, 2), (2, 41), (41, 2), (2, 43), (43, 2), (2, 54), (54, 2), (3, 26), (26, 3), (3, 29), (29, 3), (4, 36), (36, 4), (4, 50), (50, 4), (4, 56), (56, 4), (4, 57), (57, 4), (5, 30), (30, 5), (5, 55), (55, 5), (8, 19), (19, 8), (8, 56), (56, 8), (9, 14), (14, 9), (9, 33), (33, 9), (10, 27), (27, 10), (10, 43), (43, 10), (11, 20), (20, 11), (12, 24), (24, 12), (13, 44), (44, 13), (14, 33), (33, 14), (15, 17), (17, 15), (15, 58), (58, 15), (16, 48), (48, 16), (17, 24), (24, 17), (17, 35), (35, 17), (17, 43), (43, 17), (17, 56), (56, 17), (17, 59), (59, 17), (18, 23), (23, 18), (18, 33), (33, 18), (18, 50), (50, 18), (18, 51), (51, 18), (19, 39), (39, 19), (21, 43), (43, 21), (21, 46), (46, 21), (22, 23), (23, 22), (22, 57), (57, 22), (23, 49), (49, 23), (23, 50), (50, 23), (23, 57), (57, 23), (24, 45), (45, 24), (24, 54), (54, 24), (25, 58), (58, 25), (26, 27), (27, 26), (26, 29), (29, 26), (26, 59), (59, 26), (27, 36), (36, 27), (27, 47), (47, 27), (28, 32), (32, 28), (28, 36), (36, 28), (28, 39), (39, 28), (28, 47), (47, 28), (28, 49), (49, 28), (29, 33), (33, 29), (29, 39), (39, 29), (29, 48), (48, 29), (30, 34), (34, 30), (31, 37), (37, 31), (31, 41), (41, 31), (31, 42), (42, 31), (31, 45), (45, 31), (31, 51), (51, 31), (32, 42), (42, 32), (32, 47), (47, 32), (33, 53), (53, 33), (34, 43), (43, 34), (34, 47), (47, 34), (35, 43), (43, 35), (35, 55), (55, 35), (36, 40), (40, 36), (36, 42), (42, 36), (36, 43), (43, 36), (36, 47), (47, 36), (37, 48), (48, 37), (37, 51), (51, 37), (39, 45), (45, 39), (44, 54), (54, 44), (49, 56), (56, 49), (51, 58), (58, 51), (56, 58), (58, 56)]
Z_dad = [17, 29, 31]
Y_dad = [36]
X_dad = [4, 19, 28]
Z_da-ad = [33, 34, 35]
Y_da-ad = [1]
X_da-ad = [4, 49, 51]
