no              #fail
11.589          #totTm
0.732           #lastADTm
6               #itDAD
1.200           #avItADGoal
17              #itADOpt
28              #opt
20              #optDA-AD
1.812           #tmDA
28.6            #relGain

V = [1, 2, 3, 4, 5, 6, 7, 8, 9, 10, 11, 12, 13, 14, 15, 16, 17, 18, 19, 20, 21, 22, 23, 24, 25, 26, 27, 28, 29, 30, 31, 32, 33, 34, 35, 36, 37, 38, 39, 40, 41, 42, 43, 44, 45, 46, 47, 48, 49, 50, 51, 52, 53, 54, 55, 56, 57, 58, 59, 60]
A = [(1, 21), (21, 1), (1, 22), (22, 1), (1, 38), (38, 1), (1, 49), (49, 1), (1, 54), (54, 1), (1, 55), (55, 1), (2, 8), (8, 2), (2, 16), (16, 2), (2, 20), (20, 2), (2, 22), (22, 2), (2, 24), (24, 2), (2, 41), (41, 2), (2, 51), (51, 2), (2, 60), (60, 2), (3, 10), (10, 3), (3, 12), (12, 3), (3, 53), (53, 3), (4, 11), (11, 4), (4, 40), (40, 4), (5, 17), (17, 5), (5, 30), (30, 5), (5, 32), (32, 5), (5, 44), (44, 5), (5, 49), (49, 5), (5, 54), (54, 5), (6, 11), (11, 6), (6, 27), (27, 6), (7, 8), (8, 7), (7, 54), (54, 7), (8, 25), (25, 8), (8, 34), (34, 8), (8, 40), (40, 8), (9, 27), (27, 9), (9, 32), (32, 9), (9, 52), (52, 9), (9, 59), (59, 9), (10, 18), (18, 10), (10, 57), (57, 10), (11, 18), (18, 11), (11, 41), (41, 11), (11, 56), (56, 11), (12, 34), (34, 12), (12, 49), (49, 12), (13, 54), (54, 13), (14, 25), (25, 14), (15, 25), (25, 15), (15, 26), (26, 15), (15, 27), (27, 15), (16, 24), (24, 16), (16, 57), (57, 16), (16, 60), (60, 16), (17, 20), (20, 17), (17, 39), (39, 17), (17, 41), (41, 17), (18, 50), (50, 18), (18, 59), (59, 18), (19, 31), (31, 19), (20, 37), (37, 20), (21, 43), (43, 21), (21, 51), (51, 21), (22, 37), (37, 22), (22, 48), (48, 22), (23, 34), (34, 23), (24, 29), (29, 24), (24, 34), (34, 24), (26, 59), (59, 26), (27, 34), (34, 27), (27, 35), (35, 27), (27, 37), (37, 27), (27, 51), (51, 27), (29, 36), (36, 29), (29, 37), (37, 29), (29, 46), (46, 29), (30, 31), (31, 30), (31, 35), (35, 31), (31, 59), (59, 31), (32, 40), (40, 32), (32, 43), (43, 32), (36, 51), (51, 36), (36, 53), (53, 36), (37, 59), (59, 37), (38, 50), (50, 38), (44, 58), (58, 44), (45, 49), (49, 45), (45, 50), (50, 45), (49, 54), (54, 49), (49, 55), (55, 49), (52, 58), (58, 52)]
Z_dad = [5, 8, 27]
Y_dad = [2]
X_dad = [11, 21, 59]
Z_da-ad = [5, 9, 31]
Y_da-ad = [11]
X_da-ad = [8, 27, 59]
