no              #fail
6.148           #totTm
0.685           #lastADTm
6               #itDAD
1.400           #avItADGoal
21              #itADOpt
30              #opt
28              #optDA-AD
2.263           #tmDA
6.7             #relGain

V = [1, 2, 3, 4, 5, 6, 7, 8, 9, 10, 11, 12, 13, 14, 15, 16, 17, 18, 19, 20, 21, 22, 23, 24, 25, 26, 27, 28, 29, 30, 31, 32, 33, 34, 35, 36, 37, 38, 39, 40, 41, 42, 43, 44, 45, 46, 47, 48, 49, 50, 51, 52, 53, 54, 55, 56, 57, 58, 59, 60]
A = [(1, 6), (6, 1), (1, 37), (37, 1), (1, 42), (42, 1), (1, 45), (45, 1), (2, 5), (5, 2), (2, 15), (15, 2), (2, 46), (46, 2), (3, 9), (9, 3), (3, 36), (36, 3), (5, 11), (11, 5), (5, 16), (16, 5), (5, 36), (36, 5), (6, 13), (13, 6), (6, 23), (23, 6), (6, 27), (27, 6), (6, 33), (33, 6), (6, 51), (51, 6), (7, 10), (10, 7), (7, 28), (28, 7), (8, 16), (16, 8), (8, 27), (27, 8), (8, 29), (29, 8), (8, 52), (52, 8), (9, 12), (12, 9), (9, 16), (16, 9), (9, 20), (20, 9), (9, 24), (24, 9), (9, 44), (44, 9), (9, 48), (48, 9), (9, 56), (56, 9), (10, 16), (16, 10), (10, 26), (26, 10), (11, 45), (45, 11), (11, 50), (50, 11), (12, 51), (51, 12), (13, 14), (14, 13), (13, 16), (16, 13), (13, 42), (42, 13), (13, 54), (54, 13), (14, 39), (39, 14), (14, 41), (41, 14), (15, 48), (48, 15), (16, 20), (20, 16), (16, 34), (34, 16), (16, 44), (44, 16), (17, 29), (29, 17), (17, 55), (55, 17), (17, 56), (56, 17), (18, 47), (47, 18), (18, 52), (52, 18), (18, 56), (56, 18), (18, 60), (60, 18), (20, 27), (27, 20), (21, 38), (38, 21), (22, 23), (23, 22), (22, 31), (31, 22), (22, 49), (49, 22), (23, 31), (31, 23), (24, 27), (27, 24), (24, 49), (49, 24), (24, 55), (55, 24), (24, 58), (58, 24), (25, 31), (31, 25), (27, 51), (51, 27), (27, 52), (52, 27), (27, 56), (56, 27), (29, 46), (46, 29), (29, 52), (52, 29), (29, 57), (57, 29), (31, 57), (57, 31), (36, 39), (39, 36), (36, 41), (41, 36), (36, 51), (51, 36), (36, 52), (52, 36), (37, 54), (54, 37), (39, 42), (42, 39), (39, 45), (45, 39), (41, 46), (46, 41), (42, 52), (52, 42), (44, 60), (60, 44), (45, 48), (48, 45), (46, 52), (52, 46), (46, 57), (57, 46), (46, 58), (58, 46), (47, 51), (51, 47), (47, 54), (54, 47), (48, 57), (57, 48), (55, 56), (56, 55)]
Z_dad = [6, 16, 24]
Y_dad = [52]
X_dad = [9, 18, 57]
Z_da-ad = [9, 16, 18]
Y_da-ad = [6]
X_da-ad = [1, 13, 51]
