no              #fail
8.787           #totTm
0.506           #lastADTm
7               #itDAD
1.167           #avItADGoal
12              #itADOpt
36              #opt
27              #optDA-AD
1.757           #tmDA
25.0            #relGain

V = [1, 2, 3, 4, 5, 6, 7, 8, 9, 10, 11, 12, 13, 14, 15, 16, 17, 18, 19, 20, 21, 22, 23, 24, 25, 26, 27, 28, 29, 30, 31, 32, 33, 34, 35, 36, 37, 38, 39, 40, 41, 42, 43, 44, 45, 46, 47, 48, 49, 50, 51, 52, 53, 54, 55, 56, 57, 58, 59, 60]
A = [(1, 9), (9, 1), (1, 21), (21, 1), (1, 31), (31, 1), (1, 51), (51, 1), (2, 17), (17, 2), (2, 56), (56, 2), (3, 31), (31, 3), (5, 10), (10, 5), (5, 22), (22, 5), (5, 30), (30, 5), (6, 9), (9, 6), (6, 12), (12, 6), (6, 22), (22, 6), (6, 34), (34, 6), (6, 44), (44, 6), (6, 47), (47, 6), (7, 10), (10, 7), (7, 22), (22, 7), (8, 13), (13, 8), (9, 28), (28, 9), (10, 16), (16, 10), (10, 43), (43, 10), (11, 14), (14, 11), (11, 26), (26, 11), (11, 29), (29, 11), (11, 30), (30, 11), (11, 31), (31, 11), (12, 15), (15, 12), (12, 30), (30, 12), (12, 33), (33, 12), (13, 17), (17, 13), (13, 21), (21, 13), (13, 32), (32, 13), (13, 60), (60, 13), (14, 32), (32, 14), (15, 17), (17, 15), (16, 30), (30, 16), (16, 55), (55, 16), (17, 28), (28, 17), (17, 45), (45, 17), (17, 53), (53, 17), (18, 36), (36, 18), (18, 46), (46, 18), (19, 24), (24, 19), (19, 25), (25, 19), (19, 53), (53, 19), (20, 38), (38, 20), (20, 49), (49, 20), (21, 35), (35, 21), (23, 33), (33, 23), (23, 43), (43, 23), (23, 58), (58, 23), (24, 34), (34, 24), (24, 41), (41, 24), (24, 46), (46, 24), (24, 60), (60, 24), (25, 36), (36, 25), (25, 45), (45, 25), (25, 49), (49, 25), (25, 52), (52, 25), (25, 54), (54, 25), (26, 57), (57, 26), (27, 32), (32, 27), (28, 35), (35, 28), (28, 44), (44, 28), (28, 47), (47, 28), (28, 57), (57, 28), (29, 34), (34, 29), (29, 42), (42, 29), (29, 46), (46, 29), (31, 37), (37, 31), (31, 51), (51, 31), (32, 39), (39, 32), (32, 57), (57, 32), (32, 60), (60, 32), (33, 34), (34, 33), (36, 37), (37, 36), (36, 42), (42, 36), (36, 47), (47, 36), (39, 49), (49, 39), (42, 56), (56, 42), (43, 44), (44, 43), (43, 58), (58, 43), (45, 48), (48, 45), (47, 55), (55, 47), (48, 52), (52, 48), (50, 52), (52, 50), (55, 58), (58, 55)]
Z_dad = [11, 17, 36]
Y_dad = [28]
X_dad = [21, 34, 57]
Z_da-ad = [17, 25, 32]
Y_da-ad = [29]
X_da-ad = [21, 24, 42]
