no              #fail
3.464           #totTm
1.117           #lastADTm
6               #itDAD
1.000           #avItADGoal
23              #itADOpt
41              #opt
29              #optDA-AD
2.67            #tmDA
29.3            #relGain

V = [1, 2, 3, 4, 5, 6, 7, 8, 9, 10, 11, 12, 13, 14, 15, 16, 17, 18, 19, 20, 21, 22, 23, 24, 25, 26, 27, 28, 29, 30, 31, 32, 33, 34, 35, 36, 37, 38, 39, 40, 41, 42, 43, 44, 45, 46, 47, 48, 49, 50, 51, 52, 53, 54, 55, 56, 57, 58, 59, 60]
A = [(1, 44), (44, 1), (2, 21), (21, 2), (2, 26), (26, 2), (2, 35), (35, 2), (3, 11), (11, 3), (3, 14), (14, 3), (3, 42), (42, 3), (4, 33), (33, 4), (5, 15), (15, 5), (5, 21), (21, 5), (5, 38), (38, 5), (5, 44), (44, 5), (5, 48), (48, 5), (5, 60), (60, 5), (6, 17), (17, 6), (6, 18), (18, 6), (6, 36), (36, 6), (6, 43), (43, 6), (6, 46), (46, 6), (6, 51), (51, 6), (7, 42), (42, 7), (7, 47), (47, 7), (7, 55), (55, 7), (9, 10), (10, 9), (9, 20), (20, 9), (10, 39), (39, 10), (10, 51), (51, 10), (11, 13), (13, 11), (11, 24), (24, 11), (11, 43), (43, 11), (11, 46), (46, 11), (11, 58), (58, 11), (12, 25), (25, 12), (12, 29), (29, 12), (13, 14), (14, 13), (13, 16), (16, 13), (13, 21), (21, 13), (13, 27), (27, 13), (13, 32), (32, 13), (14, 29), (29, 14), (14, 30), (30, 14), (14, 50), (50, 14), (14, 54), (54, 14), (15, 30), (30, 15), (15, 34), (34, 15), (15, 43), (43, 15), (15, 49), (49, 15), (15, 59), (59, 15), (16, 18), (18, 16), (16, 19), (19, 16), (16, 32), (32, 16), (16, 41), (41, 16), (16, 49), (49, 16), (16, 55), (55, 16), (17, 18), (18, 17), (17, 34), (34, 17), (19, 38), (38, 19), (22, 25), (25, 22), (22, 38), (38, 22), (23, 47), (47, 23), (24, 30), (30, 24), (24, 35), (35, 24), (27, 32), (32, 27), (27, 44), (44, 27), (27, 54), (54, 27), (28, 35), (35, 28), (29, 30), (30, 29), (29, 54), (54, 29), (30, 32), (32, 30), (30, 49), (49, 30), (31, 39), (39, 31), (31, 45), (45, 31), (31, 46), (46, 31), (32, 49), (49, 32), (32, 50), (50, 32), (32, 54), (54, 32), (33, 34), (34, 33), (34, 59), (59, 34), (37, 44), (44, 37), (37, 45), (45, 37), (37, 57), (57, 37), (39, 46), (46, 39), (39, 57), (57, 39), (39, 60), (60, 39), (40, 52), (52, 40), (44, 48), (48, 44), (47, 58), (58, 47), (58, 60), (60, 58)]
Z_dad = [5, 11, 16]
Y_dad = [14]
X_dad = [3, 15, 27]
Z_da-ad = [6, 15, 16]
Y_da-ad = [11]
X_da-ad = [44, 46, 60]
