no              #fail
5.652           #totTm
1.020           #lastADTm
6               #itDAD
1.200           #avItADGoal
23              #itADOpt
30              #opt
27              #optDA-AD
1.862           #tmDA
10.0            #relGain

V = [1, 2, 3, 4, 5, 6, 7, 8, 9, 10, 11, 12, 13, 14, 15, 16, 17, 18, 19, 20, 21, 22, 23, 24, 25, 26, 27, 28, 29, 30, 31, 32, 33, 34, 35, 36, 37, 38, 39, 40, 41, 42, 43, 44, 45, 46, 47, 48, 49, 50, 51, 52, 53, 54, 55, 56, 57, 58, 59, 60]
A = [(1, 8), (8, 1), (1, 14), (14, 1), (1, 19), (19, 1), (2, 11), (11, 2), (2, 28), (28, 2), (2, 51), (51, 2), (3, 8), (8, 3), (3, 15), (15, 3), (3, 46), (46, 3), (3, 57), (57, 3), (3, 59), (59, 3), (4, 13), (13, 4), (4, 27), (27, 4), (4, 51), (51, 4), (5, 25), (25, 5), (5, 36), (36, 5), (5, 43), (43, 5), (6, 30), (30, 6), (6, 51), (51, 6), (7, 8), (8, 7), (7, 16), (16, 7), (7, 51), (51, 7), (8, 15), (15, 8), (8, 50), (50, 8), (10, 14), (14, 10), (10, 19), (19, 10), (10, 55), (55, 10), (10, 59), (59, 10), (11, 20), (20, 11), (11, 52), (52, 11), (12, 31), (31, 12), (12, 36), (36, 12), (13, 33), (33, 13), (13, 37), (37, 13), (13, 41), (41, 13), (14, 22), (22, 14), (14, 50), (50, 14), (14, 54), (54, 14), (14, 60), (60, 14), (15, 51), (51, 15), (16, 32), (32, 16), (16, 51), (51, 16), (16, 53), (53, 16), (17, 59), (59, 17), (17, 60), (60, 17), (18, 39), (39, 18), (18, 50), (50, 18), (20, 21), (21, 20), (20, 36), (36, 20), (20, 38), (38, 20), (20, 42), (42, 20), (20, 52), (52, 20), (20, 54), (54, 20), (21, 52), (52, 21), (22, 37), (37, 22), (23, 44), (44, 23), (23, 50), (50, 23), (23, 54), (54, 23), (23, 55), (55, 23), (24, 53), (53, 24), (25, 39), (39, 25), (25, 56), (56, 25), (25, 57), (57, 25), (26, 29), (29, 26), (26, 31), (31, 26), (26, 37), (37, 26), (26, 54), (54, 26), (26, 60), (60, 26), (27, 50), (50, 27), (29, 30), (30, 29), (29, 57), (57, 29), (30, 51), (51, 30), (31, 44), (44, 31), (31, 58), (58, 31), (32, 36), (36, 32), (33, 40), (40, 33), (35, 55), (55, 35), (36, 37), (37, 36), (36, 56), (56, 36), (37, 57), (57, 37), (38, 41), (41, 38), (43, 47), (47, 43), (44, 49), (49, 44), (44, 54), (54, 44), (44, 57), (57, 44), (48, 50), (50, 48), (50, 52), (52, 50), (54, 57), (57, 54)]
Z_dad = [36, 50, 51]
Y_dad = [57]
X_dad = [25, 37, 54]
Z_da-ad = [36, 50, 57]
Y_da-ad = [51]
X_da-ad = [2, 13, 54]
