no              #fail
2.848           #totTm
1.081           #lastADTm
5               #itDAD
1.000           #avItADGoal
23              #itADOpt
28              #opt
23              #optDA-AD
1.919           #tmDA
17.9            #relGain

V = [1, 2, 3, 4, 5, 6, 7, 8, 9, 10, 11, 12, 13, 14, 15, 16, 17, 18, 19, 20, 21, 22, 23, 24, 25, 26, 27, 28, 29, 30, 31, 32, 33, 34, 35, 36, 37, 38, 39, 40, 41, 42, 43, 44, 45, 46, 47, 48, 49, 50, 51, 52, 53, 54, 55, 56, 57, 58, 59, 60]
A = [(1, 16), (16, 1), (1, 33), (33, 1), (1, 50), (50, 1), (2, 13), (13, 2), (2, 18), (18, 2), (2, 50), (50, 2), (4, 21), (21, 4), (4, 28), (28, 4), (5, 35), (35, 5), (5, 36), (36, 5), (6, 25), (25, 6), (6, 29), (29, 6), (6, 40), (40, 6), (7, 18), (18, 7), (7, 19), (19, 7), (7, 20), (20, 7), (7, 28), (28, 7), (8, 37), (37, 8), (8, 46), (46, 8), (8, 59), (59, 8), (9, 30), (30, 9), (9, 36), (36, 9), (10, 18), (18, 10), (10, 58), (58, 10), (12, 21), (21, 12), (12, 30), (30, 12), (13, 25), (25, 13), (13, 33), (33, 13), (13, 58), (58, 13), (13, 60), (60, 13), (14, 21), (21, 14), (14, 48), (48, 14), (15, 29), (29, 15), (15, 30), (30, 15), (15, 37), (37, 15), (15, 51), (51, 15), (17, 52), (52, 17), (18, 21), (21, 18), (18, 32), (32, 18), (18, 40), (40, 18), (19, 26), (26, 19), (19, 29), (29, 19), (19, 35), (35, 19), (19, 38), (38, 19), (21, 27), (27, 21), (21, 30), (30, 21), (21, 58), (58, 21), (22, 32), (32, 22), (22, 45), (45, 22), (22, 48), (48, 22), (23, 26), (26, 23), (23, 47), (47, 23), (23, 56), (56, 23), (24, 48), (48, 24), (25, 43), (43, 25), (27, 52), (52, 27), (28, 37), (37, 28), (28, 38), (38, 28), (28, 45), (45, 28), (28, 49), (49, 28), (29, 51), (51, 29), (30, 49), (49, 30), (30, 50), (50, 30), (31, 39), (39, 31), (32, 41), (41, 32), (32, 42), (42, 32), (32, 45), (45, 32), (32, 46), (46, 32), (32, 49), (49, 32), (33, 44), (44, 33), (34, 45), (45, 34), (36, 42), (42, 36), (37, 46), (46, 37), (38, 42), (42, 38), (38, 50), (50, 38), (40, 43), (43, 40), (40, 59), (59, 40), (41, 45), (45, 41), (41, 53), (53, 41), (42, 47), (47, 42), (42, 59), (59, 42), (43, 47), (47, 43), (43, 60), (60, 43), (44, 53), (53, 44), (46, 52), (52, 46), (51, 58), (58, 51), (52, 57), (57, 52), (55, 58), (58, 55)]
Z_dad = [21, 28, 32]
Y_dad = [13]
X_dad = [15, 33, 59]
Z_da-ad = [21, 22, 46]
Y_da-ad = [32]
X_da-ad = [13, 41, 50]
