no              #fail
17.364          #totTm
0.732           #lastADTm
8               #itDAD
1.429           #avItADGoal
15              #itADOpt
37              #opt
23              #optDA-AD
2.94            #tmDA
37.8            #relGain

V = [1, 2, 3, 4, 5, 6, 7, 8, 9, 10, 11, 12, 13, 14, 15, 16, 17, 18, 19, 20, 21, 22, 23, 24, 25, 26, 27, 28, 29, 30, 31, 32, 33, 34, 35, 36, 37, 38, 39, 40, 41, 42, 43, 44, 45, 46, 47, 48, 49, 50, 51, 52, 53, 54, 55, 56, 57, 58, 59, 60]
A = [(1, 5), (5, 1), (1, 9), (9, 1), (1, 41), (41, 1), (1, 52), (52, 1), (1, 57), (57, 1), (2, 12), (12, 2), (2, 40), (40, 2), (3, 12), (12, 3), (3, 22), (22, 3), (3, 60), (60, 3), (4, 47), (47, 4), (5, 30), (30, 5), (5, 39), (39, 5), (6, 28), (28, 6), (7, 27), (27, 7), (8, 33), (33, 8), (8, 60), (60, 8), (9, 35), (35, 9), (9, 37), (37, 9), (9, 53), (53, 9), (10, 11), (11, 10), (10, 18), (18, 10), (10, 19), (19, 10), (10, 55), (55, 10), (11, 25), (25, 11), (11, 49), (49, 11), (12, 16), (16, 12), (12, 21), (21, 12), (12, 24), (24, 12), (12, 54), (54, 12), (13, 15), (15, 13), (13, 46), (46, 13), (13, 54), (54, 13), (13, 59), (59, 13), (14, 32), (32, 14), (14, 33), (33, 14), (15, 42), (42, 15), (15, 54), (54, 15), (16, 22), (22, 16), (16, 59), (59, 16), (17, 26), (26, 17), (17, 34), (34, 17), (17, 36), (36, 17), (17, 43), (43, 17), (17, 46), (46, 17), (18, 19), (19, 18), (18, 29), (29, 18), (18, 30), (30, 18), (19, 33), (33, 19), (20, 25), (25, 20), (20, 39), (39, 20), (20, 40), (40, 20), (20, 46), (46, 20), (22, 40), (40, 22), (22, 54), (54, 22), (23, 43), (43, 23), (25, 47), (47, 25), (25, 49), (49, 25), (25, 58), (58, 25), (26, 47), (47, 26), (30, 38), (38, 30), (33, 39), (39, 33), (33, 45), (45, 33), (34, 39), (39, 34), (34, 50), (50, 34), (35, 44), (44, 35), (35, 60), (60, 35), (36, 53), (53, 36), (36, 58), (58, 36), (36, 59), (59, 36), (37, 45), (45, 37), (37, 53), (53, 37), (38, 48), (48, 38), (39, 53), (53, 39), (39, 56), (56, 39), (41, 60), (60, 41), (43, 48), (48, 43), (43, 52), (52, 43), (44, 45), (45, 44), (45, 48), (48, 45), (45, 55), (55, 45), (48, 50), (50, 48), (48, 58), (58, 48), (49, 53), (53, 49), (50, 54), (54, 50), (50, 58), (58, 50), (54, 59), (59, 54), (55, 56), (56, 55)]
Z_dad = [3, 39, 48]
Y_dad = [25]
X_dad = [11, 17, 53]
Z_da-ad = [1, 12, 33]
Y_da-ad = [45]
X_da-ad = [20, 22, 35]
