no              #fail
39.752          #totTm
0.906           #lastADTm
7               #itDAD
1.333           #avItADGoal
21              #itADOpt
30              #opt
29              #optDA-AD
1.685           #tmDA
3.3             #relGain

V = [1, 2, 3, 4, 5, 6, 7, 8, 9, 10, 11, 12, 13, 14, 15, 16, 17, 18, 19, 20, 21, 22, 23, 24, 25, 26, 27, 28, 29, 30, 31, 32, 33, 34, 35, 36, 37, 38, 39, 40, 41, 42, 43, 44, 45, 46, 47, 48, 49, 50, 51, 52, 53, 54, 55, 56, 57, 58, 59, 60]
A = [(1, 6), (6, 1), (1, 47), (47, 1), (2, 59), (59, 2), (3, 42), (42, 3), (4, 12), (12, 4), (4, 33), (33, 4), (5, 19), (19, 5), (5, 22), (22, 5), (5, 38), (38, 5), (6, 31), (31, 6), (6, 43), (43, 6), (6, 50), (50, 6), (6, 56), (56, 6), (7, 18), (18, 7), (7, 25), (25, 7), (7, 31), (31, 7), (7, 58), (58, 7), (8, 9), (9, 8), (8, 20), (20, 8), (8, 22), (22, 8), (8, 35), (35, 8), (8, 44), (44, 8), (8, 45), (45, 8), (8, 50), (50, 8), (9, 18), (18, 9), (9, 32), (32, 9), (9, 37), (37, 9), (9, 47), (47, 9), (9, 51), (51, 9), (10, 24), (24, 10), (10, 31), (31, 10), (10, 49), (49, 10), (11, 15), (15, 11), (11, 19), (19, 11), (11, 25), (25, 11), (11, 35), (35, 11), (11, 44), (44, 11), (11, 56), (56, 11), (12, 54), (54, 12), (13, 60), (60, 13), (14, 37), (37, 14), (14, 54), (54, 14), (15, 29), (29, 15), (16, 26), (26, 16), (16, 46), (46, 16), (16, 49), (49, 16), (17, 39), (39, 17), (18, 47), (47, 18), (18, 56), (56, 18), (19, 21), (21, 19), (19, 27), (27, 19), (19, 29), (29, 19), (19, 45), (45, 19), (20, 35), (35, 20), (20, 53), (53, 20), (21, 25), (25, 21), (21, 51), (51, 21), (22, 29), (29, 22), (22, 38), (38, 22), (22, 49), (49, 22), (23, 47), (47, 23), (24, 38), (38, 24), (26, 41), (41, 26), (26, 47), (47, 26), (26, 50), (50, 26), (29, 43), (43, 29), (29, 46), (46, 29), (30, 57), (57, 30), (31, 34), (34, 31), (31, 40), (40, 31), (31, 52), (52, 31), (33, 47), (47, 33), (34, 51), (51, 34), (36, 52), (52, 36), (37, 55), (55, 37), (38, 46), (46, 38), (39, 42), (42, 39), (41, 57), (57, 41), (42, 59), (59, 42), (43, 51), (51, 43), (43, 54), (54, 43), (45, 58), (58, 45), (47, 56), (56, 47), (49, 58), (58, 49), (50, 55), (55, 50), (54, 57), (57, 54), (55, 56), (56, 55), (56, 58), (58, 56)]
Z_dad = [26, 31, 47]
Y_dad = [8]
X_dad = [9, 43, 55]
Z_da-ad = [31, 47, 54]
Y_da-ad = [8]
X_da-ad = [9, 26, 55]
