no              #fail
0.411           #totTm
0.120           #lastADTm
3               #itDAD
1.000           #avItADGoal
4               #itADOpt
3               #opt
3               #optDA-AD
0.198           #tmDA
0.0             #relGain

V = [1, 2, 3, 4, 5, 6, 7, 8, 9, 10, 11, 12, 13, 14, 15, 16, 17, 18, 19, 20, 21, 22, 23, 24, 25, 26, 27, 28, 29, 30, 31, 32, 33, 34, 35, 36, 37, 38, 39, 40]
A = [(1, 12), (12, 1), (1, 21), (21, 1), (1, 22), (22, 1), (1, 40), (40, 1), (2, 15), (15, 2), (2, 18), (18, 2), (2, 21), (21, 2), (2, 23), (23, 2), (2, 31), (31, 2), (2, 38), (38, 2), (2, 40), (40, 2), (3, 8), (8, 3), (3, 12), (12, 3), (3, 16), (16, 3), (3, 19), (19, 3), (3, 30), (30, 3), (3, 34), (34, 3), (3, 38), (38, 3), (4, 9), (9, 4), (4, 16), (16, 4), (4, 24), (24, 4), (4, 25), (25, 4), (4, 28), (28, 4), (4, 31), (31, 4), (5, 10), (10, 5), (5, 17), (17, 5), (5, 26), (26, 5), (5, 29), (29, 5), (5, 34), (34, 5), (6, 15), (15, 6), (6, 21), (21, 6), (6, 36), (36, 6), (6, 37), (37, 6), (7, 11), (11, 7), (7, 14), (14, 7), (7, 16), (16, 7), (7, 18), (18, 7), (7, 32), (32, 7), (8, 10), (10, 8), (8, 28), (28, 8), (9, 17), (17, 9), (9, 22), (22, 9), (9, 24), (24, 9), (10, 18), (18, 10), (10, 26), (26, 10), (10, 29), (29, 10), (10, 37), (37, 10), (11, 17), (17, 11), (11, 27), (27, 11), (12, 28), (28, 12), (12, 36), (36, 12), (13, 17), (17, 13), (13, 20), (20, 13), (13, 21), (21, 13), (13, 23), (23, 13), (13, 29), (29, 13), (14, 21), (21, 14), (14, 30), (30, 14), (14, 40), (40, 14), (15, 20), (20, 15), (15, 27), (27, 15), (16, 24), (24, 16), (17, 21), (21, 17), (17, 24), (24, 17), (17, 32), (32, 17), (18, 20), (20, 18), (18, 24), (24, 18), (19, 22), (22, 19), (20, 26), (26, 20), (20, 28), (28, 20), (20, 29), (29, 20), (21, 22), (22, 21), (21, 28), (28, 21), (21, 36), (36, 21), (21, 39), (39, 21), (21, 40), (40, 21), (22, 27), (27, 22), (22, 28), (28, 22), (22, 34), (34, 22), (23, 35), (35, 23), (24, 29), (29, 24), (24, 36), (36, 24), (25, 28), (28, 25), (25, 29), (29, 25), (25, 38), (38, 25), (26, 32), (32, 26), (26, 35), (35, 26), (26, 38), (38, 26), (28, 36), (36, 28), (31, 40), (40, 31), (32, 35), (35, 32), (33, 35), (35, 33), (33, 38), (38, 33)]
Z_dad = [21]
Y_dad = [24]
X_dad = [4]
Z_da-ad = [21]
Y_da-ad = [24]
X_da-ad = [4]
