no              #fail
1.289           #totTm
0.155           #lastADTm
5               #itDAD
1.500           #avItADGoal
5               #itADOpt
4               #opt
4               #optDA-AD
0.211           #tmDA
0.0             #relGain

V = [1, 2, 3, 4, 5, 6, 7, 8, 9, 10, 11, 12, 13, 14, 15, 16, 17, 18, 19, 20, 21, 22, 23, 24, 25, 26, 27, 28, 29, 30, 31, 32, 33, 34, 35, 36, 37, 38, 39, 40]
A = [(1, 5), (5, 1), (1, 10), (10, 1), (1, 13), (13, 1), (1, 33), (33, 1), (2, 5), (5, 2), (2, 15), (15, 2), (2, 17), (17, 2), (2, 20), (20, 2), (2, 34), (34, 2), (2, 38), (38, 2), (3, 13), (13, 3), (3, 15), (15, 3), (3, 28), (28, 3), (3, 34), (34, 3), (3, 36), (36, 3), (4, 18), (18, 4), (4, 21), (21, 4), (4, 26), (26, 4), (4, 29), (29, 4), (4, 30), (30, 4), (4, 33), (33, 4), (5, 15), (15, 5), (5, 26), (26, 5), (6, 16), (16, 6), (6, 19), (19, 6), (6, 23), (23, 6), (6, 31), (31, 6), (6, 36), (36, 6), (6, 37), (37, 6), (6, 39), (39, 6), (8, 9), (9, 8), (8, 12), (12, 8), (8, 15), (15, 8), (8, 20), (20, 8), (8, 30), (30, 8), (9, 11), (11, 9), (9, 14), (14, 9), (9, 23), (23, 9), (9, 26), (26, 9), (9, 27), (27, 9), (9, 31), (31, 9), (10, 14), (14, 10), (10, 17), (17, 10), (10, 29), (29, 10), (11, 27), (27, 11), (11, 28), (28, 11), (11, 29), (29, 11), (11, 34), (34, 11), (11, 35), (35, 11), (12, 28), (28, 12), (13, 21), (21, 13), (13, 22), (22, 13), (13, 24), (24, 13), (13, 26), (26, 13), (13, 37), (37, 13), (14, 16), (16, 14), (14, 27), (27, 14), (14, 30), (30, 14), (14, 31), (31, 14), (14, 38), (38, 14), (14, 40), (40, 14), (15, 19), (19, 15), (15, 24), (24, 15), (15, 28), (28, 15), (15, 39), (39, 15), (16, 23), (23, 16), (17, 40), (40, 17), (18, 22), (22, 18), (18, 28), (28, 18), (19, 29), (29, 19), (20, 21), (21, 20), (20, 22), (22, 20), (20, 28), (28, 20), (20, 40), (40, 20), (21, 37), (37, 21), (22, 29), (29, 22), (22, 38), (38, 22), (23, 29), (29, 23), (23, 40), (40, 23), (24, 28), (28, 24), (24, 40), (40, 24), (25, 34), (34, 25), (25, 35), (35, 25), (26, 29), (29, 26), (26, 34), (34, 26), (28, 38), (38, 28), (28, 39), (39, 28), (29, 30), (30, 29), (29, 31), (31, 29), (29, 36), (36, 29), (30, 39), (39, 30), (31, 36), (36, 31), (32, 40), (40, 32)]
Z_dad = [34]
Y_dad = [11]
X_dad = [35]
Z_da-ad = [40]
Y_da-ad = [29]
X_da-ad = [4]
