no              #fail
3.457           #totTm
0.125           #lastADTm
7               #itDAD
1.667           #avItADGoal
4               #itADOpt
3               #opt
3               #optDA-AD
0.189           #tmDA
0.0             #relGain

V = [1, 2, 3, 4, 5, 6, 7, 8, 9, 10, 11, 12, 13, 14, 15, 16, 17, 18, 19, 20, 21, 22, 23, 24, 25, 26, 27, 28, 29, 30, 31, 32, 33, 34, 35, 36, 37, 38, 39, 40]
A = [(1, 5), (5, 1), (1, 19), (19, 1), (1, 32), (32, 1), (1, 36), (36, 1), (1, 39), (39, 1), (2, 9), (9, 2), (2, 10), (10, 2), (2, 17), (17, 2), (2, 35), (35, 2), (3, 26), (26, 3), (3, 32), (32, 3), (3, 35), (35, 3), (4, 7), (7, 4), (4, 8), (8, 4), (4, 9), (9, 4), (4, 13), (13, 4), (4, 15), (15, 4), (4, 32), (32, 4), (4, 36), (36, 4), (4, 39), (39, 4), (5, 13), (13, 5), (6, 11), (11, 6), (7, 8), (8, 7), (7, 24), (24, 7), (7, 32), (32, 7), (7, 37), (37, 7), (8, 9), (9, 8), (8, 19), (19, 8), (8, 20), (20, 8), (9, 10), (10, 9), (9, 15), (15, 9), (9, 29), (29, 9), (10, 26), (26, 10), (10, 29), (29, 10), (10, 30), (30, 10), (10, 32), (32, 10), (10, 39), (39, 10), (11, 28), (28, 11), (11, 36), (36, 11), (12, 13), (13, 12), (12, 20), (20, 12), (12, 21), (21, 12), (12, 36), (36, 12), (12, 38), (38, 12), (13, 20), (20, 13), (13, 26), (26, 13), (13, 40), (40, 13), (14, 19), (19, 14), (14, 20), (20, 14), (14, 21), (21, 14), (15, 31), (31, 15), (15, 34), (34, 15), (16, 22), (22, 16), (16, 23), (23, 16), (16, 24), (24, 16), (16, 26), (26, 16), (16, 28), (28, 16), (16, 33), (33, 16), (16, 34), (34, 16), (16, 39), (39, 16), (17, 23), (23, 17), (17, 30), (30, 17), (17, 39), (39, 17), (18, 31), (31, 18), (19, 23), (23, 19), (20, 21), (21, 20), (20, 22), (22, 20), (20, 29), (29, 20), (20, 35), (35, 20), (20, 37), (37, 20), (22, 28), (28, 22), (23, 24), (24, 23), (23, 32), (32, 23), (23, 33), (33, 23), (24, 30), (30, 24), (25, 27), (27, 25), (25, 28), (28, 25), (25, 29), (29, 25), (25, 38), (38, 25), (25, 39), (39, 25), (26, 33), (33, 26), (26, 36), (36, 26), (27, 30), (30, 27), (27, 40), (40, 27), (30, 31), (31, 30), (30, 32), (32, 30), (31, 36), (36, 31), (32, 39), (39, 32), (33, 35), (35, 33), (33, 37), (37, 33), (33, 40), (40, 33), (34, 38), (38, 34), (37, 40), (40, 37)]
Z_dad = [36]
Y_dad = [28]
X_dad = [11]
Z_da-ad = [11]
Y_da-ad = [31]
X_da-ad = [15]
