no              #fail
1.371           #totTm
0.102           #lastADTm
5               #itDAD
1.500           #avItADGoal
4               #itADOpt
3               #opt
3               #optDA-AD
0.187           #tmDA
0.0             #relGain

V = [1, 2, 3, 4, 5, 6, 7, 8, 9, 10, 11, 12, 13, 14, 15, 16, 17, 18, 19, 20, 21, 22, 23, 24, 25, 26, 27, 28, 29, 30, 31, 32, 33, 34, 35, 36, 37, 38, 39, 40]
A = [(1, 3), (3, 1), (1, 4), (4, 1), (1, 17), (17, 1), (1, 18), (18, 1), (1, 20), (20, 1), (1, 33), (33, 1), (2, 13), (13, 2), (2, 30), (30, 2), (2, 32), (32, 2), (2, 36), (36, 2), (2, 40), (40, 2), (3, 16), (16, 3), (3, 20), (20, 3), (3, 26), (26, 3), (3, 27), (27, 3), (3, 37), (37, 3), (4, 12), (12, 4), (4, 18), (18, 4), (4, 23), (23, 4), (4, 33), (33, 4), (5, 10), (10, 5), (5, 13), (13, 5), (5, 25), (25, 5), (5, 31), (31, 5), (6, 7), (7, 6), (6, 9), (9, 6), (6, 15), (15, 6), (6, 24), (24, 6), (6, 31), (31, 6), (7, 19), (19, 7), (7, 29), (29, 7), (7, 38), (38, 7), (8, 10), (10, 8), (8, 37), (37, 8), (8, 38), (38, 8), (9, 22), (22, 9), (9, 27), (27, 9), (9, 32), (32, 9), (10, 20), (20, 10), (10, 25), (25, 10), (10, 33), (33, 10), (11, 16), (16, 11), (11, 21), (21, 11), (12, 17), (17, 12), (12, 23), (23, 12), (12, 31), (31, 12), (13, 15), (15, 13), (13, 37), (37, 13), (14, 31), (31, 14), (15, 40), (40, 15), (16, 27), (27, 16), (16, 30), (30, 16), (16, 38), (38, 16), (17, 19), (19, 17), (17, 21), (21, 17), (17, 24), (24, 17), (17, 25), (25, 17), (17, 30), (30, 17), (17, 33), (33, 17), (17, 35), (35, 17), (17, 40), (40, 17), (18, 25), (25, 18), (18, 29), (29, 18), (19, 20), (20, 19), (19, 25), (25, 19), (19, 29), (29, 19), (20, 23), (23, 20), (20, 35), (35, 20), (20, 38), (38, 20), (21, 26), (26, 21), (22, 26), (26, 22), (22, 39), (39, 22), (22, 40), (40, 22), (23, 27), (27, 23), (23, 34), (34, 23), (23, 38), (38, 23), (24, 26), (26, 24), (24, 30), (30, 24), (24, 38), (38, 24), (25, 34), (34, 25), (27, 38), (38, 27), (28, 29), (29, 28), (28, 31), (31, 28), (28, 35), (35, 28), (29, 32), (32, 29), (29, 34), (34, 29), (30, 34), (34, 30), (32, 34), (34, 32), (32, 37), (37, 32), (34, 37), (37, 34), (34, 39), (39, 34), (35, 38), (38, 35), (37, 40), (40, 37)]
Z_dad = [2]
Y_dad = [31]
X_dad = [5]
Z_da-ad = [31]
Y_da-ad = [2]
X_da-ad = [13]
