no              #fail
0.506           #totTm
0.110           #lastADTm
3               #itDAD
1.000           #avItADGoal
3               #itADOpt
3               #opt
3               #optDA-AD
0.191           #tmDA
0.0             #relGain

V = [1, 2, 3, 4, 5, 6, 7, 8, 9, 10, 11, 12, 13, 14, 15, 16, 17, 18, 19, 20, 21, 22, 23, 24, 25, 26, 27, 28, 29, 30, 31, 32, 33, 34, 35, 36, 37, 38, 39, 40]
A = [(1, 8), (8, 1), (1, 19), (19, 1), (1, 28), (28, 1), (1, 32), (32, 1), (2, 10), (10, 2), (2, 14), (14, 2), (2, 31), (31, 2), (2, 33), (33, 2), (2, 37), (37, 2), (3, 14), (14, 3), (3, 17), (17, 3), (3, 33), (33, 3), (3, 34), (34, 3), (3, 40), (40, 3), (4, 8), (8, 4), (4, 19), (19, 4), (4, 26), (26, 4), (4, 30), (30, 4), (5, 6), (6, 5), (5, 10), (10, 5), (5, 13), (13, 5), (5, 19), (19, 5), (5, 26), (26, 5), (5, 40), (40, 5), (6, 9), (9, 6), (6, 14), (14, 6), (6, 17), (17, 6), (6, 32), (32, 6), (7, 12), (12, 7), (7, 16), (16, 7), (7, 26), (26, 7), (8, 11), (11, 8), (8, 15), (15, 8), (8, 18), (18, 8), (8, 36), (36, 8), (9, 10), (10, 9), (9, 12), (12, 9), (9, 27), (27, 9), (10, 27), (27, 10), (10, 39), (39, 10), (11, 31), (31, 11), (12, 21), (21, 12), (12, 27), (27, 12), (12, 29), (29, 12), (13, 17), (17, 13), (13, 22), (22, 13), (13, 35), (35, 13), (14, 19), (19, 14), (15, 17), (17, 15), (15, 25), (25, 15), (15, 27), (27, 15), (15, 28), (28, 15), (15, 31), (31, 15), (15, 32), (32, 15), (16, 23), (23, 16), (16, 33), (33, 16), (17, 27), (27, 17), (17, 35), (35, 17), (17, 36), (36, 17), (17, 39), (39, 17), (18, 25), (25, 18), (18, 26), (26, 18), (18, 32), (32, 18), (18, 33), (33, 18), (18, 36), (36, 18), (19, 25), (25, 19), (20, 34), (34, 20), (20, 36), (36, 20), (21, 22), (22, 21), (21, 34), (34, 21), (22, 35), (35, 22), (22, 40), (40, 22), (23, 25), (25, 23), (24, 27), (27, 24), (25, 30), (30, 25), (25, 36), (36, 25), (25, 38), (38, 25), (26, 39), (39, 26), (28, 30), (30, 28), (28, 32), (32, 28), (29, 35), (35, 29), (30, 38), (38, 30), (30, 39), (39, 30), (32, 37), (37, 32), (32, 39), (39, 32), (33, 38), (38, 33), (33, 40), (40, 33), (34, 37), (37, 34), (35, 39), (39, 35), (36, 37), (37, 36), (36, 38), (38, 36), (36, 40), (40, 36), (37, 40), (40, 37)]
Z_dad = [36]
Y_dad = [32]
X_dad = [34]
Z_da-ad = [27]
Y_da-ad = [36]
X_da-ad = [8]
