no              #fail
1.421           #totTm
0.146           #lastADTm
5               #itDAD
1.500           #avItADGoal
4               #itADOpt
3               #opt
2               #optDA-AD
0.176           #tmDA
33.3            #relGain

V = [1, 2, 3, 4, 5, 6, 7, 8, 9, 10, 11, 12, 13, 14, 15, 16, 17, 18, 19, 20, 21, 22, 23, 24, 25, 26, 27, 28, 29, 30, 31, 32, 33, 34, 35, 36, 37, 38, 39, 40]
A = [(1, 3), (3, 1), (1, 5), (5, 1), (1, 7), (7, 1), (1, 8), (8, 1), (1, 12), (12, 1), (1, 14), (14, 1), (2, 11), (11, 2), (2, 36), (36, 2), (3, 4), (4, 3), (3, 23), (23, 3), (3, 27), (27, 3), (3, 39), (39, 3), (4, 17), (17, 4), (4, 22), (22, 4), (4, 25), (25, 4), (4, 27), (27, 4), (5, 6), (6, 5), (5, 10), (10, 5), (5, 12), (12, 5), (5, 19), (19, 5), (5, 21), (21, 5), (5, 33), (33, 5), (6, 7), (7, 6), (6, 10), (10, 6), (6, 15), (15, 6), (6, 28), (28, 6), (7, 10), (10, 7), (7, 35), (35, 7), (8, 12), (12, 8), (8, 23), (23, 8), (8, 24), (24, 8), (8, 35), (35, 8), (8, 38), (38, 8), (9, 17), (17, 9), (9, 21), (21, 9), (9, 25), (25, 9), (9, 29), (29, 9), (9, 38), (38, 9), (10, 26), (26, 10), (10, 32), (32, 10), (11, 21), (21, 11), (11, 39), (39, 11), (12, 35), (35, 12), (13, 15), (15, 13), (13, 40), (40, 13), (14, 25), (25, 14), (14, 34), (34, 14), (14, 37), (37, 14), (15, 18), (18, 15), (15, 40), (40, 15), (16, 24), (24, 16), (16, 28), (28, 16), (16, 31), (31, 16), (17, 26), (26, 17), (18, 23), (23, 18), (18, 34), (34, 18), (18, 38), (38, 18), (19, 30), (30, 19), (20, 21), (21, 20), (20, 24), (24, 20), (20, 25), (25, 20), (20, 26), (26, 20), (20, 28), (28, 20), (21, 23), (23, 21), (21, 29), (29, 21), (21, 34), (34, 21), (22, 27), (27, 22), (22, 31), (31, 22), (22, 37), (37, 22), (24, 33), (33, 24), (25, 28), (28, 25), (25, 29), (29, 25), (25, 35), (35, 25), (27, 35), (35, 27), (28, 29), (29, 28), (28, 31), (31, 28), (28, 33), (33, 28), (28, 34), (34, 28), (28, 36), (36, 28), (28, 38), (38, 28), (29, 31), (31, 29), (29, 38), (38, 29), (30, 37), (37, 30), (31, 34), (34, 31), (31, 36), (36, 31), (31, 38), (38, 31), (32, 34), (34, 32), (33, 36), (36, 33), (33, 38), (38, 33), (33, 40), (40, 33), (34, 37), (37, 34), (35, 40), (40, 35), (37, 38), (38, 37)]
Z_dad = [37]
Y_dad = [5]
X_dad = [19]
Z_da-ad = [1]
Y_da-ad = [28]
X_da-ad = [6]
