no              #fail
11.216          #totTm
0.093           #lastADTm
10              #itDAD
1.778           #avItADGoal
3               #itADOpt
2               #opt
2               #optDA-AD
0.178           #tmDA
0.0             #relGain

V = [1, 2, 3, 4, 5, 6, 7, 8, 9, 10, 11, 12, 13, 14, 15, 16, 17, 18, 19, 20, 21, 22, 23, 24, 25, 26, 27, 28, 29, 30, 31, 32, 33, 34, 35, 36, 37, 38, 39, 40]
A = [(1, 2), (2, 1), (1, 3), (3, 1), (1, 9), (9, 1), (1, 16), (16, 1), (1, 33), (33, 1), (2, 5), (5, 2), (2, 7), (7, 2), (2, 12), (12, 2), (3, 9), (9, 3), (3, 17), (17, 3), (3, 27), (27, 3), (3, 38), (38, 3), (3, 40), (40, 3), (4, 10), (10, 4), (4, 15), (15, 4), (4, 23), (23, 4), (4, 40), (40, 4), (5, 13), (13, 5), (5, 14), (14, 5), (5, 21), (21, 5), (5, 27), (27, 5), (6, 11), (11, 6), (6, 15), (15, 6), (6, 16), (16, 6), (6, 26), (26, 6), (6, 33), (33, 6), (6, 38), (38, 6), (7, 28), (28, 7), (7, 30), (30, 7), (7, 31), (31, 7), (7, 37), (37, 7), (7, 39), (39, 7), (8, 26), (26, 8), (8, 32), (32, 8), (9, 17), (17, 9), (9, 21), (21, 9), (9, 30), (30, 9), (9, 40), (40, 9), (10, 15), (15, 10), (10, 17), (17, 10), (10, 28), (28, 10), (10, 39), (39, 10), (10, 40), (40, 10), (11, 40), (40, 11), (12, 16), (16, 12), (12, 19), (19, 12), (12, 36), (36, 12), (12, 40), (40, 12), (13, 26), (26, 13), (13, 34), (34, 13), (13, 35), (35, 13), (13, 36), (36, 13), (14, 24), (24, 14), (14, 25), (25, 14), (15, 34), (34, 15), (15, 36), (36, 15), (16, 30), (30, 16), (16, 37), (37, 16), (17, 31), (31, 17), (18, 22), (22, 18), (18, 29), (29, 18), (18, 34), (34, 18), (19, 22), (22, 19), (19, 23), (23, 19), (19, 26), (26, 19), (19, 31), (31, 19), (20, 22), (22, 20), (20, 37), (37, 20), (20, 40), (40, 20), (21, 24), (24, 21), (21, 34), (34, 21), (21, 39), (39, 21), (22, 25), (25, 22), (23, 40), (40, 23), (24, 37), (37, 24), (24, 39), (39, 24), (26, 40), (40, 26), (27, 38), (38, 27), (27, 39), (39, 27), (27, 40), (40, 27), (28, 29), (29, 28), (28, 35), (35, 28), (29, 30), (30, 29), (29, 39), (39, 29), (30, 36), (36, 30), (31, 36), (36, 31), (32, 37), (37, 32), (32, 38), (38, 32), (33, 40), (40, 33), (36, 40), (40, 36), (37, 38), (38, 37), (38, 39), (39, 38), (38, 40), (40, 38)]
Z_dad = [13]
Y_dad = [28]
X_dad = [7]
Z_da-ad = [1]
Y_da-ad = [40]
X_da-ad = [3]
