no              #fail
1.156           #totTm
0.126           #lastADTm
5               #itDAD
1.500           #avItADGoal
5               #itADOpt
5               #opt
4               #optDA-AD
0.211           #tmDA
20.0            #relGain

V = [1, 2, 3, 4, 5, 6, 7, 8, 9, 10, 11, 12, 13, 14, 15, 16, 17, 18, 19, 20, 21, 22, 23, 24, 25, 26, 27, 28, 29, 30, 31, 32, 33, 34, 35, 36, 37, 38, 39, 40]
A = [(1, 6), (6, 1), (1, 15), (15, 1), (1, 17), (17, 1), (1, 29), (29, 1), (1, 30), (30, 1), (1, 34), (34, 1), (2, 4), (4, 2), (2, 7), (7, 2), (2, 16), (16, 2), (2, 25), (25, 2), (2, 28), (28, 2), (2, 36), (36, 2), (3, 4), (4, 3), (3, 28), (28, 3), (4, 6), (6, 4), (4, 11), (11, 4), (4, 13), (13, 4), (4, 15), (15, 4), (4, 24), (24, 4), (4, 35), (35, 4), (4, 38), (38, 4), (5, 7), (7, 5), (5, 23), (23, 5), (5, 39), (39, 5), (6, 9), (9, 6), (6, 20), (20, 6), (6, 32), (32, 6), (6, 35), (35, 6), (6, 36), (36, 6), (7, 29), (29, 7), (7, 30), (30, 7), (7, 37), (37, 7), (8, 12), (12, 8), (8, 22), (22, 8), (8, 34), (34, 8), (8, 38), (38, 8), (9, 12), (12, 9), (9, 18), (18, 9), (9, 23), (23, 9), (9, 26), (26, 9), (9, 38), (38, 9), (9, 40), (40, 9), (10, 19), (19, 10), (10, 26), (26, 10), (10, 28), (28, 10), (10, 32), (32, 10), (10, 34), (34, 10), (10, 36), (36, 10), (11, 19), (19, 11), (11, 26), (26, 11), (11, 29), (29, 11), (11, 37), (37, 11), (11, 39), (39, 11), (12, 18), (18, 12), (13, 21), (21, 13), (13, 24), (24, 13), (13, 28), (28, 13), (13, 37), (37, 13), (13, 39), (39, 13), (14, 16), (16, 14), (14, 27), (27, 14), (15, 19), (19, 15), (15, 23), (23, 15), (15, 38), (38, 15), (16, 39), (39, 16), (17, 21), (21, 17), (18, 20), (20, 18), (18, 25), (25, 18), (18, 30), (30, 18), (18, 35), (35, 18), (18, 37), (37, 18), (19, 26), (26, 19), (19, 40), (40, 19), (20, 36), (36, 20), (20, 40), (40, 20), (21, 28), (28, 21), (22, 24), (24, 22), (22, 35), (35, 22), (23, 29), (29, 23), (23, 40), (40, 23), (24, 28), (28, 24), (24, 35), (35, 24), (25, 28), (28, 25), (26, 34), (34, 26), (27, 39), (39, 27), (28, 34), (34, 28), (28, 39), (39, 28), (33, 38), (38, 33), (34, 38), (38, 34), (35, 37), (37, 35), (35, 40), (40, 35), (36, 37), (37, 36), (37, 40), (40, 37)]
Z_dad = [39]
Y_dad = [2]
X_dad = [16]
Z_da-ad = [38]
Y_da-ad = [28]
X_da-ad = [2]
