no              #fail
1.400           #totTm
0.218           #lastADTm
5               #itDAD
1.500           #avItADGoal
5               #itADOpt
4               #opt
4               #optDA-AD
0.189           #tmDA
0.0             #relGain

V = [1, 2, 3, 4, 5, 6, 7, 8, 9, 10, 11, 12, 13, 14, 15, 16, 17, 18, 19, 20, 21, 22, 23, 24, 25, 26, 27, 28, 29, 30, 31, 32, 33, 34, 35, 36, 37, 38, 39, 40]
A = [(1, 28), (28, 1), (1, 35), (35, 1), (2, 3), (3, 2), (2, 5), (5, 2), (2, 12), (12, 2), (2, 26), (26, 2), (3, 23), (23, 3), (3, 29), (29, 3), (3, 33), (33, 3), (4, 9), (9, 4), (4, 16), (16, 4), (4, 21), (21, 4), (4, 22), (22, 4), (4, 31), (31, 4), (5, 6), (6, 5), (5, 13), (13, 5), (5, 27), (27, 5), (5, 30), (30, 5), (5, 39), (39, 5), (6, 12), (12, 6), (6, 22), (22, 6), (6, 25), (25, 6), (6, 36), (36, 6), (7, 8), (8, 7), (7, 17), (17, 7), (7, 27), (27, 7), (7, 33), (33, 7), (7, 35), (35, 7), (8, 14), (14, 8), (9, 16), (16, 9), (9, 33), (33, 9), (9, 37), (37, 9), (10, 14), (14, 10), (10, 23), (23, 10), (10, 29), (29, 10), (10, 32), (32, 10), (10, 34), (34, 10), (10, 40), (40, 10), (11, 14), (14, 11), (11, 15), (15, 11), (11, 19), (19, 11), (11, 23), (23, 11), (11, 26), (26, 11), (11, 29), (29, 11), (11, 30), (30, 11), (11, 32), (32, 11), (12, 24), (24, 12), (12, 37), (37, 12), (13, 16), (16, 13), (13, 17), (17, 13), (13, 38), (38, 13), (14, 15), (15, 14), (14, 23), (23, 14), (14, 30), (30, 14), (14, 38), (38, 14), (14, 39), (39, 14), (15, 25), (25, 15), (15, 29), (29, 15), (16, 22), (22, 16), (16, 29), (29, 16), (16, 30), (30, 16), (16, 33), (33, 16), (16, 35), (35, 16), (16, 39), (39, 16), (17, 30), (30, 17), (17, 31), (31, 17), (18, 20), (20, 18), (18, 36), (36, 18), (20, 36), (36, 20), (21, 24), (24, 21), (21, 33), (33, 21), (21, 40), (40, 21), (22, 27), (27, 22), (22, 30), (30, 22), (22, 40), (40, 22), (23, 24), (24, 23), (23, 31), (31, 23), (24, 29), (29, 24), (24, 31), (31, 24), (24, 32), (32, 24), (24, 35), (35, 24), (25, 29), (29, 25), (25, 36), (36, 25), (26, 39), (39, 26), (27, 40), (40, 27), (28, 31), (31, 28), (29, 38), (38, 29), (30, 32), (32, 30), (30, 37), (37, 30), (32, 35), (35, 32), (34, 36), (36, 34), (34, 38), (38, 34), (35, 40), (40, 35)]
Z_dad = [36]
Y_dad = [11]
X_dad = [14]
Z_da-ad = [36]
Y_da-ad = [11]
X_da-ad = [14]
