no              #fail
0.432           #totTm
0.118           #lastADTm
3               #itDAD
1.000           #avItADGoal
3               #itADOpt
3               #opt
3               #optDA-AD
0.191           #tmDA
0.0             #relGain

V = [1, 2, 3, 4, 5, 6, 7, 8, 9, 10, 11, 12, 13, 14, 15, 16, 17, 18, 19, 20, 21, 22, 23, 24, 25, 26, 27, 28, 29, 30, 31, 32, 33, 34, 35, 36, 37, 38, 39, 40]
A = [(1, 6), (6, 1), (1, 7), (7, 1), (1, 10), (10, 1), (1, 13), (13, 1), (1, 21), (21, 1), (1, 25), (25, 1), (1, 30), (30, 1), (2, 20), (20, 2), (2, 25), (25, 2), (3, 4), (4, 3), (3, 12), (12, 3), (3, 32), (32, 3), (3, 34), (34, 3), (4, 7), (7, 4), (4, 32), (32, 4), (4, 37), (37, 4), (4, 38), (38, 4), (5, 8), (8, 5), (5, 16), (16, 5), (5, 18), (18, 5), (5, 26), (26, 5), (5, 37), (37, 5), (6, 17), (17, 6), (6, 20), (20, 6), (6, 24), (24, 6), (6, 25), (25, 6), (6, 26), (26, 6), (6, 31), (31, 6), (6, 34), (34, 6), (7, 25), (25, 7), (8, 13), (13, 8), (8, 14), (14, 8), (8, 20), (20, 8), (8, 27), (27, 8), (8, 39), (39, 8), (9, 11), (11, 9), (9, 19), (19, 9), (9, 26), (26, 9), (9, 29), (29, 9), (9, 31), (31, 9), (9, 32), (32, 9), (10, 12), (12, 10), (10, 16), (16, 10), (10, 24), (24, 10), (10, 34), (34, 10), (11, 12), (12, 11), (11, 24), (24, 11), (11, 26), (26, 11), (11, 33), (33, 11), (11, 36), (36, 11), (12, 25), (25, 12), (12, 35), (35, 12), (13, 33), (33, 13), (14, 30), (30, 14), (14, 40), (40, 14), (15, 16), (16, 15), (15, 21), (21, 15), (15, 25), (25, 15), (15, 32), (32, 15), (16, 22), (22, 16), (16, 33), (33, 16), (16, 37), (37, 16), (17, 35), (35, 17), (18, 21), (21, 18), (18, 22), (22, 18), (18, 23), (23, 18), (18, 31), (31, 18), (18, 37), (37, 18), (19, 38), (38, 19), (20, 31), (31, 20), (20, 36), (36, 20), (20, 38), (38, 20), (21, 23), (23, 21), (21, 32), (32, 21), (22, 25), (25, 22), (22, 27), (27, 22), (22, 36), (36, 22), (24, 35), (35, 24), (25, 32), (32, 25), (25, 35), (35, 25), (25, 39), (39, 25), (26, 27), (27, 26), (27, 29), (29, 27), (27, 32), (32, 27), (28, 29), (29, 28), (29, 37), (37, 29), (30, 31), (31, 30), (30, 32), (32, 30), (30, 36), (36, 30), (30, 38), (38, 30), (31, 39), (39, 31), (35, 40), (40, 35), (37, 40), (40, 37)]
Z_dad = [25]
Y_dad = [6]
X_dad = [20]
Z_da-ad = [29]
Y_da-ad = [25]
X_da-ad = [1]
