no              #fail
8.560           #totTm
0.145           #lastADTm
9               #itDAD
1.750           #avItADGoal
4               #itADOpt
3               #opt
3               #optDA-AD
0.193           #tmDA
0.0             #relGain

V = [1, 2, 3, 4, 5, 6, 7, 8, 9, 10, 11, 12, 13, 14, 15, 16, 17, 18, 19, 20, 21, 22, 23, 24, 25, 26, 27, 28, 29, 30, 31, 32, 33, 34, 35, 36, 37, 38, 39, 40]
A = [(1, 2), (2, 1), (1, 5), (5, 1), (1, 6), (6, 1), (1, 9), (9, 1), (1, 23), (23, 1), (2, 7), (7, 2), (2, 9), (9, 2), (2, 12), (12, 2), (2, 14), (14, 2), (3, 4), (4, 3), (3, 8), (8, 3), (3, 16), (16, 3), (3, 20), (20, 3), (3, 25), (25, 3), (3, 37), (37, 3), (3, 39), (39, 3), (4, 13), (13, 4), (4, 20), (20, 4), (4, 21), (21, 4), (4, 22), (22, 4), (4, 33), (33, 4), (4, 34), (34, 4), (5, 10), (10, 5), (5, 12), (12, 5), (5, 28), (28, 5), (5, 29), (29, 5), (5, 40), (40, 5), (6, 17), (17, 6), (6, 26), (26, 6), (6, 28), (28, 6), (6, 30), (30, 6), (6, 34), (34, 6), (7, 15), (15, 7), (7, 18), (18, 7), (7, 27), (27, 7), (7, 31), (31, 7), (7, 37), (37, 7), (8, 25), (25, 8), (8, 36), (36, 8), (8, 37), (37, 8), (9, 13), (13, 9), (9, 26), (26, 9), (9, 30), (30, 9), (9, 36), (36, 9), (10, 25), (25, 10), (10, 33), (33, 10), (11, 15), (15, 11), (11, 28), (28, 11), (11, 40), (40, 11), (12, 15), (15, 12), (12, 26), (26, 12), (12, 31), (31, 12), (13, 22), (22, 13), (14, 27), (27, 14), (14, 33), (33, 14), (14, 40), (40, 14), (15, 18), (18, 15), (15, 23), (23, 15), (15, 31), (31, 15), (16, 19), (19, 16), (16, 22), (22, 16), (16, 33), (33, 16), (17, 19), (19, 17), (17, 21), (21, 17), (17, 22), (22, 17), (17, 23), (23, 17), (17, 28), (28, 17), (18, 24), (24, 18), (18, 26), (26, 18), (18, 38), (38, 18), (18, 40), (40, 18), (19, 25), (25, 19), (19, 29), (29, 19), (19, 31), (31, 19), (19, 35), (35, 19), (20, 28), (28, 20), (20, 36), (36, 20), (20, 40), (40, 20), (21, 31), (31, 21), (21, 35), (35, 21), (21, 38), (38, 21), (22, 26), (26, 22), (22, 29), (29, 22), (22, 39), (39, 22), (23, 27), (27, 23), (24, 25), (25, 24), (27, 31), (31, 27), (28, 40), (40, 28), (29, 39), (39, 29), (31, 34), (34, 31), (33, 34), (34, 33), (36, 38), (38, 36), (36, 39), (39, 36)]
Z_dad = [21]
Y_dad = [19]
X_dad = [16]
Z_da-ad = [1]
Y_da-ad = [22]
X_da-ad = [4]
