no              #fail
0.755           #totTm
0.134           #lastADTm
4               #itDAD
1.333           #avItADGoal
5               #itADOpt
5               #opt
5               #optDA-AD
0.200           #tmDA
0.0             #relGain

V = [1, 2, 3, 4, 5, 6, 7, 8, 9, 10, 11, 12, 13, 14, 15, 16, 17, 18, 19, 20, 21, 22, 23, 24, 25, 26, 27, 28, 29, 30, 31, 32, 33, 34, 35, 36, 37, 38, 39, 40]
A = [(1, 6), (6, 1), (1, 20), (20, 1), (1, 26), (26, 1), (1, 28), (28, 1), (1, 32), (32, 1), (1, 37), (37, 1), (1, 40), (40, 1), (2, 13), (13, 2), (2, 18), (18, 2), (2, 29), (29, 2), (2, 32), (32, 2), (3, 26), (26, 3), (3, 28), (28, 3), (3, 33), (33, 3), (3, 37), (37, 3), (4, 10), (10, 4), (4, 13), (13, 4), (4, 16), (16, 4), (4, 17), (17, 4), (4, 21), (21, 4), (4, 30), (30, 4), (4, 35), (35, 4), (4, 38), (38, 4), (5, 14), (14, 5), (5, 20), (20, 5), (5, 26), (26, 5), (5, 35), (35, 5), (5, 39), (39, 5), (6, 16), (16, 6), (6, 21), (21, 6), (6, 26), (26, 6), (6, 27), (27, 6), (6, 28), (28, 6), (7, 20), (20, 7), (7, 32), (32, 7), (7, 37), (37, 7), (7, 39), (39, 7), (8, 27), (27, 8), (9, 23), (23, 9), (9, 27), (27, 9), (9, 34), (34, 9), (10, 28), (28, 10), (10, 29), (29, 10), (11, 13), (13, 11), (11, 21), (21, 11), (11, 24), (24, 11), (11, 27), (27, 11), (11, 32), (32, 11), (11, 33), (33, 11), (12, 14), (14, 12), (12, 18), (18, 12), (12, 28), (28, 12), (13, 15), (15, 13), (13, 17), (17, 13), (13, 30), (30, 13), (13, 31), (31, 13), (13, 33), (33, 13), (14, 17), (17, 14), (14, 27), (27, 14), (14, 32), (32, 14), (14, 38), (38, 14), (15, 20), (20, 15), (16, 23), (23, 16), (16, 25), (25, 16), (16, 29), (29, 16), (16, 31), (31, 16), (16, 32), (32, 16), (17, 33), (33, 17), (17, 35), (35, 17), (17, 39), (39, 17), (18, 24), (24, 18), (18, 26), (26, 18), (18, 38), (38, 18), (19, 30), (30, 19), (20, 22), (22, 20), (20, 26), (26, 20), (20, 33), (33, 20), (23, 32), (32, 23), (24, 27), (27, 24), (24, 28), (28, 24), (25, 31), (31, 25), (25, 37), (37, 25), (25, 38), (38, 25), (26, 27), (27, 26), (26, 38), (38, 26), (27, 31), (31, 27), (28, 30), (30, 28), (29, 30), (30, 29), (30, 36), (36, 30), (31, 37), (37, 31), (32, 38), (38, 32), (34, 37), (37, 34), (35, 37), (37, 35)]
Z_dad = [30]
Y_dad = [26]
X_dad = [1]
Z_da-ad = [30]
Y_da-ad = [26]
X_da-ad = [1]
