no              #fail
3.561           #totTm
3.392           #lastADTm
6               #itDAD
1.000           #avItADGoal
144             #itADOpt
17              #opt
17              #optDA-AD
1.278           #tmDA
0.0             #relGain

V = [1, 2, 3, 4, 5, 6, 7, 8, 9, 10, 11, 12, 13, 14, 15, 16, 17, 18, 19, 20]
A = [(4, 12), (12, 4), (4, 19), (19, 4), (6, 10), (10, 6), (6, 17), (17, 6), (8, 16), (16, 8), (10, 16), (16, 10), (11, 18), (18, 11), (11, 19), (19, 11), (12, 15), (15, 12)]
Z_dad = [11, 12]
Y_dad = [4, 6]
X_dad = [10, 17]
Z_da-ad = [10, 19]
Y_da-ad = [8, 12]
X_da-ad = [4, 15]
