no              #fail
3.484           #totTm
3.363           #lastADTm
5               #itDAD
1.000           #avItADGoal
154             #itADOpt
18              #opt
18              #optDA-AD
1.430           #tmDA
0.0             #relGain

V = [1, 2, 3, 4, 5, 6, 7, 8, 9, 10, 11, 12, 13, 14, 15, 16, 17, 18, 19, 20]
A = [(1, 8), (8, 1), (1, 11), (11, 1), (3, 16), (16, 3), (3, 18), (18, 3), (4, 13), (13, 4), (5, 18), (18, 5), (8, 15), (15, 8), (10, 11), (11, 10), (10, 18), (18, 10)]
Z_dad = [1, 18]
Y_dad = [2, 12]
X_dad = []
Z_da-ad = [1, 18]
Y_da-ad = [2, 12]
X_da-ad = []
