no              #fail
3.268           #totTm
3.175           #lastADTm
4               #itDAD
1.000           #avItADGoal
154             #itADOpt
18              #opt
18              #optDA-AD
1.736           #tmDA
0.0             #relGain

V = [1, 2, 3, 4, 5, 6, 7, 8, 9, 10, 11, 12, 13, 14, 15, 16, 17, 18, 19, 20]
A = [(3, 10), (10, 3), (3, 13), (13, 3), (4, 18), (18, 4), (5, 6), (6, 5), (5, 9), (9, 5), (6, 16), (16, 6), (9, 10), (10, 9), (10, 14), (14, 10), (10, 15), (15, 10)]
Z_dad = [6, 10]
Y_dad = [1, 2]
X_dad = []
Z_da-ad = [6, 10]
Y_da-ad = [1, 2]
X_da-ad = []
