no              #fail
3.725           #totTm
3.580           #lastADTm
6               #itDAD
1.000           #avItADGoal
149             #itADOpt
17              #opt
17              #optDA-AD
1.537           #tmDA
0.0             #relGain

V = [1, 2, 3, 4, 5, 6, 7, 8, 9, 10, 11, 12, 13, 14, 15, 16, 17, 18, 19, 20]
A = [(2, 19), (19, 2), (3, 17), (17, 3), (4, 9), (9, 4), (4, 10), (10, 4), (4, 17), (17, 4), (6, 8), (8, 6), (6, 13), (13, 6), (11, 20), (20, 11), (14, 17), (17, 14)]
Z_dad = [4, 17]
Y_dad = [6, 19]
X_dad = [2, 8]
Z_da-ad = [4, 6]
Y_da-ad = [17, 20]
X_da-ad = [3, 11]
