no              #fail
4.051           #totTm
3.868           #lastADTm
7               #itDAD
1.000           #avItADGoal
147             #itADOpt
17              #opt
17              #optDA-AD
1.317           #tmDA
0.0             #relGain

V = [1, 2, 3, 4, 5, 6, 7, 8, 9, 10, 11, 12, 13, 14, 15, 16, 17, 18, 19, 20]
A = [(1, 15), (15, 1), (3, 17), (17, 3), (6, 14), (14, 6), (7, 18), (18, 7), (8, 16), (16, 8), (9, 10), (10, 9), (11, 15), (15, 11), (13, 17), (17, 13), (18, 20), (20, 18)]
Z_dad = [15, 18]
Y_dad = [16, 17]
X_dad = [3, 8]
Z_da-ad = [17, 18]
Y_da-ad = [15, 16]
X_da-ad = [1, 8]
