no              #fail
3.731           #totTm
3.636           #lastADTm
4               #itDAD
1.000           #avItADGoal
154             #itADOpt
18              #opt
18              #optDA-AD
1.212           #tmDA
0.0             #relGain

V = [1, 2, 3, 4, 5, 6, 7, 8, 9, 10, 11, 12, 13, 14, 15, 16, 17, 18, 19, 20]
A = [(1, 17), (17, 1), (4, 13), (13, 4), (6, 11), (11, 6), (6, 14), (14, 6), (7, 10), (10, 7), (8, 15), (15, 8), (8, 20), (20, 8), (9, 14), (14, 9), (15, 19), (19, 15)]
Z_dad = [6, 8]
Y_dad = [2, 12]
X_dad = []
Z_da-ad = [8, 14]
Y_da-ad = [2, 5]
X_da-ad = []
