no              #fail
3.492           #totTm
3.311           #lastADTm
7               #itDAD
1.000           #avItADGoal
150             #itADOpt
17              #opt
17              #optDA-AD
1.533           #tmDA
0.0             #relGain

V = [1, 2, 3, 4, 5, 6, 7, 8, 9, 10, 11, 12, 13, 14, 15, 16, 17, 18, 19, 20]
A = [(1, 6), (6, 1), (1, 18), (18, 1), (5, 13), (13, 5), (6, 14), (14, 6), (7, 17), (17, 7), (11, 18), (18, 11), (12, 14), (14, 12), (13, 16), (16, 13), (13, 18), (18, 13)]
Z_dad = [1, 13]
Y_dad = [11, 14]
X_dad = [6, 12]
Z_da-ad = [6, 18]
Y_da-ad = [7, 13]
X_da-ad = [5, 16]
