no              #fail
3.513           #totTm
3.387           #lastADTm
5               #itDAD
1.000           #avItADGoal
154             #itADOpt
18              #opt
18              #optDA-AD
1.162           #tmDA
0.0             #relGain

V = [1, 2, 3, 4, 5, 6, 7, 8, 9, 10, 11, 12, 13, 14, 15, 16, 17, 18, 19, 20]
A = [(1, 19), (19, 1), (1, 20), (20, 1), (4, 7), (7, 4), (6, 15), (15, 6), (10, 15), (15, 10), (12, 14), (14, 12), (16, 18), (18, 16), (17, 20), (20, 17), (18, 20), (20, 18)]
Z_dad = [15, 20]
Y_dad = [2, 10]
X_dad = []
Z_da-ad = [10, 20]
Y_da-ad = [2, 11]
X_da-ad = []
