no              #fail
5003.655        #totTm
4.537           #lastADTm
15              #itDAD
4.286           #avItADGoal
20              #itADOpt
8               #opt
7               #optDA-AD
18.61           #tmDA
12.5            #relGain

V = [1, 2, 3, 4, 5, 6, 7, 8, 9, 10, 11, 12, 13, 14, 15, 16, 17, 18, 19, 20, 21, 22, 23, 24, 25, 26, 27, 28, 29, 30, 31, 32, 33, 34, 35, 36, 37, 38, 39, 40]
A = [(1, 2), (2, 1), (1, 4), (4, 1), (1, 21), (21, 1), (1, 26), (26, 1), (1, 37), (37, 1), (2, 27), (27, 2), (2, 32), (32, 2), (2, 39), (39, 2), (3, 4), (4, 3), (3, 13), (13, 3), (3, 14), (14, 3), (3, 17), (17, 3), (3, 18), (18, 3), (3, 20), (20, 3), (3, 32), (32, 3), (3, 37), (37, 3), (4, 11), (11, 4), (4, 14), (14, 4), (4, 28), (28, 4), (4, 30), (30, 4), (5, 9), (9, 5), (5, 17), (17, 5), (5, 20), (20, 5), (5, 25), (25, 5), (5, 27), (27, 5), (5, 30), (30, 5), (6, 23), (23, 6), (6, 34), (34, 6), (6, 36), (36, 6), (6, 38), (38, 6), (6, 39), (39, 6), (7, 27), (27, 7), (7, 33), (33, 7), (7, 38), (38, 7), (8, 11), (11, 8), (8, 19), (19, 8), (8, 20), (20, 8), (8, 27), (27, 8), (8, 28), (28, 8), (8, 33), (33, 8), (8, 34), (34, 8), (8, 39), (39, 8), (9, 20), (20, 9), (9, 23), (23, 9), (9, 24), (24, 9), (9, 32), (32, 9), (9, 37), (37, 9), (9, 39), (39, 9), (9, 40), (40, 9), (10, 14), (14, 10), (10, 18), (18, 10), (10, 26), (26, 10), (11, 32), (32, 11), (11, 40), (40, 11), (12, 16), (16, 12), (12, 19), (19, 12), (12, 20), (20, 12), (12, 36), (36, 12), (13, 16), (16, 13), (13, 17), (17, 13), (13, 20), (20, 13), (13, 36), (36, 13), (13, 40), (40, 13), (14, 31), (31, 14), (14, 35), (35, 14), (15, 20), (20, 15), (16, 32), (32, 16), (16, 35), (35, 16), (17, 21), (21, 17), (17, 22), (22, 17), (17, 31), (31, 17), (17, 32), (32, 17), (17, 33), (33, 17), (17, 36), (36, 17), (18, 19), (19, 18), (18, 23), (23, 18), (18, 26), (26, 18), (18, 38), (38, 18), (19, 32), (32, 19), (19, 33), (33, 19), (20, 24), (24, 20), (20, 27), (27, 20), (21, 27), (27, 21), (22, 28), (28, 22), (23, 26), (26, 23), (23, 30), (30, 23), (23, 32), (32, 23), (23, 33), (33, 23), (23, 35), (35, 23), (24, 32), (32, 24), (25, 29), (29, 25), (25, 38), (38, 25), (25, 40), (40, 25), (26, 29), (29, 26), (26, 30), (30, 26), (26, 35), (35, 26), (27, 31), (31, 27), (27, 36), (36, 27), (27, 38), (38, 27), (29, 30), (30, 29), (29, 32), (32, 29), (29, 33), (33, 29), (31, 33), (33, 31), (31, 35), (35, 31), (32, 38), (38, 32), (33, 39), (39, 33), (35, 36), (36, 35), (35, 40), (40, 35), (39, 40), (40, 39)]
Z_dad = [17, 20, 32]
Y_dad = [8, 15, 26]
X_dad = [1, 9, 27]
Z_da-ad = [27, 33, 38]
Y_da-ad = [7, 15, 17]
X_da-ad = [5, 6, 8]
