no              #fail
676.009         #totTm
3.397           #lastADTm
16              #itDAD
2.867           #avItADGoal
17              #itADOpt
8               #opt
7               #optDA-AD
19.23           #tmDA
12.5            #relGain

V = [1, 2, 3, 4, 5, 6, 7, 8, 9, 10, 11, 12, 13, 14, 15, 16, 17, 18, 19, 20, 21, 22, 23, 24, 25, 26, 27, 28, 29, 30, 31, 32, 33, 34, 35, 36, 37, 38, 39, 40]
A = [(1, 5), (5, 1), (1, 7), (7, 1), (1, 8), (8, 1), (1, 26), (26, 1), (2, 8), (8, 2), (2, 12), (12, 2), (2, 15), (15, 2), (2, 19), (19, 2), (2, 25), (25, 2), (2, 31), (31, 2), (2, 32), (32, 2), (2, 37), (37, 2), (3, 13), (13, 3), (3, 14), (14, 3), (3, 18), (18, 3), (3, 32), (32, 3), (3, 33), (33, 3), (4, 10), (10, 4), (4, 32), (32, 4), (5, 6), (6, 5), (5, 7), (7, 5), (5, 14), (14, 5), (5, 17), (17, 5), (5, 31), (31, 5), (5, 33), (33, 5), (5, 35), (35, 5), (6, 19), (19, 6), (6, 21), (21, 6), (6, 22), (22, 6), (6, 28), (28, 6), (6, 32), (32, 6), (6, 40), (40, 6), (7, 8), (8, 7), (7, 9), (9, 7), (7, 16), (16, 7), (7, 25), (25, 7), (7, 36), (36, 7), (8, 12), (12, 8), (9, 24), (24, 9), (9, 28), (28, 9), (9, 33), (33, 9), (10, 11), (11, 10), (10, 12), (12, 10), (10, 14), (14, 10), (10, 20), (20, 10), (10, 24), (24, 10), (10, 25), (25, 10), (10, 32), (32, 10), (10, 38), (38, 10), (11, 15), (15, 11), (11, 23), (23, 11), (11, 40), (40, 11), (12, 16), (16, 12), (12, 21), (21, 12), (12, 24), (24, 12), (13, 22), (22, 13), (13, 33), (33, 13), (14, 17), (17, 14), (15, 22), (22, 15), (16, 26), (26, 16), (16, 29), (29, 16), (16, 38), (38, 16), (17, 24), (24, 17), (17, 26), (26, 17), (17, 35), (35, 17), (18, 19), (19, 18), (18, 24), (24, 18), (18, 27), (27, 18), (18, 29), (29, 18), (18, 36), (36, 18), (18, 38), (38, 18), (19, 21), (21, 19), (19, 27), (27, 19), (19, 36), (36, 19), (19, 38), (38, 19), (19, 39), (39, 19), (20, 23), (23, 20), (20, 24), (24, 20), (21, 23), (23, 21), (21, 24), (24, 21), (21, 30), (30, 21), (21, 31), (31, 21), (21, 32), (32, 21), (21, 35), (35, 21), (21, 38), (38, 21), (22, 32), (32, 22), (22, 35), (35, 22), (22, 37), (37, 22), (22, 38), (38, 22), (23, 33), (33, 23), (23, 34), (34, 23), (24, 28), (28, 24), (24, 35), (35, 24), (26, 30), (30, 26), (26, 32), (32, 26), (28, 36), (36, 28), (29, 36), (36, 29), (29, 37), (37, 29), (30, 37), (37, 30), (30, 38), (38, 30), (31, 32), (32, 31), (31, 33), (33, 31), (32, 33), (33, 32), (32, 36), (36, 32), (33, 38), (38, 33), (34, 36), (36, 34), (35, 39), (39, 35), (36, 38), (38, 36), (37, 40), (40, 37)]
Z_dad = [10, 19, 24]
Y_dad = [32, 35, 36]
X_dad = [4, 18, 23]
Z_da-ad = [3, 22, 33]
Y_da-ad = [7, 13, 19]
X_da-ad = [20, 23, 36]
