no              #fail
3553.149        #totTm
2.545           #lastADTm
23              #itDAD
4.682           #avItADGoal
7               #itADOpt
8               #opt
7               #optDA-AD
12.36           #tmDA
12.5            #relGain

V = [1, 2, 3, 4, 5, 6, 7, 8, 9, 10, 11, 12, 13, 14, 15, 16, 17, 18, 19, 20, 21, 22, 23, 24, 25, 26, 27, 28, 29, 30, 31, 32, 33, 34, 35, 36, 37, 38, 39, 40]
A = [(1, 6), (6, 1), (1, 14), (14, 1), (1, 29), (29, 1), (1, 32), (32, 1), (1, 33), (33, 1), (1, 35), (35, 1), (2, 8), (8, 2), (2, 16), (16, 2), (2, 21), (21, 2), (2, 28), (28, 2), (2, 33), (33, 2), (2, 40), (40, 2), (3, 15), (15, 3), (3, 23), (23, 3), (3, 28), (28, 3), (3, 29), (29, 3), (3, 30), (30, 3), (3, 38), (38, 3), (4, 7), (7, 4), (4, 25), (25, 4), (4, 29), (29, 4), (4, 39), (39, 4), (5, 14), (14, 5), (5, 16), (16, 5), (5, 22), (22, 5), (6, 32), (32, 6), (6, 34), (34, 6), (6, 36), (36, 6), (6, 37), (37, 6), (7, 21), (21, 7), (7, 28), (28, 7), (7, 33), (33, 7), (7, 36), (36, 7), (8, 11), (11, 8), (8, 23), (23, 8), (8, 25), (25, 8), (8, 30), (30, 8), (8, 34), (34, 8), (8, 38), (38, 8), (9, 13), (13, 9), (9, 19), (19, 9), (9, 24), (24, 9), (9, 32), (32, 9), (9, 39), (39, 9), (10, 11), (11, 10), (10, 13), (13, 10), (10, 15), (15, 10), (10, 18), (18, 10), (10, 26), (26, 10), (10, 34), (34, 10), (10, 36), (36, 10), (11, 14), (14, 11), (11, 40), (40, 11), (12, 14), (14, 12), (12, 17), (17, 12), (12, 21), (21, 12), (12, 28), (28, 12), (12, 34), (34, 12), (12, 40), (40, 12), (13, 16), (16, 13), (13, 21), (21, 13), (13, 28), (28, 13), (13, 30), (30, 13), (13, 31), (31, 13), (13, 34), (34, 13), (13, 39), (39, 13), (14, 15), (15, 14), (14, 34), (34, 14), (14, 35), (35, 14), (15, 21), (21, 15), (15, 23), (23, 15), (16, 37), (37, 16), (17, 30), (30, 17), (17, 32), (32, 17), (17, 33), (33, 17), (17, 40), (40, 17), (18, 23), (23, 18), (18, 37), (37, 18), (19, 25), (25, 19), (19, 32), (32, 19), (20, 21), (21, 20), (20, 25), (25, 20), (20, 32), (32, 20), (21, 22), (22, 21), (21, 23), (23, 21), (21, 37), (37, 21), (22, 25), (25, 22), (22, 38), (38, 22), (23, 26), (26, 23), (23, 27), (27, 23), (23, 30), (30, 23), (23, 31), (31, 23), (24, 27), (27, 24), (24, 32), (32, 24), (24, 35), (35, 24), (24, 39), (39, 24), (25, 35), (35, 25), (25, 37), (37, 25), (26, 30), (30, 26), (26, 34), (34, 26), (29, 32), (32, 29), (30, 35), (35, 30), (30, 39), (39, 30), (31, 36), (36, 31), (32, 33), (33, 32), (32, 37), (37, 32), (32, 39), (39, 32), (33, 37), (37, 33), (34, 40), (40, 34)]
Z_dad = [10, 21, 23]
Y_dad = [13, 14, 32]
X_dad = [1, 24, 37]
Z_da-ad = [10, 23, 37]
Y_da-ad = [18, 26, 31]
X_da-ad = [24, 32, 35]
