no              #fail
505.463         #totTm
3.751           #lastADTm
14              #itDAD
13.615          #avItADGoal
19              #itADOpt
9               #opt
8               #optDA-AD
1.821           #tmDA
11.1            #relGain

V = [1, 2, 3, 4, 5, 6, 7, 8, 9, 10, 11, 12, 13, 14, 15, 16, 17, 18, 19, 20, 21, 22, 23, 24, 25, 26, 27, 28, 29, 30, 31, 32, 33, 34, 35, 36, 37, 38, 39, 40]
A = [(1, 6), (6, 1), (1, 15), (15, 1), (1, 18), (18, 1), (1, 24), (24, 1), (1, 32), (32, 1), (3, 7), (7, 3), (3, 17), (17, 3), (3, 20), (20, 3), (3, 31), (31, 3), (4, 12), (12, 4), (4, 18), (18, 4), (4, 19), (19, 4), (4, 32), (32, 4), (5, 8), (8, 5), (5, 31), (31, 5), (5, 34), (34, 5), (5, 35), (35, 5), (5, 37), (37, 5), (6, 10), (10, 6), (6, 12), (12, 6), (6, 16), (16, 6), (7, 8), (8, 7), (7, 14), (14, 7), (7, 19), (19, 7), (7, 24), (24, 7), (7, 31), (31, 7), (7, 33), (33, 7), (8, 23), (23, 8), (8, 27), (27, 8), (8, 28), (28, 8), (8, 35), (35, 8), (8, 39), (39, 8), (9, 16), (16, 9), (9, 24), (24, 9), (9, 37), (37, 9), (9, 38), (38, 9), (9, 40), (40, 9), (10, 15), (15, 10), (10, 17), (17, 10), (10, 18), (18, 10), (10, 23), (23, 10), (10, 29), (29, 10), (10, 33), (33, 10), (11, 15), (15, 11), (11, 34), (34, 11), (11, 36), (36, 11), (12, 26), (26, 12), (12, 28), (28, 12), (12, 39), (39, 12), (12, 40), (40, 12), (13, 14), (14, 13), (13, 16), (16, 13), (13, 18), (18, 13), (13, 22), (22, 13), (13, 27), (27, 13), (13, 30), (30, 13), (13, 32), (32, 13), (13, 33), (33, 13), (13, 37), (37, 13), (14, 17), (17, 14), (14, 21), (21, 14), (14, 26), (26, 14), (14, 38), (38, 14), (15, 19), (19, 15), (15, 20), (20, 15), (15, 23), (23, 15), (15, 31), (31, 15), (15, 40), (40, 15), (16, 20), (20, 16), (16, 36), (36, 16), (16, 39), (39, 16), (17, 20), (20, 17), (17, 23), (23, 17), (17, 34), (34, 17), (18, 21), (21, 18), (18, 34), (34, 18), (18, 40), (40, 18), (19, 25), (25, 19), (19, 29), (29, 19), (19, 31), (31, 19), (19, 33), (33, 19), (19, 36), (36, 19), (19, 37), (37, 19), (20, 29), (29, 20), (20, 33), (33, 20), (21, 24), (24, 21), (21, 33), (33, 21), (21, 36), (36, 21), (22, 25), (25, 22), (22, 31), (31, 22), (22, 33), (33, 22), (23, 25), (25, 23), (23, 30), (30, 23), (23, 31), (31, 23), (23, 32), (32, 23), (24, 37), (37, 24), (25, 29), (29, 25), (25, 31), (31, 25), (25, 36), (36, 25), (25, 37), (37, 25), (26, 37), (37, 26), (26, 40), (40, 26), (28, 36), (36, 28), (29, 32), (32, 29), (30, 36), (36, 30), (31, 34), (34, 31), (32, 37), (37, 32), (34, 37), (37, 34), (37, 40), (40, 37)]
Z_dad = [8, 34, 36]
Y_dad = [2, 10, 37]
X_dad = [12, 13, 16]
Z_da-ad = [5, 8, 13]
Y_da-ad = [2, 35, 36]
X_da-ad = [9, 14, 21]
