no              #fail
2805.467        #totTm
4.707           #lastADTm
17              #itDAD
3.375           #avItADGoal
11              #itADOpt
8               #opt
7               #optDA-AD
10.45           #tmDA
12.5            #relGain

V = [1, 2, 3, 4, 5, 6, 7, 8, 9, 10, 11, 12, 13, 14, 15, 16, 17, 18, 19, 20, 21, 22, 23, 24, 25, 26, 27, 28, 29, 30, 31, 32, 33, 34, 35, 36, 37, 38, 39, 40]
A = [(1, 10), (10, 1), (1, 17), (17, 1), (1, 27), (27, 1), (1, 29), (29, 1), (1, 32), (32, 1), (1, 33), (33, 1), (1, 39), (39, 1), (2, 15), (15, 2), (2, 16), (16, 2), (2, 17), (17, 2), (2, 37), (37, 2), (3, 6), (6, 3), (3, 8), (8, 3), (3, 11), (11, 3), (3, 16), (16, 3), (3, 28), (28, 3), (3, 38), (38, 3), (4, 8), (8, 4), (4, 9), (9, 4), (4, 10), (10, 4), (4, 19), (19, 4), (4, 29), (29, 4), (4, 34), (34, 4), (4, 35), (35, 4), (4, 36), (36, 4), (5, 22), (22, 5), (6, 18), (18, 6), (6, 20), (20, 6), (6, 21), (21, 6), (6, 27), (27, 6), (6, 29), (29, 6), (6, 30), (30, 6), (7, 30), (30, 7), (7, 35), (35, 7), (7, 37), (37, 7), (8, 9), (9, 8), (8, 20), (20, 8), (8, 25), (25, 8), (8, 36), (36, 8), (8, 40), (40, 8), (9, 16), (16, 9), (9, 19), (19, 9), (9, 31), (31, 9), (10, 13), (13, 10), (10, 15), (15, 10), (10, 23), (23, 10), (10, 28), (28, 10), (10, 30), (30, 10), (10, 31), (31, 10), (10, 33), (33, 10), (11, 12), (12, 11), (11, 13), (13, 11), (11, 33), (33, 11), (11, 34), (34, 11), (12, 15), (15, 12), (12, 21), (21, 12), (12, 24), (24, 12), (12, 29), (29, 12), (12, 39), (39, 12), (13, 15), (15, 13), (13, 31), (31, 13), (13, 33), (33, 13), (14, 23), (23, 14), (14, 26), (26, 14), (15, 21), (21, 15), (15, 26), (26, 15), (15, 33), (33, 15), (15, 37), (37, 15), (16, 22), (22, 16), (16, 23), (23, 16), (16, 37), (37, 16), (17, 23), (23, 17), (17, 25), (25, 17), (17, 29), (29, 17), (17, 39), (39, 17), (17, 40), (40, 17), (18, 40), (40, 18), (19, 33), (33, 19), (20, 28), (28, 20), (20, 33), (33, 20), (20, 34), (34, 20), (20, 38), (38, 20), (20, 39), (39, 20), (21, 38), (38, 21), (22, 28), (28, 22), (22, 33), (33, 22), (22, 36), (36, 22), (24, 25), (25, 24), (24, 34), (34, 24), (24, 39), (39, 24), (25, 26), (26, 25), (25, 39), (39, 25), (26, 30), (30, 26), (26, 31), (31, 26), (26, 32), (32, 26), (26, 34), (34, 26), (26, 36), (36, 26), (27, 33), (33, 27), (27, 37), (37, 27), (28, 32), (32, 28), (28, 34), (34, 28), (30, 36), (36, 30), (31, 34), (34, 31), (32, 37), (37, 32), (32, 39), (39, 32), (32, 40), (40, 32), (33, 34), (34, 33), (34, 38), (38, 34), (35, 37), (37, 35)]
Z_dad = [16, 17, 26]
Y_dad = [8, 10, 37]
X_dad = [7, 22, 23]
Z_da-ad = [22, 23, 26]
Y_da-ad = [5, 14, 37]
X_da-ad = [6, 11, 40]
