no              #fail
622.424         #totTm
2.317           #lastADTm
15              #itDAD
3.857           #avItADGoal
15              #itADOpt
8               #opt
7               #optDA-AD
5.019           #tmDA
12.5            #relGain

V = [1, 2, 3, 4, 5, 6, 7, 8, 9, 10, 11, 12, 13, 14, 15, 16, 17, 18, 19, 20, 21, 22, 23, 24, 25, 26, 27, 28, 29, 30, 31, 32, 33, 34, 35, 36, 37, 38, 39, 40]
A = [(1, 4), (4, 1), (1, 5), (5, 1), (1, 20), (20, 1), (1, 21), (21, 1), (1, 37), (37, 1), (2, 7), (7, 2), (2, 12), (12, 2), (2, 23), (23, 2), (2, 31), (31, 2), (2, 36), (36, 2), (2, 37), (37, 2), (3, 13), (13, 3), (3, 15), (15, 3), (3, 34), (34, 3), (3, 35), (35, 3), (4, 17), (17, 4), (4, 23), (23, 4), (4, 32), (32, 4), (5, 10), (10, 5), (5, 28), (28, 5), (5, 30), (30, 5), (5, 35), (35, 5), (5, 40), (40, 5), (6, 14), (14, 6), (6, 24), (24, 6), (6, 40), (40, 6), (7, 8), (8, 7), (7, 9), (9, 7), (7, 29), (29, 7), (7, 35), (35, 7), (7, 38), (38, 7), (8, 13), (13, 8), (8, 19), (19, 8), (8, 22), (22, 8), (8, 29), (29, 8), (8, 32), (32, 8), (8, 38), (38, 8), (8, 39), (39, 8), (9, 18), (18, 9), (9, 25), (25, 9), (9, 33), (33, 9), (9, 34), (34, 9), (9, 38), (38, 9), (10, 13), (13, 10), (10, 15), (15, 10), (10, 29), (29, 10), (10, 31), (31, 10), (10, 32), (32, 10), (11, 15), (15, 11), (11, 16), (16, 11), (11, 18), (18, 11), (11, 20), (20, 11), (11, 30), (30, 11), (11, 32), (32, 11), (11, 38), (38, 11), (12, 15), (15, 12), (12, 16), (16, 12), (12, 19), (19, 12), (12, 21), (21, 12), (12, 26), (26, 12), (12, 34), (34, 12), (13, 16), (16, 13), (13, 24), (24, 13), (13, 31), (31, 13), (14, 21), (21, 14), (14, 24), (24, 14), (14, 26), (26, 14), (14, 35), (35, 14), (15, 24), (24, 15), (16, 19), (19, 16), (16, 23), (23, 16), (16, 24), (24, 16), (16, 25), (25, 16), (16, 27), (27, 16), (16, 28), (28, 16), (16, 31), (31, 16), (16, 33), (33, 16), (17, 21), (21, 17), (17, 23), (23, 17), (17, 31), (31, 17), (18, 24), (24, 18), (18, 25), (25, 18), (19, 20), (20, 19), (19, 23), (23, 19), (20, 30), (30, 20), (20, 36), (36, 20), (22, 36), (36, 22), (23, 25), (25, 23), (23, 32), (32, 23), (23, 36), (36, 23), (25, 33), (33, 25), (25, 36), (36, 25), (26, 36), (36, 26), (27, 31), (31, 27), (27, 34), (34, 27), (27, 38), (38, 27), (28, 32), (32, 28), (28, 33), (33, 28), (28, 36), (36, 28), (28, 38), (38, 28), (29, 36), (36, 29), (30, 31), (31, 30), (30, 33), (33, 30), (30, 35), (35, 30), (32, 36), (36, 32), (32, 39), (39, 32), (33, 34), (34, 33), (37, 38), (38, 37), (37, 40), (40, 37)]
Z_dad = [8, 14, 36]
Y_dad = [7, 16, 22]
X_dad = [12, 20, 32]
Z_da-ad = [12, 14, 36]
Y_da-ad = [8, 21, 40]
X_da-ad = [2, 13, 22]
