no              #fail
760.369         #totTm
755.252         #lastADTm
10              #itDAD
1.000           #avItADGoal
696             #itADOpt
39              #opt
36              #optDA-AD
20.38           #tmDA
7.7             #relGain

V = [1, 2, 3, 4, 5, 6, 7, 8, 9, 10, 11, 12, 13, 14, 15, 16, 17, 18, 19, 20, 21, 22, 23, 24, 25, 26, 27, 28, 29, 30, 31, 32, 33, 34, 35, 36, 37, 38, 39, 40, 41, 42, 43, 44, 45, 46, 47, 48, 49, 50, 51, 52, 53, 54, 55, 56, 57, 58, 59, 60]
A = [(2, 1), (1, 2), (3, 1), (1, 3), (4, 2), (2, 4), (5, 1), (1, 5), (6, 2), (2, 6), (7, 2), (2, 7), (8, 7), (7, 8), (9, 2), (2, 9), (10, 8), (8, 10), (11, 1), (1, 11), (12, 9), (9, 12), (13, 7), (7, 13), (14, 10), (10, 14), (15, 8), (8, 15), (16, 7), (7, 16), (17, 4), (4, 17), (18, 11), (11, 18), (19, 7), (7, 19), (20, 10), (10, 20), (21, 7), (7, 21), (22, 17), (17, 22), (23, 12), (12, 23), (24, 14), (14, 24), (25, 4), (4, 25), (26, 3), (3, 26), (27, 20), (20, 27), (28, 11), (11, 28), (29, 7), (7, 29), (30, 12), (12, 30), (31, 21), (21, 31), (32, 29), (29, 32), (33, 28), (28, 33), (34, 8), (8, 34), (35, 30), (30, 35), (36, 9), (9, 36), (37, 19), (19, 37), (38, 6), (6, 38), (39, 27), (27, 39), (40, 34), (34, 40), (41, 12), (12, 41), (42, 21), (21, 42), (43, 33), (33, 43), (44, 25), (25, 44), (45, 30), (30, 45), (46, 3), (3, 46), (47, 23), (23, 47), (48, 12), (12, 48), (49, 34), (34, 49), (50, 16), (16, 50), (51, 39), (39, 51), (52, 13), (13, 52), (53, 52), (52, 53), (54, 24), (24, 54), (55, 45), (45, 55), (56, 22), (22, 56), (57, 50), (50, 57), (58, 16), (16, 58), (59, 30), (30, 59), (60, 1), (1, 60)]
Z_dad = [1, 7, 10]
Y_dad = [12, 25, 33]
X_dad = [30]
Z_da-ad = [2, 7, 10]
Y_da-ad = [1, 12, 22]
X_da-ad = [11]
