no              #fail
1053.341        #totTm
1047.576        #lastADTm
10              #itDAD
1.000           #avItADGoal
649             #itADOpt
40              #opt
40              #optDA-AD
28.18           #tmDA
0.0             #relGain

V = [1, 2, 3, 4, 5, 6, 7, 8, 9, 10, 11, 12, 13, 14, 15, 16, 17, 18, 19, 20, 21, 22, 23, 24, 25, 26, 27, 28, 29, 30, 31, 32, 33, 34, 35, 36, 37, 38, 39, 40, 41, 42, 43, 44, 45, 46, 47, 48, 49, 50, 51, 52, 53, 54, 55, 56, 57, 58, 59, 60]
A = [(2, 1), (1, 2), (3, 2), (2, 3), (4, 2), (2, 4), (5, 3), (3, 5), (6, 5), (5, 6), (7, 3), (3, 7), (8, 3), (3, 8), (9, 6), (6, 9), (10, 1), (1, 10), (11, 5), (5, 11), (12, 11), (11, 12), (13, 3), (3, 13), (14, 10), (10, 14), (15, 5), (5, 15), (16, 3), (3, 16), (17, 15), (15, 17), (18, 13), (13, 18), (19, 11), (11, 19), (20, 10), (10, 20), (21, 18), (18, 21), (22, 12), (12, 22), (23, 15), (15, 23), (24, 19), (19, 24), (25, 14), (14, 25), (26, 4), (4, 26), (27, 3), (3, 27), (28, 22), (22, 28), (29, 23), (23, 29), (30, 6), (6, 30), (31, 28), (28, 31), (32, 13), (13, 32), (33, 26), (26, 33), (34, 33), (33, 34), (35, 8), (8, 35), (36, 14), (14, 36), (37, 27), (27, 37), (38, 34), (34, 38), (39, 30), (30, 39), (40, 39), (39, 40), (41, 7), (7, 41), (42, 23), (23, 42), (43, 41), (41, 43), (44, 36), (36, 44), (45, 15), (15, 45), (46, 32), (32, 46), (47, 9), (9, 47), (48, 6), (6, 48), (49, 33), (33, 49), (50, 3), (3, 50), (51, 46), (46, 51), (52, 48), (48, 52), (53, 37), (37, 53), (54, 50), (50, 54), (55, 10), (10, 55), (56, 25), (25, 56), (57, 54), (54, 57), (58, 14), (14, 58), (59, 40), (40, 59), (60, 16), (16, 60)]
Z_dad = [3, 5, 10]
Y_dad = [6, 12, 33]
X_dad = [26]
Z_da-ad = [3, 5, 10]
Y_da-ad = [6, 12, 33]
X_da-ad = [26]
