no              #fail
502.727         #totTm
496.000         #lastADTm
10              #itDAD
1.000           #avItADGoal
631             #itADOpt
36              #opt
35              #optDA-AD
48.36           #tmDA
2.8             #relGain

V = [1, 2, 3, 4, 5, 6, 7, 8, 9, 10, 11, 12, 13, 14, 15, 16, 17, 18, 19, 20, 21, 22, 23, 24, 25, 26, 27, 28, 29, 30, 31, 32, 33, 34, 35, 36, 37, 38, 39, 40, 41, 42, 43, 44, 45, 46, 47, 48, 49, 50, 51, 52, 53, 54, 55, 56, 57, 58, 59, 60]
A = [(2, 1), (1, 2), (3, 2), (2, 3), (4, 1), (1, 4), (5, 3), (3, 5), (6, 5), (5, 6), (7, 5), (5, 7), (8, 7), (7, 8), (9, 4), (4, 9), (10, 6), (6, 10), (11, 3), (3, 11), (12, 11), (11, 12), (13, 11), (11, 13), (14, 11), (11, 14), (15, 9), (9, 15), (16, 7), (7, 16), (17, 1), (1, 17), (18, 8), (8, 18), (19, 1), (1, 19), (20, 16), (16, 20), (21, 13), (13, 21), (22, 10), (10, 22), (23, 15), (15, 23), (24, 16), (16, 24), (25, 12), (12, 25), (26, 9), (9, 26), (27, 26), (26, 27), (28, 11), (11, 28), (29, 25), (25, 29), (30, 23), (23, 30), (31, 6), (6, 31), (32, 10), (10, 32), (33, 32), (32, 33), (34, 19), (19, 34), (35, 25), (25, 35), (36, 11), (11, 36), (37, 6), (6, 37), (38, 30), (30, 38), (39, 17), (17, 39), (40, 4), (4, 40), (41, 21), (21, 41), (42, 20), (20, 42), (43, 42), (42, 43), (44, 11), (11, 44), (45, 36), (36, 45), (46, 29), (29, 46), (47, 8), (8, 47), (48, 5), (5, 48), (49, 21), (21, 49), (50, 43), (43, 50), (51, 23), (23, 51), (52, 30), (30, 52), (53, 9), (9, 53), (54, 10), (10, 54), (55, 11), (11, 55), (56, 4), (4, 56), (57, 25), (25, 57), (58, 31), (31, 58), (59, 53), (53, 59), (60, 39), (39, 60)]
Z_dad = [7, 9, 11]
Y_dad = [1, 10, 25]
X_dad = [6]
Z_da-ad = [4, 5, 11]
Y_da-ad = [6, 15, 16]
X_da-ad = [9]
