no              #fail
896.513         #totTm
891.837         #lastADTm
9               #itDAD
1.000           #avItADGoal
701             #itADOpt
38              #opt
38              #optDA-AD
25.23           #tmDA
0.0             #relGain

V = [1, 2, 3, 4, 5, 6, 7, 8, 9, 10, 11, 12, 13, 14, 15, 16, 17, 18, 19, 20, 21, 22, 23, 24, 25, 26, 27, 28, 29, 30, 31, 32, 33, 34, 35, 36, 37, 38, 39, 40, 41, 42, 43, 44, 45, 46, 47, 48, 49, 50, 51, 52, 53, 54, 55, 56, 57, 58, 59, 60]
A = [(2, 1), (1, 2), (3, 2), (2, 3), (4, 3), (3, 4), (5, 2), (2, 5), (6, 3), (3, 6), (7, 2), (2, 7), (8, 2), (2, 8), (9, 2), (2, 9), (10, 6), (6, 10), (11, 9), (9, 11), (12, 5), (5, 12), (13, 9), (9, 13), (14, 7), (7, 14), (15, 5), (5, 15), (16, 12), (12, 16), (17, 2), (2, 17), (18, 6), (6, 18), (19, 5), (5, 19), (20, 9), (9, 20), (21, 1), (1, 21), (22, 15), (15, 22), (23, 11), (11, 23), (24, 3), (3, 24), (25, 6), (6, 25), (26, 14), (14, 26), (27, 7), (7, 27), (28, 18), (18, 28), (29, 19), (19, 29), (30, 7), (7, 30), (31, 7), (7, 31), (32, 13), (13, 32), (33, 27), (27, 33), (34, 11), (11, 34), (35, 20), (20, 35), (36, 11), (11, 36), (37, 28), (28, 37), (38, 10), (10, 38), (39, 27), (27, 39), (40, 6), (6, 40), (41, 12), (12, 41), (42, 40), (40, 42), (43, 42), (42, 43), (44, 1), (1, 44), (45, 4), (4, 45), (46, 8), (8, 46), (47, 11), (11, 47), (48, 17), (17, 48), (49, 15), (15, 49), (50, 43), (43, 50), (51, 41), (41, 51), (52, 32), (32, 52), (53, 34), (34, 53), (54, 33), (33, 54), (55, 13), (13, 55), (56, 28), (28, 56), (57, 24), (24, 57), (58, 54), (54, 58), (59, 10), (10, 59), (60, 36), (36, 60)]
Z_dad = [2, 5, 6]
Y_dad = [3, 11, 33]
X_dad = [27]
Z_da-ad = [2, 6, 9]
Y_da-ad = [5, 27, 34]
X_da-ad = [7]
