no              #fail
737.867         #totTm
729.027         #lastADTm
13              #itDAD
1.000           #avItADGoal
529             #itADOpt
37              #opt
37              #optDA-AD
17.95           #tmDA
0.0             #relGain

V = [1, 2, 3, 4, 5, 6, 7, 8, 9, 10, 11, 12, 13, 14, 15, 16, 17, 18, 19, 20, 21, 22, 23, 24, 25, 26, 27, 28, 29, 30, 31, 32, 33, 34, 35, 36, 37, 38, 39, 40, 41, 42, 43, 44, 45, 46, 47, 48, 49, 50, 51, 52, 53, 54, 55, 56, 57, 58, 59, 60]
A = [(2, 1), (1, 2), (3, 1), (1, 3), (4, 2), (2, 4), (5, 2), (2, 5), (6, 2), (2, 6), (7, 5), (5, 7), (8, 2), (2, 8), (9, 7), (7, 9), (10, 6), (6, 10), (11, 5), (5, 11), (12, 7), (7, 12), (13, 12), (12, 13), (14, 9), (9, 14), (15, 3), (3, 15), (16, 8), (8, 16), (17, 8), (8, 17), (18, 8), (8, 18), (19, 1), (1, 19), (20, 9), (9, 20), (21, 11), (11, 21), (22, 9), (9, 22), (23, 11), (11, 23), (24, 7), (7, 24), (25, 22), (22, 25), (26, 25), (25, 26), (27, 18), (18, 27), (28, 18), (18, 28), (29, 1), (1, 29), (30, 10), (10, 30), (31, 19), (19, 31), (32, 13), (13, 32), (33, 29), (29, 33), (34, 29), (29, 34), (35, 26), (26, 35), (36, 30), (30, 36), (37, 4), (4, 37), (38, 23), (23, 38), (39, 12), (12, 39), (40, 22), (22, 40), (41, 5), (5, 41), (42, 17), (17, 42), (43, 11), (11, 43), (44, 29), (29, 44), (45, 14), (14, 45), (46, 10), (10, 46), (47, 31), (31, 47), (48, 34), (34, 48), (49, 7), (7, 49), (50, 30), (30, 50), (51, 23), (23, 51), (52, 19), (19, 52), (53, 13), (13, 53), (54, 19), (19, 54), (55, 3), (3, 55), (56, 35), (35, 56), (57, 1), (1, 57), (58, 11), (11, 58), (59, 38), (38, 59), (60, 30), (30, 60)]
Z_dad = [1, 2, 7]
Y_dad = [11, 18, 22]
X_dad = [9]
Z_da-ad = [1, 2, 7]
Y_da-ad = [11, 18, 22]
X_da-ad = [9]
