no              #fail
2165.404        #totTm
2162.202        #lastADTm
8               #itDAD
1.000           #avItADGoal
1019            #itADOpt
38              #opt
38              #optDA-AD
84.34           #tmDA
0.0             #relGain

V = [1, 2, 3, 4, 5, 6, 7, 8, 9, 10, 11, 12, 13, 14, 15, 16, 17, 18, 19, 20, 21, 22, 23, 24, 25, 26, 27, 28, 29, 30, 31, 32, 33, 34, 35, 36, 37, 38, 39, 40, 41, 42, 43, 44, 45, 46, 47, 48, 49, 50, 51, 52, 53, 54, 55, 56, 57, 58, 59, 60]
A = [(2, 1), (1, 2), (3, 1), (1, 3), (4, 3), (3, 4), (5, 2), (2, 5), (6, 1), (1, 6), (7, 3), (3, 7), (8, 4), (4, 8), (9, 3), (3, 9), (10, 1), (1, 10), (11, 7), (7, 11), (12, 6), (6, 12), (13, 5), (5, 13), (14, 1), (1, 14), (15, 11), (11, 15), (16, 4), (4, 16), (17, 13), (13, 17), (18, 1), (1, 18), (19, 14), (14, 19), (20, 12), (12, 20), (21, 2), (2, 21), (22, 7), (7, 22), (23, 8), (8, 23), (24, 6), (6, 24), (25, 19), (19, 25), (26, 4), (4, 26), (27, 14), (14, 27), (28, 15), (15, 28), (29, 17), (17, 29), (30, 18), (18, 30), (31, 30), (30, 31), (32, 22), (22, 32), (33, 12), (12, 33), (34, 33), (33, 34), (35, 26), (26, 35), (36, 4), (4, 36), (37, 35), (35, 37), (38, 20), (20, 38), (39, 27), (27, 39), (40, 34), (34, 40), (41, 39), (39, 41), (42, 40), (40, 42), (43, 10), (10, 43), (44, 27), (27, 44), (45, 12), (12, 45), (46, 27), (27, 46), (47, 12), (12, 47), (48, 47), (47, 48), (49, 12), (12, 49), (50, 37), (37, 50), (51, 10), (10, 51), (52, 25), (25, 52), (53, 37), (37, 53), (54, 41), (41, 54), (55, 44), (44, 55), (56, 32), (32, 56), (57, 36), (36, 57), (58, 25), (25, 58), (59, 8), (8, 59), (60, 48), (48, 60)]
Z_dad = [1, 4, 12]
Y_dad = [7, 13, 27]
X_dad = [14]
Z_da-ad = [1, 4, 12]
Y_da-ad = [7, 13, 27]
X_da-ad = [14]
