no              #fail
145.813         #totTm
130.866         #lastADTm
15              #itDAD
1.000           #avItADGoal
193             #itADOpt
34              #opt
33              #optDA-AD
10.32           #tmDA
2.9             #relGain

V = [1, 2, 3, 4, 5, 6, 7, 8, 9, 10, 11, 12, 13, 14, 15, 16, 17, 18, 19, 20, 21, 22, 23, 24, 25, 26, 27, 28, 29, 30, 31, 32, 33, 34, 35, 36, 37, 38, 39, 40, 41, 42, 43, 44, 45, 46, 47, 48, 49, 50, 51, 52, 53, 54, 55, 56, 57, 58, 59, 60]
A = [(2, 1), (1, 2), (3, 1), (1, 3), (4, 2), (2, 4), (5, 1), (1, 5), (6, 1), (1, 6), (7, 4), (4, 7), (8, 2), (2, 8), (9, 8), (8, 9), (10, 7), (7, 10), (11, 3), (3, 11), (12, 6), (6, 12), (13, 9), (9, 13), (14, 6), (6, 14), (15, 12), (12, 15), (16, 14), (14, 16), (17, 2), (2, 17), (18, 16), (16, 18), (19, 15), (15, 19), (20, 5), (5, 20), (21, 9), (9, 21), (22, 2), (2, 22), (23, 5), (5, 23), (24, 3), (3, 24), (25, 20), (20, 25), (26, 18), (18, 26), (27, 18), (18, 27), (28, 24), (24, 28), (29, 20), (20, 29), (30, 28), (28, 30), (31, 12), (12, 31), (32, 25), (25, 32), (33, 17), (17, 33), (34, 26), (26, 34), (35, 18), (18, 35), (36, 30), (30, 36), (37, 15), (15, 37), (38, 24), (24, 38), (39, 17), (17, 39), (40, 16), (16, 40), (41, 40), (40, 41), (42, 20), (20, 42), (43, 42), (42, 43), (44, 11), (11, 44), (45, 13), (13, 45), (46, 13), (13, 46), (47, 29), (29, 47), (48, 28), (28, 48), (49, 42), (42, 49), (50, 16), (16, 50), (51, 49), (49, 51), (52, 43), (43, 52), (53, 51), (51, 53), (54, 38), (38, 54), (55, 51), (51, 55), (56, 49), (49, 56), (57, 34), (34, 57), (58, 49), (49, 58), (59, 39), (39, 59), (60, 13), (13, 60)]
Z_dad = [1, 16, 42]
Y_dad = [2, 25, 28]
X_dad = [8]
Z_da-ad = [2, 6, 20]
Y_da-ad = [18, 24, 49]
X_da-ad = [3]
