no              #fail
110.057         #totTm
100.244         #lastADTm
11              #itDAD
1.000           #avItADGoal
189             #itADOpt
35              #opt
34              #optDA-AD
9.837           #tmDA
2.9             #relGain

V = [1, 2, 3, 4, 5, 6, 7, 8, 9, 10, 11, 12, 13, 14, 15, 16, 17, 18, 19, 20, 21, 22, 23, 24, 25, 26, 27, 28, 29, 30, 31, 32, 33, 34, 35, 36, 37, 38, 39, 40, 41, 42, 43, 44, 45, 46, 47, 48, 49, 50, 51, 52, 53, 54, 55, 56, 57, 58, 59, 60]
A = [(2, 1), (1, 2), (3, 2), (2, 3), (4, 1), (1, 4), (5, 2), (2, 5), (6, 4), (4, 6), (7, 5), (5, 7), (8, 7), (7, 8), (9, 3), (3, 9), (10, 4), (4, 10), (11, 1), (1, 11), (12, 5), (5, 12), (13, 9), (9, 13), (14, 12), (12, 14), (15, 10), (10, 15), (16, 7), (7, 16), (17, 11), (11, 17), (18, 14), (14, 18), (19, 9), (9, 19), (20, 12), (12, 20), (21, 9), (9, 21), (22, 16), (16, 22), (23, 10), (10, 23), (24, 21), (21, 24), (25, 24), (24, 25), (26, 1), (1, 26), (27, 22), (22, 27), (28, 13), (13, 28), (29, 8), (8, 29), (30, 18), (18, 30), (31, 17), (17, 31), (32, 18), (18, 32), (33, 23), (23, 33), (34, 31), (31, 34), (35, 20), (20, 35), (36, 24), (24, 36), (37, 3), (3, 37), (38, 28), (28, 38), (39, 27), (27, 39), (40, 32), (32, 40), (41, 32), (32, 41), (42, 28), (28, 42), (43, 8), (8, 43), (44, 17), (17, 44), (45, 36), (36, 45), (46, 34), (34, 46), (47, 36), (36, 47), (48, 10), (10, 48), (49, 19), (19, 49), (50, 18), (18, 50), (51, 46), (46, 51), (52, 36), (36, 52), (53, 18), (18, 53), (54, 48), (48, 54), (55, 41), (41, 55), (56, 53), (53, 56), (57, 17), (17, 57), (58, 5), (5, 58), (59, 25), (25, 59), (60, 29), (29, 60)]
Z_dad = [1, 7, 9]
Y_dad = [14, 17, 54]
X_dad = [18]
Z_da-ad = [1, 5, 9]
Y_da-ad = [7, 18, 24]
X_da-ad = [16]
