no              #fail
1985.244        #totTm
1980.363        #lastADTm
9               #itDAD
1.000           #avItADGoal
969             #itADOpt
37              #opt
36              #optDA-AD
45.28           #tmDA
2.7             #relGain

V = [1, 2, 3, 4, 5, 6, 7, 8, 9, 10, 11, 12, 13, 14, 15, 16, 17, 18, 19, 20, 21, 22, 23, 24, 25, 26, 27, 28, 29, 30, 31, 32, 33, 34, 35, 36, 37, 38, 39, 40, 41, 42, 43, 44, 45, 46, 47, 48, 49, 50, 51, 52, 53, 54, 55, 56, 57, 58, 59, 60]
A = [(2, 1), (1, 2), (3, 1), (1, 3), (4, 3), (3, 4), (5, 3), (3, 5), (6, 1), (1, 6), (7, 5), (5, 7), (8, 2), (2, 8), (9, 7), (7, 9), (10, 6), (6, 10), (11, 10), (10, 11), (12, 4), (4, 12), (13, 4), (4, 13), (14, 11), (11, 14), (15, 12), (12, 15), (16, 12), (12, 16), (17, 5), (5, 17), (18, 15), (15, 18), (19, 17), (17, 19), (20, 2), (2, 20), (21, 6), (6, 21), (22, 13), (13, 22), (23, 21), (21, 23), (24, 4), (4, 24), (25, 1), (1, 25), (26, 18), (18, 26), (27, 20), (20, 27), (28, 1), (1, 28), (29, 19), (19, 29), (30, 1), (1, 30), (31, 26), (26, 31), (32, 4), (4, 32), (33, 18), (18, 33), (34, 16), (16, 34), (35, 23), (23, 35), (36, 25), (25, 36), (37, 1), (1, 37), (38, 33), (33, 38), (39, 29), (29, 39), (40, 37), (37, 40), (41, 12), (12, 41), (42, 16), (16, 42), (43, 25), (25, 43), (44, 15), (15, 44), (45, 12), (12, 45), (46, 33), (33, 46), (47, 11), (11, 47), (48, 39), (39, 48), (49, 17), (17, 49), (50, 18), (18, 50), (51, 24), (24, 51), (52, 20), (20, 52), (53, 24), (24, 53), (54, 7), (7, 54), (55, 17), (17, 55), (56, 1), (1, 56), (57, 32), (32, 57), (58, 9), (9, 58), (59, 4), (4, 59), (60, 35), (35, 60)]
Z_dad = [1, 4, 15]
Y_dad = [17, 18, 21]
X_dad = [5]
Z_da-ad = [1, 5, 12]
Y_da-ad = [4, 6, 18]
X_da-ad = [10]
