no              #fail
790.319         #totTm
780.093         #lastADTm
12              #itDAD
1.000           #avItADGoal
617             #itADOpt
36              #opt
36              #optDA-AD
25.22           #tmDA
0.0             #relGain

V = [1, 2, 3, 4, 5, 6, 7, 8, 9, 10, 11, 12, 13, 14, 15, 16, 17, 18, 19, 20, 21, 22, 23, 24, 25, 26, 27, 28, 29, 30, 31, 32, 33, 34, 35, 36, 37, 38, 39, 40, 41, 42, 43, 44, 45, 46, 47, 48, 49, 50, 51, 52, 53, 54, 55, 56, 57, 58, 59, 60]
A = [(2, 1), (1, 2), (3, 1), (1, 3), (4, 3), (3, 4), (5, 1), (1, 5), (6, 5), (5, 6), (7, 6), (6, 7), (8, 7), (7, 8), (9, 1), (1, 9), (10, 3), (3, 10), (11, 2), (2, 11), (12, 10), (10, 12), (13, 6), (6, 13), (14, 10), (10, 14), (15, 7), (7, 15), (16, 4), (4, 16), (17, 15), (15, 17), (18, 6), (6, 18), (19, 12), (12, 19), (20, 2), (2, 20), (21, 17), (17, 21), (22, 1), (1, 22), (23, 5), (5, 23), (24, 1), (1, 24), (25, 3), (3, 25), (26, 25), (25, 26), (27, 3), (3, 27), (28, 10), (10, 28), (29, 8), (8, 29), (30, 28), (28, 30), (31, 17), (17, 31), (32, 21), (21, 32), (33, 23), (23, 33), (34, 30), (30, 34), (35, 30), (30, 35), (36, 10), (10, 36), (37, 36), (36, 37), (38, 23), (23, 38), (39, 36), (36, 39), (40, 36), (36, 40), (41, 7), (7, 41), (42, 17), (17, 42), (43, 20), (20, 43), (44, 38), (38, 44), (45, 4), (4, 45), (46, 42), (42, 46), (47, 40), (40, 47), (48, 23), (23, 48), (49, 34), (34, 49), (50, 27), (27, 50), (51, 13), (13, 51), (52, 20), (20, 52), (53, 2), (2, 53), (54, 32), (32, 54), (55, 23), (23, 55), (56, 44), (44, 56), (57, 49), (49, 57), (58, 47), (47, 58), (59, 44), (44, 59), (60, 30), (30, 60)]
Z_dad = [1, 6, 10]
Y_dad = [3, 17, 23]
X_dad = [15]
Z_da-ad = [1, 7, 10]
Y_da-ad = [3, 17, 23]
X_da-ad = [5]
