no              #fail
2094.671        #totTm
2090.667        #lastADTm
8               #itDAD
1.000           #avItADGoal
996             #itADOpt
39              #opt
39              #optDA-AD
87.64           #tmDA
0.0             #relGain

V = [1, 2, 3, 4, 5, 6, 7, 8, 9, 10, 11, 12, 13, 14, 15, 16, 17, 18, 19, 20, 21, 22, 23, 24, 25, 26, 27, 28, 29, 30, 31, 32, 33, 34, 35, 36, 37, 38, 39, 40, 41, 42, 43, 44, 45, 46, 47, 48, 49, 50, 51, 52, 53, 54, 55, 56, 57, 58, 59, 60]
A = [(2, 1), (1, 2), (3, 1), (1, 3), (4, 1), (1, 4), (5, 2), (2, 5), (6, 3), (3, 6), (7, 2), (2, 7), (8, 2), (2, 8), (9, 4), (4, 9), (10, 2), (2, 10), (11, 6), (6, 11), (12, 9), (9, 12), (13, 10), (10, 13), (14, 9), (9, 14), (15, 8), (8, 15), (16, 12), (12, 16), (17, 3), (3, 17), (18, 4), (4, 18), (19, 18), (18, 19), (20, 16), (16, 20), (21, 1), (1, 21), (22, 21), (21, 22), (23, 3), (3, 23), (24, 3), (3, 24), (25, 24), (24, 25), (26, 23), (23, 26), (27, 16), (16, 27), (28, 17), (17, 28), (29, 2), (2, 29), (30, 4), (4, 30), (31, 28), (28, 31), (32, 31), (31, 32), (33, 5), (5, 33), (34, 20), (20, 34), (35, 12), (12, 35), (36, 31), (31, 36), (37, 35), (35, 37), (38, 10), (10, 38), (39, 29), (29, 39), (40, 20), (20, 40), (41, 21), (21, 41), (42, 14), (14, 42), (43, 2), (2, 43), (44, 25), (25, 44), (45, 24), (24, 45), (46, 44), (44, 46), (47, 41), (41, 47), (48, 38), (38, 48), (49, 22), (22, 49), (50, 32), (32, 50), (51, 6), (6, 51), (52, 2), (2, 52), (53, 17), (17, 53), (54, 48), (48, 54), (55, 3), (3, 55), (56, 29), (29, 56), (57, 39), (39, 57), (58, 53), (53, 58), (59, 57), (57, 59), (60, 50), (50, 60)]
Z_dad = [2, 3, 12]
Y_dad = [4, 28, 40]
X_dad = [1]
Z_da-ad = [2, 3, 4]
Y_da-ad = [12, 21, 31]
X_da-ad = [16]
