no              #fail
697.826         #totTm
690.759         #lastADTm
11              #itDAD
1.000           #avItADGoal
527             #itADOpt
36              #opt
36              #optDA-AD
17.06           #tmDA
0.0             #relGain

V = [1, 2, 3, 4, 5, 6, 7, 8, 9, 10, 11, 12, 13, 14, 15, 16, 17, 18, 19, 20, 21, 22, 23, 24, 25, 26, 27, 28, 29, 30, 31, 32, 33, 34, 35, 36, 37, 38, 39, 40, 41, 42, 43, 44, 45, 46, 47, 48, 49, 50, 51, 52, 53, 54, 55, 56, 57, 58, 59, 60]
A = [(2, 1), (1, 2), (3, 2), (2, 3), (4, 2), (2, 4), (5, 3), (3, 5), (6, 4), (4, 6), (7, 1), (1, 7), (8, 1), (1, 8), (9, 7), (7, 9), (10, 9), (9, 10), (11, 4), (4, 11), (12, 6), (6, 12), (13, 3), (3, 13), (14, 4), (4, 14), (15, 7), (7, 15), (16, 12), (12, 16), (17, 1), (1, 17), (18, 17), (17, 18), (19, 9), (9, 19), (20, 11), (11, 20), (21, 18), (18, 21), (22, 7), (7, 22), (23, 20), (20, 23), (24, 18), (18, 24), (25, 14), (14, 25), (26, 20), (20, 26), (27, 5), (5, 27), (28, 7), (7, 28), (29, 11), (11, 29), (30, 9), (9, 30), (31, 8), (8, 31), (32, 16), (16, 32), (33, 2), (2, 33), (34, 20), (20, 34), (35, 29), (29, 35), (36, 24), (24, 36), (37, 24), (24, 37), (38, 24), (24, 38), (39, 19), (19, 39), (40, 6), (6, 40), (41, 18), (18, 41), (42, 5), (5, 42), (43, 10), (10, 43), (44, 1), (1, 44), (45, 32), (32, 45), (46, 4), (4, 46), (47, 31), (31, 47), (48, 2), (2, 48), (49, 43), (43, 49), (50, 49), (49, 50), (51, 5), (5, 51), (52, 36), (36, 52), (53, 47), (47, 53), (54, 44), (44, 54), (55, 19), (19, 55), (56, 47), (47, 56), (57, 33), (33, 57), (58, 26), (26, 58), (59, 49), (49, 59), (60, 24), (24, 60)]
Z_dad = [1, 4, 9]
Y_dad = [3, 20, 24]
X_dad = [2]
Z_da-ad = [1, 4, 9]
Y_da-ad = [3, 20, 24]
X_da-ad = [2]
