no              #fail
373.757         #totTm
362.177         #lastADTm
13              #itDAD
1.000           #avItADGoal
288             #itADOpt
36              #opt
36              #optDA-AD
8.247           #tmDA
0.0             #relGain

V = [1, 2, 3, 4, 5, 6, 7, 8, 9, 10, 11, 12, 13, 14, 15, 16, 17, 18, 19, 20, 21, 22, 23, 24, 25, 26, 27, 28, 29, 30, 31, 32, 33, 34, 35, 36, 37, 38, 39, 40, 41, 42, 43, 44, 45, 46, 47, 48, 49, 50, 51, 52, 53, 54, 55, 56, 57, 58, 59, 60]
A = [(2, 1), (1, 2), (3, 2), (2, 3), (4, 3), (3, 4), (5, 4), (4, 5), (6, 1), (1, 6), (7, 5), (5, 7), (8, 2), (2, 8), (9, 4), (4, 9), (10, 6), (6, 10), (11, 5), (5, 11), (12, 8), (8, 12), (13, 4), (4, 13), (14, 11), (11, 14), (15, 6), (6, 15), (16, 5), (5, 16), (17, 14), (14, 17), (18, 14), (14, 18), (19, 9), (9, 19), (20, 19), (19, 20), (21, 11), (11, 21), (22, 13), (13, 22), (23, 21), (21, 23), (24, 5), (5, 24), (25, 20), (20, 25), (26, 20), (20, 26), (27, 1), (1, 27), (28, 26), (26, 28), (29, 14), (14, 29), (30, 12), (12, 30), (31, 28), (28, 31), (32, 19), (19, 32), (33, 15), (15, 33), (34, 11), (11, 34), (35, 18), (18, 35), (36, 29), (29, 36), (37, 34), (34, 37), (38, 34), (34, 38), (39, 12), (12, 39), (40, 3), (3, 40), (41, 37), (37, 41), (42, 28), (28, 42), (43, 41), (41, 43), (44, 19), (19, 44), (45, 27), (27, 45), (46, 42), (42, 46), (47, 17), (17, 47), (48, 23), (23, 48), (49, 27), (27, 49), (50, 2), (2, 50), (51, 3), (3, 51), (52, 29), (29, 52), (53, 48), (48, 53), (54, 53), (53, 54), (55, 23), (23, 55), (56, 47), (47, 56), (57, 43), (43, 57), (58, 15), (15, 58), (59, 58), (58, 59), (60, 11), (11, 60)]
Z_dad = [1, 4, 11]
Y_dad = [2, 14, 20]
X_dad = [26]
Z_da-ad = [1, 4, 11]
Y_da-ad = [2, 14, 20]
X_da-ad = [26]
