no              #fail
2116.427        #totTm
2112.342        #lastADTm
9               #itDAD
1.000           #avItADGoal
1219            #itADOpt
40              #opt
39              #optDA-AD
172.1           #tmDA
2.5             #relGain

V = [1, 2, 3, 4, 5, 6, 7, 8, 9, 10, 11, 12, 13, 14, 15, 16, 17, 18, 19, 20, 21, 22, 23, 24, 25, 26, 27, 28, 29, 30, 31, 32, 33, 34, 35, 36, 37, 38, 39, 40, 41, 42, 43, 44, 45, 46, 47, 48, 49, 50, 51, 52, 53, 54, 55, 56, 57, 58, 59, 60]
A = [(2, 1), (1, 2), (3, 2), (2, 3), (4, 2), (2, 4), (5, 2), (2, 5), (6, 5), (5, 6), (7, 1), (1, 7), (8, 3), (3, 8), (9, 6), (6, 9), (10, 2), (2, 10), (11, 4), (4, 11), (12, 10), (10, 12), (13, 4), (4, 13), (14, 11), (11, 14), (15, 4), (4, 15), (16, 12), (12, 16), (17, 15), (15, 17), (18, 5), (5, 18), (19, 17), (17, 19), (20, 17), (17, 20), (21, 14), (14, 21), (22, 21), (21, 22), (23, 11), (11, 23), (24, 13), (13, 24), (25, 12), (12, 25), (26, 20), (20, 26), (27, 26), (26, 27), (28, 11), (11, 28), (29, 15), (15, 29), (30, 11), (11, 30), (31, 9), (9, 31), (32, 13), (13, 32), (33, 2), (2, 33), (34, 31), (31, 34), (35, 7), (7, 35), (36, 32), (32, 36), (37, 11), (11, 37), (38, 3), (3, 38), (39, 13), (13, 39), (40, 18), (18, 40), (41, 40), (40, 41), (42, 22), (22, 42), (43, 36), (36, 43), (44, 4), (4, 44), (45, 23), (23, 45), (46, 28), (28, 46), (47, 30), (30, 47), (48, 43), (43, 48), (49, 11), (11, 49), (50, 1), (1, 50), (51, 31), (31, 51), (52, 5), (5, 52), (53, 39), (39, 53), (54, 5), (5, 54), (55, 21), (21, 55), (56, 15), (15, 56), (57, 2), (2, 57), (58, 30), (30, 58), (59, 15), (15, 59), (60, 1), (1, 60)]
Z_dad = [2, 5, 11]
Y_dad = [4, 6, 42]
X_dad = [15]
Z_da-ad = [2, 11, 15]
Y_da-ad = [5, 7, 13]
X_da-ad = [6]
