no              #fail
535.958         #totTm
531.589         #lastADTm
8               #itDAD
1.000           #avItADGoal
489             #itADOpt
36              #opt
36              #optDA-AD
17.85           #tmDA
0.0             #relGain

V = [1, 2, 3, 4, 5, 6, 7, 8, 9, 10, 11, 12, 13, 14, 15, 16, 17, 18, 19, 20, 21, 22, 23, 24, 25, 26, 27, 28, 29, 30, 31, 32, 33, 34, 35, 36, 37, 38, 39, 40, 41, 42, 43, 44, 45, 46, 47, 48, 49, 50, 51, 52, 53, 54, 55, 56, 57, 58, 59, 60]
A = [(2, 1), (1, 2), (3, 1), (1, 3), (4, 2), (2, 4), (5, 3), (3, 5), (6, 4), (4, 6), (7, 5), (5, 7), (8, 5), (5, 8), (9, 7), (7, 9), (10, 1), (1, 10), (11, 8), (8, 11), (12, 9), (9, 12), (13, 6), (6, 13), (14, 4), (4, 14), (15, 11), (11, 15), (16, 7), (7, 16), (17, 15), (15, 17), (18, 4), (4, 18), (19, 6), (6, 19), (20, 11), (11, 20), (21, 5), (5, 21), (22, 8), (8, 22), (23, 17), (17, 23), (24, 5), (5, 24), (25, 15), (15, 25), (26, 23), (23, 26), (27, 17), (17, 27), (28, 22), (22, 28), (29, 26), (26, 29), (30, 18), (18, 30), (31, 4), (4, 31), (32, 9), (9, 32), (33, 10), (10, 33), (34, 31), (31, 34), (35, 13), (13, 35), (36, 16), (16, 36), (37, 23), (23, 37), (38, 25), (25, 38), (39, 25), (25, 39), (40, 7), (7, 40), (41, 13), (13, 41), (42, 11), (11, 42), (43, 11), (11, 43), (44, 2), (2, 44), (45, 19), (19, 45), (46, 1), (1, 46), (47, 17), (17, 47), (48, 15), (15, 48), (49, 45), (45, 49), (50, 48), (48, 50), (51, 18), (18, 51), (52, 44), (44, 52), (53, 10), (10, 53), (54, 45), (45, 54), (55, 20), (20, 55), (56, 8), (8, 56), (57, 20), (20, 57), (58, 14), (14, 58), (59, 36), (36, 59), (60, 33), (33, 60)]
Z_dad = [4, 5, 15]
Y_dad = [1, 7, 11]
X_dad = [8]
Z_da-ad = [4, 5, 15]
Y_da-ad = [1, 7, 11]
X_da-ad = [8]
