no              #fail
2.652           #totTm
0.609           #lastADTm
3               #itDAD
1.000           #avItADGoal
6               #itADOpt
6               #opt
6               #optDA-AD
0.539           #tmDA
0.0             #relGain

V = [1, 2, 3, 4, 5, 6, 7, 8, 9, 10, 11, 12, 13, 14, 15, 16, 17, 18, 19, 20, 21, 22, 23, 24, 25, 26, 27, 28, 29, 30, 31, 32, 33, 34, 35, 36, 37, 38, 39, 40, 41, 42, 43, 44, 45, 46, 47, 48, 49, 50, 51, 52, 53, 54, 55, 56, 57, 58, 59, 60, 61, 62, 63, 64, 65, 66, 67, 68, 69, 70, 71, 72, 73, 74, 75, 76, 77, 78, 79, 80, 81, 82, 83, 84, 85, 86, 87, 88, 89, 90, 91, 92, 93, 94, 95, 96, 97, 98, 99, 100]
A = [(1, 16), (16, 1), (1, 26), (26, 1), (2, 3), (3, 2), (2, 38), (38, 2), (2, 60), (60, 2), (2, 96), (96, 2), (3, 13), (13, 3), (3, 17), (17, 3), (3, 30), (30, 3), (3, 34), (34, 3), (3, 35), (35, 3), (3, 68), (68, 3), (3, 87), (87, 3), (4, 15), (15, 4), (4, 30), (30, 4), (4, 63), (63, 4), (4, 67), (67, 4), (5, 58), (58, 5), (5, 66), (66, 5), (5, 68), (68, 5), (6, 16), (16, 6), (6, 28), (28, 6), (6, 52), (52, 6), (6, 70), (70, 6), (7, 11), (11, 7), (7, 16), (16, 7), (7, 47), (47, 7), (7, 65), (65, 7), (7, 66), (66, 7), (7, 89), (89, 7), (8, 30), (30, 8), (8, 71), (71, 8), (8, 81), (81, 8), (8, 88), (88, 8), (9, 36), (36, 9), (9, 99), (99, 9), (10, 26), (26, 10), (10, 64), (64, 10), (11, 58), (58, 11), (11, 71), (71, 11), (11, 99), (99, 11), (12, 54), (54, 12), (12, 64), (64, 12), (13, 30), (30, 13), (13, 72), (72, 13), (13, 90), (90, 13), (14, 19), (19, 14), (14, 28), (28, 14), (14, 30), (30, 14), (14, 49), (49, 14), (14, 68), (68, 14), (14, 84), (84, 14), (15, 28), (28, 15), (15, 39), (39, 15), (15, 66), (66, 15), (15, 84), (84, 15), (15, 93), (93, 15), (16, 52), (52, 16), (16, 59), (59, 16), (16, 74), (74, 16), (17, 31), (31, 17), (17, 39), (39, 17), (17, 75), (75, 17), (18, 28), (28, 18), (18, 34), (34, 18), (18, 50), (50, 18), (18, 92), (92, 18), (19, 63), (63, 19), (19, 82), (82, 19), (19, 87), (87, 19), (19, 97), (97, 19), (20, 45), (45, 20), (20, 54), (54, 20), (20, 69), (69, 20), (20, 92), (92, 20), (20, 98), (98, 20), (20, 100), (100, 20), (21, 46), (46, 21), (21, 53), (53, 21), (21, 93), (93, 21), (22, 49), (49, 22), (22, 50), (50, 22), (22, 68), (68, 22), (22, 74), (74, 22), (22, 76), (76, 22), (22, 95), (95, 22), (23, 28), (28, 23), (23, 44), (44, 23), (23, 52), (52, 23), (23, 65), (65, 23), (23, 72), (72, 23), (23, 75), (75, 23), (23, 76), (76, 23), (24, 85), (85, 24), (25, 67), (67, 25), (26, 40), (40, 26), (26, 52), (52, 26), (27, 77), (77, 27), (27, 82), (82, 27), (28, 85), (85, 28), (28, 90), (90, 28), (28, 92), (92, 28), (29, 70), (70, 29), (29, 91), (91, 29), (30, 38), (38, 30), (30, 46), (46, 30), (30, 68), (68, 30), (30, 70), (70, 30), (31, 33), (33, 31), (31, 38), (38, 31), (31, 43), (43, 31), (31, 92), (92, 31), (33, 36), (36, 33), (33, 39), (39, 33), (33, 51), (51, 33), (33, 90), (90, 33), (34, 78), (78, 34), (34, 90), (90, 34), (35, 49), (49, 35), (35, 68), (68, 35), (36, 40), (40, 36), (36, 54), (54, 36), (36, 61), (61, 36), (37, 39), (39, 37), (37, 58), (58, 37), (37, 100), (100, 37), (38, 41), (41, 38), (38, 60), (60, 38), (39, 47), (47, 39), (39, 62), (62, 39), (39, 81), (81, 39), (39, 85), (85, 39), (40, 42), (42, 40), (40, 44), (44, 40), (40, 87), (87, 40), (40, 90), (90, 40), (40, 95), (95, 40), (41, 71), (71, 41), (41, 86), (86, 41), (42, 53), (53, 42), (43, 55), (55, 43), (43, 81), (81, 43), (43, 90), (90, 43), (43, 98), (98, 43), (44, 47), (47, 44), (44, 65), (65, 44), (44, 74), (74, 44), (44, 75), (75, 44), (44, 94), (94, 44), (44, 100), (100, 44), (45, 82), (82, 45), (45, 87), (87, 45), (46, 56), (56, 46), (46, 62), (62, 46), (46, 82), (82, 46), (46, 93), (93, 46), (47, 60), (60, 47), (47, 80), (80, 47), (47, 82), (82, 47), (48, 53), (53, 48), (48, 82), (82, 48), (48, 88), (88, 48), (49, 70), (70, 49), (49, 76), (76, 49), (49, 85), (85, 49), (49, 98), (98, 49), (49, 99), (99, 49), (50, 61), (61, 50), (50, 85), (85, 50), (50, 86), (86, 50), (50, 89), (89, 50), (50, 97), (97, 50), (51, 95), (95, 51), (52, 60), (60, 52), (52, 66), (66, 52), (52, 71), (71, 52), (52, 74), (74, 52), (52, 91), (91, 52), (53, 63), (63, 53), (53, 72), (72, 53), (53, 78), (78, 53), (53, 96), (96, 53), (53, 98), (98, 53), (54, 62), (62, 54), (54, 71), (71, 54), (54, 74), (74, 54), (55, 80), (80, 55), (55, 82), (82, 55), (55, 91), (91, 55), (56, 63), (63, 56), (56, 87), (87, 56), (57, 69), (69, 57), (58, 76), (76, 58), (58, 82), (82, 58), (59, 62), (62, 59), (59, 65), (65, 59), (59, 75), (75, 59), (60, 96), (96, 60), (61, 100), (100, 61), (62, 69), (69, 62), (62, 72), (72, 62), (62, 73), (73, 62), (63, 72), (72, 63), (63, 82), (82, 63), (63, 91), (91, 63), (63, 95), (95, 63), (64, 70), (70, 64), (64, 94), (94, 64), (64, 95), (95, 64), (65, 67), (67, 65), (65, 68), (68, 65), (65, 82), (82, 65), (65, 86), (86, 65), (65, 89), (89, 65), (65, 96), (96, 65), (67, 91), (91, 67), (67, 99), (99, 67), (68, 73), (73, 68), (68, 84), (84, 68), (68, 97), (97, 68), (70, 94), (94, 70), (71, 75), (75, 71), (71, 100), (100, 71), (72, 74), (74, 72), (72, 89), (89, 72), (73, 100), (100, 73), (74, 98), (98, 74), (75, 99), (99, 75), (76, 85), (85, 76), (76, 90), (90, 76), (76, 93), (93, 76), (78, 82), (82, 78), (78, 89), (89, 78), (78, 96), (96, 78), (79, 86), (86, 79), (81, 92), (92, 81), (81, 95), (95, 81), (81, 100), (100, 81), (83, 89), (89, 83), (84, 86), (86, 84), (84, 89), (89, 84), (84, 92), (92, 84), (84, 96), (96, 84), (87, 88), (88, 87), (87, 98), (98, 87), (89, 99), (99, 89), (91, 92), (92, 91)]
Z_dad = [82]
Y_dad = [68]
X_dad = [67]
Z_da-ad = [82]
Y_da-ad = [67]
X_da-ad = [85]
