no              #fail
4.807           #totTm
0.423           #lastADTm
4               #itDAD
1.333           #avItADGoal
5               #itADOpt
5               #opt
5               #optDA-AD
0.528           #tmDA
0.0             #relGain

V = [1, 2, 3, 4, 5, 6, 7, 8, 9, 10, 11, 12, 13, 14, 15, 16, 17, 18, 19, 20, 21, 22, 23, 24, 25, 26, 27, 28, 29, 30, 31, 32, 33, 34, 35, 36, 37, 38, 39, 40, 41, 42, 43, 44, 45, 46, 47, 48, 49, 50, 51, 52, 53, 54, 55, 56, 57, 58, 59, 60, 61, 62, 63, 64, 65, 66, 67, 68, 69, 70, 71, 72, 73, 74, 75, 76, 77, 78, 79, 80, 81, 82, 83, 84, 85, 86, 87, 88, 89, 90, 91, 92, 93, 94, 95, 96, 97, 98, 99, 100]
A = [(1, 38), (38, 1), (1, 55), (55, 1), (1, 56), (56, 1), (1, 63), (63, 1), (1, 71), (71, 1), (1, 82), (82, 1), (1, 90), (90, 1), (1, 92), (92, 1), (2, 26), (26, 2), (2, 33), (33, 2), (2, 53), (53, 2), (2, 56), (56, 2), (2, 71), (71, 2), (2, 81), (81, 2), (3, 62), (62, 3), (3, 87), (87, 3), (3, 95), (95, 3), (4, 8), (8, 4), (4, 26), (26, 4), (4, 30), (30, 4), (4, 32), (32, 4), (4, 41), (41, 4), (4, 76), (76, 4), (4, 77), (77, 4), (5, 10), (10, 5), (5, 17), (17, 5), (5, 20), (20, 5), (5, 31), (31, 5), (5, 40), (40, 5), (5, 65), (65, 5), (5, 72), (72, 5), (5, 73), (73, 5), (5, 78), (78, 5), (5, 90), (90, 5), (7, 18), (18, 7), (7, 34), (34, 7), (7, 35), (35, 7), (7, 57), (57, 7), (7, 64), (64, 7), (7, 70), (70, 7), (8, 14), (14, 8), (8, 79), (79, 8), (9, 17), (17, 9), (9, 82), (82, 9), (9, 85), (85, 9), (10, 69), (69, 10), (10, 77), (77, 10), (10, 79), (79, 10), (11, 23), (23, 11), (11, 37), (37, 11), (11, 39), (39, 11), (11, 52), (52, 11), (11, 53), (53, 11), (11, 96), (96, 11), (11, 100), (100, 11), (12, 14), (14, 12), (12, 29), (29, 12), (12, 46), (46, 12), (12, 53), (53, 12), (12, 60), (60, 12), (12, 91), (91, 12), (13, 52), (52, 13), (14, 21), (21, 14), (14, 65), (65, 14), (14, 67), (67, 14), (14, 93), (93, 14), (14, 99), (99, 14), (15, 40), (40, 15), (15, 59), (59, 15), (15, 85), (85, 15), (16, 35), (35, 16), (16, 99), (99, 16), (17, 24), (24, 17), (17, 42), (42, 17), (17, 49), (49, 17), (17, 65), (65, 17), (17, 70), (70, 17), (17, 80), (80, 17), (18, 24), (24, 18), (18, 78), (78, 18), (18, 95), (95, 18), (18, 96), (96, 18), (19, 65), (65, 19), (19, 73), (73, 19), (20, 35), (35, 20), (20, 77), (77, 20), (20, 91), (91, 20), (20, 99), (99, 20), (20, 100), (100, 20), (21, 23), (23, 21), (21, 29), (29, 21), (21, 34), (34, 21), (21, 55), (55, 21), (21, 56), (56, 21), (21, 67), (67, 21), (21, 93), (93, 21), (22, 32), (32, 22), (22, 41), (41, 22), (22, 54), (54, 22), (22, 58), (58, 22), (22, 70), (70, 22), (22, 72), (72, 22), (22, 75), (75, 22), (22, 97), (97, 22), (23, 53), (53, 23), (23, 60), (60, 23), (23, 62), (62, 23), (24, 47), (47, 24), (24, 72), (72, 24), (25, 44), (44, 25), (25, 88), (88, 25), (26, 30), (30, 26), (26, 42), (42, 26), (26, 45), (45, 26), (26, 58), (58, 26), (26, 65), (65, 26), (26, 79), (79, 26), (27, 52), (52, 27), (27, 58), (58, 27), (27, 74), (74, 27), (27, 81), (81, 27), (27, 88), (88, 27), (27, 94), (94, 27), (28, 43), (43, 28), (28, 51), (51, 28), (29, 68), (68, 29), (29, 69), (69, 29), (29, 86), (86, 29), (29, 91), (91, 29), (29, 94), (94, 29), (30, 44), (44, 30), (31, 47), (47, 31), (31, 58), (58, 31), (32, 42), (42, 32), (32, 44), (44, 32), (32, 69), (69, 32), (32, 72), (72, 32), (32, 83), (83, 32), (33, 58), (58, 33), (33, 74), (74, 33), (33, 77), (77, 33), (34, 47), (47, 34), (34, 50), (50, 34), (34, 51), (51, 34), (34, 80), (80, 34), (34, 85), (85, 34), (35, 46), (46, 35), (35, 54), (54, 35), (35, 63), (63, 35), (36, 63), (63, 36), (36, 92), (92, 36), (37, 50), (50, 37), (37, 75), (75, 37), (37, 79), (79, 37), (37, 82), (82, 37), (38, 50), (50, 38), (38, 52), (52, 38), (38, 56), (56, 38), (39, 44), (44, 39), (39, 56), (56, 39), (40, 58), (58, 40), (40, 68), (68, 40), (40, 73), (73, 40), (40, 98), (98, 40), (41, 49), (49, 41), (41, 61), (61, 41), (41, 77), (77, 41), (41, 87), (87, 41), (42, 45), (45, 42), (42, 64), (64, 42), (42, 68), (68, 42), (43, 67), (67, 43), (43, 93), (93, 43), (43, 98), (98, 43), (44, 76), (76, 44), (44, 77), (77, 44), (44, 87), (87, 44), (44, 93), (93, 44), (44, 98), (98, 44), (46, 59), (59, 46), (46, 60), (60, 46), (46, 63), (63, 46), (46, 92), (92, 46), (47, 52), (52, 47), (47, 55), (55, 47), (47, 97), (97, 47), (48, 73), (73, 48), (48, 82), (82, 48), (48, 88), (88, 48), (49, 58), (58, 49), (50, 71), (71, 50), (51, 68), (68, 51), (51, 75), (75, 51), (51, 99), (99, 51), (52, 78), (78, 52), (53, 56), (56, 53), (53, 58), (58, 53), (53, 65), (65, 53), (53, 94), (94, 53), (54, 72), (72, 54), (54, 93), (93, 54), (55, 74), (74, 55), (55, 91), (91, 55), (56, 86), (86, 56), (57, 79), (79, 57), (57, 81), (81, 57), (58, 77), (77, 58), (58, 83), (83, 58), (58, 88), (88, 58), (58, 96), (96, 58), (58, 99), (99, 58), (59, 79), (79, 59), (59, 80), (80, 59), (59, 91), (91, 59), (60, 63), (63, 60), (60, 74), (74, 60), (60, 76), (76, 60), (60, 86), (86, 60), (61, 63), (63, 61), (61, 65), (65, 61), (61, 77), (77, 61), (65, 81), (81, 65), (66, 73), (73, 66), (67, 75), (75, 67), (67, 80), (80, 67), (68, 95), (95, 68), (71, 76), (76, 71), (72, 87), (87, 72), (72, 92), (92, 72), (73, 85), (85, 73), (73, 90), (90, 73), (73, 97), (97, 73), (74, 85), (85, 74), (74, 87), (87, 74), (75, 88), (88, 75), (75, 95), (95, 75), (75, 98), (98, 75), (76, 83), (83, 76), (77, 96), (96, 77), (79, 85), (85, 79), (82, 83), (83, 82), (82, 85), (85, 82), (82, 87), (87, 82), (84, 93), (93, 84), (85, 86), (86, 85), (89, 98), (98, 89), (97, 99), (99, 97)]
Z_dad = [73]
Y_dad = [58]
X_dad = [65]
Z_da-ad = [73]
Y_da-ad = [52]
X_da-ad = [93]
