no              #fail
10.083          #totTm
0.517           #lastADTm
5               #itDAD
1.500           #avItADGoal
5               #itADOpt
4               #opt
4               #optDA-AD
0.5             #tmDA
0.0             #relGain

V = [1, 2, 3, 4, 5, 6, 7, 8, 9, 10, 11, 12, 13, 14, 15, 16, 17, 18, 19, 20, 21, 22, 23, 24, 25, 26, 27, 28, 29, 30, 31, 32, 33, 34, 35, 36, 37, 38, 39, 40, 41, 42, 43, 44, 45, 46, 47, 48, 49, 50, 51, 52, 53, 54, 55, 56, 57, 58, 59, 60, 61, 62, 63, 64, 65, 66, 67, 68, 69, 70, 71, 72, 73, 74, 75, 76, 77, 78, 79, 80, 81, 82, 83, 84, 85, 86, 87, 88, 89, 90, 91, 92, 93, 94, 95, 96, 97, 98, 99, 100]
A = [(1, 14), (14, 1), (1, 17), (17, 1), (1, 44), (44, 1), (1, 50), (50, 1), (1, 88), (88, 1), (2, 10), (10, 2), (2, 20), (20, 2), (2, 73), (73, 2), (2, 74), (74, 2), (2, 82), (82, 2), (2, 89), (89, 2), (3, 12), (12, 3), (3, 15), (15, 3), (3, 17), (17, 3), (3, 47), (47, 3), (3, 50), (50, 3), (3, 58), (58, 3), (5, 8), (8, 5), (5, 48), (48, 5), (5, 53), (53, 5), (5, 71), (71, 5), (5, 87), (87, 5), (6, 64), (64, 6), (6, 77), (77, 6), (6, 81), (81, 6), (6, 86), (86, 6), (6, 88), (88, 6), (7, 56), (56, 7), (7, 64), (64, 7), (7, 65), (65, 7), (7, 85), (85, 7), (8, 19), (19, 8), (8, 58), (58, 8), (8, 83), (83, 8), (8, 100), (100, 8), (9, 12), (12, 9), (9, 26), (26, 9), (9, 50), (50, 9), (9, 55), (55, 9), (9, 61), (61, 9), (9, 77), (77, 9), (9, 99), (99, 9), (10, 26), (26, 10), (10, 56), (56, 10), (10, 58), (58, 10), (10, 67), (67, 10), (10, 85), (85, 10), (11, 30), (30, 11), (11, 49), (49, 11), (11, 92), (92, 11), (12, 47), (47, 12), (12, 85), (85, 12), (12, 97), (97, 12), (13, 35), (35, 13), (13, 44), (44, 13), (13, 45), (45, 13), (13, 48), (48, 13), (13, 59), (59, 13), (13, 61), (61, 13), (13, 94), (94, 13), (14, 52), (52, 14), (14, 53), (53, 14), (14, 79), (79, 14), (14, 80), (80, 14), (15, 39), (39, 15), (16, 65), (65, 16), (16, 66), (66, 16), (16, 74), (74, 16), (16, 78), (78, 16), (17, 42), (42, 17), (18, 47), (47, 18), (18, 48), (48, 18), (18, 53), (53, 18), (18, 69), (69, 18), (18, 83), (83, 18), (18, 85), (85, 18), (18, 90), (90, 18), (18, 93), (93, 18), (19, 48), (48, 19), (19, 52), (52, 19), (19, 72), (72, 19), (19, 73), (73, 19), (19, 98), (98, 19), (20, 32), (32, 20), (20, 39), (39, 20), (20, 52), (52, 20), (20, 59), (59, 20), (20, 97), (97, 20), (21, 46), (46, 21), (21, 75), (75, 21), (21, 77), (77, 21), (21, 80), (80, 21), (21, 87), (87, 21), (22, 53), (53, 22), (22, 54), (54, 22), (22, 94), (94, 22), (23, 38), (38, 23), (23, 53), (53, 23), (23, 54), (54, 23), (23, 64), (64, 23), (23, 68), (68, 23), (23, 82), (82, 23), (24, 49), (49, 24), (24, 51), (51, 24), (24, 77), (77, 24), (25, 41), (41, 25), (25, 69), (69, 25), (25, 75), (75, 25), (25, 82), (82, 25), (25, 99), (99, 25), (26, 33), (33, 26), (26, 46), (46, 26), (26, 68), (68, 26), (26, 93), (93, 26), (26, 98), (98, 26), (27, 44), (44, 27), (27, 61), (61, 27), (27, 62), (62, 27), (27, 68), (68, 27), (28, 46), (46, 28), (28, 48), (48, 28), (28, 100), (100, 28), (29, 31), (31, 29), (29, 52), (52, 29), (29, 67), (67, 29), (29, 76), (76, 29), (29, 89), (89, 29), (29, 98), (98, 29), (30, 39), (39, 30), (31, 49), (49, 31), (32, 40), (40, 32), (32, 41), (41, 32), (32, 53), (53, 32), (32, 55), (55, 32), (32, 70), (70, 32), (32, 83), (83, 32), (32, 84), (84, 32), (32, 86), (86, 32), (33, 34), (34, 33), (33, 40), (40, 33), (33, 62), (62, 33), (33, 75), (75, 33), (34, 36), (36, 34), (34, 46), (46, 34), (34, 59), (59, 34), (34, 77), (77, 34), (35, 58), (58, 35), (35, 71), (71, 35), (36, 44), (44, 36), (36, 47), (47, 36), (36, 60), (60, 36), (36, 70), (70, 36), (37, 45), (45, 37), (37, 47), (47, 37), (37, 71), (71, 37), (37, 76), (76, 37), (37, 94), (94, 37), (38, 73), (73, 38), (38, 83), (83, 38), (39, 58), (58, 39), (40, 41), (41, 40), (40, 44), (44, 40), (40, 59), (59, 40), (40, 64), (64, 40), (41, 59), (59, 41), (41, 95), (95, 41), (41, 99), (99, 41), (42, 67), (67, 42), (42, 68), (68, 42), (43, 59), (59, 43), (43, 73), (73, 43), (44, 49), (49, 44), (44, 70), (70, 44), (44, 78), (78, 44), (45, 80), (80, 45), (47, 70), (70, 47), (48, 70), (70, 48), (49, 54), (54, 49), (49, 55), (55, 49), (49, 68), (68, 49), (49, 97), (97, 49), (50, 64), (64, 50), (50, 70), (70, 50), (50, 72), (72, 50), (50, 76), (76, 50), (50, 87), (87, 50), (50, 98), (98, 50), (51, 65), (65, 51), (51, 82), (82, 51), (52, 83), (83, 52), (52, 87), (87, 52), (53, 60), (60, 53), (53, 92), (92, 53), (54, 61), (61, 54), (54, 69), (69, 54), (54, 70), (70, 54), (54, 76), (76, 54), (55, 58), (58, 55), (55, 75), (75, 55), (55, 89), (89, 55), (56, 68), (68, 56), (56, 91), (91, 56), (57, 74), (74, 57), (58, 75), (75, 58), (58, 77), (77, 58), (58, 84), (84, 58), (59, 95), (95, 59), (60, 69), (69, 60), (60, 98), (98, 60), (61, 65), (65, 61), (61, 86), (86, 61), (62, 66), (66, 62), (63, 83), (83, 63), (63, 85), (85, 63), (64, 70), (70, 64), (64, 93), (93, 64), (65, 73), (73, 65), (65, 81), (81, 65), (67, 84), (84, 67), (68, 90), (90, 68), (68, 91), (91, 68), (69, 78), (78, 69), (69, 95), (95, 69), (69, 96), (96, 69), (69, 100), (100, 69), (70, 85), (85, 70), (72, 83), (83, 72), (72, 100), (100, 72), (73, 80), (80, 73), (73, 94), (94, 73), (74, 86), (86, 74), (75, 86), (86, 75), (77, 90), (90, 77), (78, 83), (83, 78), (78, 88), (88, 78), (79, 80), (80, 79), (79, 85), (85, 79), (80, 82), (82, 80), (80, 85), (85, 80), (81, 82), (82, 81), (81, 100), (100, 81), (82, 99), (99, 82), (85, 90), (90, 85), (86, 100), (100, 86), (89, 94), (94, 89), (91, 93), (93, 91), (92, 95), (95, 92)]
Z_dad = [69]
Y_dad = [74]
X_dad = [2]
Z_da-ad = [69]
Y_da-ad = [74]
X_da-ad = [57]
