no              #fail
2.351           #totTm
0.400           #lastADTm
3               #itDAD
1.000           #avItADGoal
5               #itADOpt
5               #opt
5               #optDA-AD
0.496           #tmDA
0.0             #relGain

V = [1, 2, 3, 4, 5, 6, 7, 8, 9, 10, 11, 12, 13, 14, 15, 16, 17, 18, 19, 20, 21, 22, 23, 24, 25, 26, 27, 28, 29, 30, 31, 32, 33, 34, 35, 36, 37, 38, 39, 40, 41, 42, 43, 44, 45, 46, 47, 48, 49, 50, 51, 52, 53, 54, 55, 56, 57, 58, 59, 60, 61, 62, 63, 64, 65, 66, 67, 68, 69, 70, 71, 72, 73, 74, 75, 76, 77, 78, 79, 80, 81, 82, 83, 84, 85, 86, 87, 88, 89, 90, 91, 92, 93, 94, 95, 96, 97, 98, 99, 100]
A = [(1, 11), (11, 1), (1, 30), (30, 1), (1, 37), (37, 1), (1, 47), (47, 1), (1, 51), (51, 1), (1, 54), (54, 1), (1, 56), (56, 1), (1, 68), (68, 1), (2, 7), (7, 2), (2, 46), (46, 2), (2, 49), (49, 2), (2, 81), (81, 2), (2, 92), (92, 2), (2, 93), (93, 2), (2, 97), (97, 2), (2, 98), (98, 2), (2, 100), (100, 2), (3, 5), (5, 3), (3, 13), (13, 3), (3, 19), (19, 3), (3, 85), (85, 3), (4, 12), (12, 4), (4, 32), (32, 4), (4, 46), (46, 4), (4, 52), (52, 4), (4, 53), (53, 4), (4, 80), (80, 4), (4, 90), (90, 4), (4, 91), (91, 4), (5, 11), (11, 5), (5, 23), (23, 5), (5, 31), (31, 5), (5, 59), (59, 5), (5, 88), (88, 5), (6, 30), (30, 6), (6, 100), (100, 6), (7, 12), (12, 7), (7, 20), (20, 7), (7, 29), (29, 7), (7, 33), (33, 7), (7, 53), (53, 7), (7, 80), (80, 7), (8, 22), (22, 8), (8, 25), (25, 8), (8, 36), (36, 8), (8, 40), (40, 8), (8, 66), (66, 8), (9, 11), (11, 9), (9, 42), (42, 9), (9, 47), (47, 9), (10, 12), (12, 10), (10, 31), (31, 10), (10, 32), (32, 10), (10, 66), (66, 10), (10, 69), (69, 10), (10, 84), (84, 10), (10, 91), (91, 10), (11, 31), (31, 11), (11, 33), (33, 11), (11, 52), (52, 11), (11, 53), (53, 11), (11, 77), (77, 11), (12, 43), (43, 12), (12, 47), (47, 12), (12, 58), (58, 12), (12, 68), (68, 12), (12, 87), (87, 12), (12, 91), (91, 12), (13, 51), (51, 13), (13, 57), (57, 13), (13, 60), (60, 13), (13, 83), (83, 13), (13, 84), (84, 13), (13, 94), (94, 13), (14, 17), (17, 14), (14, 26), (26, 14), (14, 64), (64, 14), (15, 94), (94, 15), (16, 24), (24, 16), (16, 34), (34, 16), (16, 41), (41, 16), (16, 75), (75, 16), (16, 84), (84, 16), (16, 98), (98, 16), (17, 23), (23, 17), (17, 26), (26, 17), (17, 37), (37, 17), (17, 47), (47, 17), (17, 59), (59, 17), (17, 82), (82, 17), (18, 23), (23, 18), (18, 28), (28, 18), (18, 46), (46, 18), (20, 23), (23, 20), (20, 31), (31, 20), (20, 33), (33, 20), (20, 85), (85, 20), (21, 68), (68, 21), (21, 81), (81, 21), (21, 100), (100, 21), (22, 73), (73, 22), (23, 39), (39, 23), (23, 51), (51, 23), (23, 64), (64, 23), (23, 93), (93, 23), (23, 94), (94, 23), (24, 28), (28, 24), (24, 77), (77, 24), (25, 28), (28, 25), (25, 57), (57, 25), (25, 74), (74, 25), (26, 30), (30, 26), (26, 45), (45, 26), (26, 46), (46, 26), (26, 48), (48, 26), (26, 50), (50, 26), (26, 92), (92, 26), (27, 43), (43, 27), (27, 46), (46, 27), (27, 85), (85, 27), (28, 46), (46, 28), (28, 71), (71, 28), (28, 88), (88, 28), (28, 96), (96, 28), (28, 98), (98, 28), (29, 38), (38, 29), (29, 44), (44, 29), (29, 81), (81, 29), (29, 82), (82, 29), (29, 89), (89, 29), (29, 100), (100, 29), (30, 49), (49, 30), (30, 78), (78, 30), (30, 88), (88, 30), (31, 34), (34, 31), (31, 74), (74, 31), (31, 79), (79, 31), (31, 90), (90, 31), (32, 42), (42, 32), (32, 50), (50, 32), (32, 54), (54, 32), (32, 60), (60, 32), (32, 75), (75, 32), (33, 36), (36, 33), (33, 51), (51, 33), (34, 82), (82, 34), (35, 40), (40, 35), (35, 56), (56, 35), (36, 56), (56, 36), (36, 75), (75, 36), (36, 85), (85, 36), (37, 53), (53, 37), (37, 56), (56, 37), (37, 60), (60, 37), (37, 66), (66, 37), (38, 45), (45, 38), (39, 44), (44, 39), (40, 43), (43, 40), (40, 62), (62, 40), (40, 69), (69, 40), (41, 45), (45, 41), (41, 52), (52, 41), (41, 59), (59, 41), (41, 83), (83, 41), (41, 86), (86, 41), (42, 48), (48, 42), (42, 55), (55, 42), (42, 73), (73, 42), (44, 56), (56, 44), (44, 59), (59, 44), (44, 64), (64, 44), (44, 66), (66, 44), (44, 68), (68, 44), (44, 87), (87, 44), (45, 47), (47, 45), (45, 63), (63, 45), (45, 76), (76, 45), (46, 62), (62, 46), (46, 69), (69, 46), (46, 70), (70, 46), (46, 72), (72, 46), (47, 76), (76, 47), (48, 63), (63, 48), (48, 70), (70, 48), (49, 60), (60, 49), (49, 63), (63, 49), (49, 71), (71, 49), (50, 77), (77, 50), (50, 83), (83, 50), (51, 90), (90, 51), (51, 96), (96, 51), (51, 99), (99, 51), (52, 68), (68, 52), (53, 67), (67, 53), (53, 80), (80, 53), (54, 60), (60, 54), (54, 72), (72, 54), (54, 86), (86, 54), (55, 93), (93, 55), (56, 71), (71, 56), (56, 74), (74, 56), (56, 82), (82, 56), (57, 64), (64, 57), (57, 68), (68, 57), (57, 85), (85, 57), (58, 63), (63, 58), (59, 65), (65, 59), (62, 79), (79, 62), (65, 88), (88, 65), (65, 100), (100, 65), (66, 94), (94, 66), (68, 72), (72, 68), (68, 73), (73, 68), (68, 90), (90, 68), (68, 92), (92, 68), (68, 93), (93, 68), (69, 90), (90, 69), (69, 91), (91, 69), (70, 97), (97, 70), (71, 93), (93, 71), (71, 95), (95, 71), (72, 73), (73, 72), (72, 87), (87, 72), (72, 89), (89, 72), (72, 95), (95, 72), (72, 100), (100, 72), (73, 77), (77, 73), (73, 85), (85, 73), (74, 86), (86, 74), (75, 81), (81, 75), (76, 78), (78, 76), (76, 84), (84, 76), (76, 87), (87, 76), (76, 90), (90, 76), (76, 92), (92, 76), (77, 87), (87, 77), (77, 97), (97, 77), (77, 100), (100, 77), (80, 90), (90, 80), (83, 84), (84, 83), (83, 86), (86, 83), (84, 94), (94, 84), (84, 97), (97, 84), (87, 91), (91, 87), (89, 96), (96, 89), (96, 97), (97, 96), (96, 98), (98, 96)]
Z_dad = [51]
Y_dad = [68]
X_dad = [3]
Z_da-ad = [51]
Y_da-ad = [2]
X_da-ad = [53]
