no              #fail
1.922           #totTm
0.369           #lastADTm
3               #itDAD
1.000           #avItADGoal
4               #itADOpt
4               #opt
4               #optDA-AD
0.478           #tmDA
0.0             #relGain

V = [1, 2, 3, 4, 5, 6, 7, 8, 9, 10, 11, 12, 13, 14, 15, 16, 17, 18, 19, 20, 21, 22, 23, 24, 25, 26, 27, 28, 29, 30, 31, 32, 33, 34, 35, 36, 37, 38, 39, 40, 41, 42, 43, 44, 45, 46, 47, 48, 49, 50, 51, 52, 53, 54, 55, 56, 57, 58, 59, 60, 61, 62, 63, 64, 65, 66, 67, 68, 69, 70, 71, 72, 73, 74, 75, 76, 77, 78, 79, 80, 81, 82, 83, 84, 85, 86, 87, 88, 89, 90, 91, 92, 93, 94, 95, 96, 97, 98, 99, 100]
A = [(1, 32), (32, 1), (1, 39), (39, 1), (1, 42), (42, 1), (1, 52), (52, 1), (1, 83), (83, 1), (1, 89), (89, 1), (2, 65), (65, 2), (2, 77), (77, 2), (2, 79), (79, 2), (2, 82), (82, 2), (3, 9), (9, 3), (3, 26), (26, 3), (3, 64), (64, 3), (3, 83), (83, 3), (3, 84), (84, 3), (3, 100), (100, 3), (4, 18), (18, 4), (4, 64), (64, 4), (4, 65), (65, 4), (4, 86), (86, 4), (4, 93), (93, 4), (4, 97), (97, 4), (5, 16), (16, 5), (5, 66), (66, 5), (5, 87), (87, 5), (6, 17), (17, 6), (6, 19), (19, 6), (6, 41), (41, 6), (6, 77), (77, 6), (6, 78), (78, 6), (6, 81), (81, 6), (6, 85), (85, 6), (7, 26), (26, 7), (7, 34), (34, 7), (7, 43), (43, 7), (7, 72), (72, 7), (7, 81), (81, 7), (8, 17), (17, 8), (8, 22), (22, 8), (8, 29), (29, 8), (8, 54), (54, 8), (8, 63), (63, 8), (8, 96), (96, 8), (9, 13), (13, 9), (9, 17), (17, 9), (9, 31), (31, 9), (9, 72), (72, 9), (9, 87), (87, 9), (9, 96), (96, 9), (9, 98), (98, 9), (10, 14), (14, 10), (10, 84), (84, 10), (10, 88), (88, 10), (10, 96), (96, 10), (11, 12), (12, 11), (11, 37), (37, 11), (11, 46), (46, 11), (11, 51), (51, 11), (11, 61), (61, 11), (11, 87), (87, 11), (12, 33), (33, 12), (12, 41), (41, 12), (12, 66), (66, 12), (12, 85), (85, 12), (13, 23), (23, 13), (13, 47), (47, 13), (13, 63), (63, 13), (13, 71), (71, 13), (13, 83), (83, 13), (13, 90), (90, 13), (15, 37), (37, 15), (15, 68), (68, 15), (15, 69), (69, 15), (15, 74), (74, 15), (15, 78), (78, 15), (15, 95), (95, 15), (16, 28), (28, 16), (16, 60), (60, 16), (16, 65), (65, 16), (17, 53), (53, 17), (17, 94), (94, 17), (18, 45), (45, 18), (18, 65), (65, 18), (18, 83), (83, 18), (18, 89), (89, 18), (19, 60), (60, 19), (19, 65), (65, 19), (20, 24), (24, 20), (20, 36), (36, 20), (20, 37), (37, 20), (20, 38), (38, 20), (20, 44), (44, 20), (20, 47), (47, 20), (20, 61), (61, 20), (20, 80), (80, 20), (21, 89), (89, 21), (21, 96), (96, 21), (22, 43), (43, 22), (22, 48), (48, 22), (22, 57), (57, 22), (22, 66), (66, 22), (22, 94), (94, 22), (23, 30), (30, 23), (23, 38), (38, 23), (23, 51), (51, 23), (23, 62), (62, 23), (23, 64), (64, 23), (23, 68), (68, 23), (23, 85), (85, 23), (24, 54), (54, 24), (24, 73), (73, 24), (24, 90), (90, 24), (24, 97), (97, 24), (25, 30), (30, 25), (25, 40), (40, 25), (25, 59), (59, 25), (26, 31), (31, 26), (26, 36), (36, 26), (26, 73), (73, 26), (26, 96), (96, 26), (27, 47), (47, 27), (27, 48), (48, 27), (27, 67), (67, 27), (27, 92), (92, 27), (28, 59), (59, 28), (28, 65), (65, 28), (28, 72), (72, 28), (28, 89), (89, 28), (29, 56), (56, 29), (29, 62), (62, 29), (29, 66), (66, 29), (29, 85), (85, 29), (29, 93), (93, 29), (30, 38), (38, 30), (30, 46), (46, 30), (30, 81), (81, 30), (30, 95), (95, 30), (31, 36), (36, 31), (31, 38), (38, 31), (31, 66), (66, 31), (31, 77), (77, 31), (31, 90), (90, 31), (32, 71), (71, 32), (32, 89), (89, 32), (33, 74), (74, 33), (34, 40), (40, 34), (34, 43), (43, 34), (34, 81), (81, 34), (35, 50), (50, 35), (35, 69), (69, 35), (35, 97), (97, 35), (35, 98), (98, 35), (36, 43), (43, 36), (37, 80), (80, 37), (37, 83), (83, 37), (37, 87), (87, 37), (38, 40), (40, 38), (38, 62), (62, 38), (38, 64), (64, 38), (38, 79), (79, 38), (39, 41), (41, 39), (39, 42), (42, 39), (39, 44), (44, 39), (40, 58), (58, 40), (40, 74), (74, 40), (41, 76), (76, 41), (42, 51), (51, 42), (43, 58), (58, 43), (43, 85), (85, 43), (43, 90), (90, 43), (44, 55), (55, 44), (44, 60), (60, 44), (44, 62), (62, 44), (44, 75), (75, 44), (44, 90), (90, 44), (44, 93), (93, 44), (45, 57), (57, 45), (45, 75), (75, 45), (45, 89), (89, 45), (45, 92), (92, 45), (45, 100), (100, 45), (46, 60), (60, 46), (46, 80), (80, 46), (46, 95), (95, 46), (47, 49), (49, 47), (47, 66), (66, 47), (48, 52), (52, 48), (49, 50), (50, 49), (49, 64), (64, 49), (49, 72), (72, 49), (50, 80), (80, 50), (50, 87), (87, 50), (51, 53), (53, 51), (51, 81), (81, 51), (52, 57), (57, 52), (52, 62), (62, 52), (52, 90), (90, 52), (53, 82), (82, 53), (54, 60), (60, 54), (54, 88), (88, 54), (55, 64), (64, 55), (56, 73), (73, 56), (57, 62), (62, 57), (57, 70), (70, 57), (57, 73), (73, 57), (57, 84), (84, 57), (57, 90), (90, 57), (58, 65), (65, 58), (59, 62), (62, 59), (59, 82), (82, 59), (59, 91), (91, 59), (60, 71), (71, 60), (60, 87), (87, 60), (61, 69), (69, 61), (61, 100), (100, 61), (62, 85), (85, 62), (63, 73), (73, 63), (64, 74), (74, 64), (66, 73), (73, 66), (68, 86), (86, 68), (69, 72), (72, 69), (69, 75), (75, 69), (69, 100), (100, 69), (72, 75), (75, 72), (72, 77), (77, 72), (73, 96), (96, 73), (74, 82), (82, 74), (76, 81), (81, 76), (76, 87), (87, 76), (76, 90), (90, 76), (79, 83), (83, 79), (79, 85), (85, 79), (81, 86), (86, 81), (81, 91), (91, 81), (81, 93), (93, 81), (82, 85), (85, 82), (82, 91), (91, 82), (83, 88), (88, 83), (84, 85), (85, 84), (84, 88), (88, 84), (85, 92), (92, 85), (85, 100), (100, 85), (87, 95), (95, 87), (90, 94), (94, 90), (92, 93), (93, 92), (94, 96), (96, 94), (94, 99), (99, 94)]
Z_dad = [57]
Y_dad = [85]
X_dad = [10]
Z_da-ad = [27]
Y_da-ad = [94]
X_da-ad = [10]
