no              #fail
7.883           #totTm
0.403           #lastADTm
5               #itDAD
1.500           #avItADGoal
5               #itADOpt
5               #opt
5               #optDA-AD
0.478           #tmDA
0.0             #relGain

V = [1, 2, 3, 4, 5, 6, 7, 8, 9, 10, 11, 12, 13, 14, 15, 16, 17, 18, 19, 20, 21, 22, 23, 24, 25, 26, 27, 28, 29, 30, 31, 32, 33, 34, 35, 36, 37, 38, 39, 40, 41, 42, 43, 44, 45, 46, 47, 48, 49, 50, 51, 52, 53, 54, 55, 56, 57, 58, 59, 60, 61, 62, 63, 64, 65, 66, 67, 68, 69, 70, 71, 72, 73, 74, 75, 76, 77, 78, 79, 80, 81, 82, 83, 84, 85, 86, 87, 88, 89, 90, 91, 92, 93, 94, 95, 96, 97, 98, 99, 100]
A = [(1, 11), (11, 1), (1, 34), (34, 1), (1, 67), (67, 1), (1, 79), (79, 1), (1, 99), (99, 1), (2, 55), (55, 2), (2, 77), (77, 2), (2, 88), (88, 2), (2, 99), (99, 2), (3, 8), (8, 3), (3, 11), (11, 3), (3, 52), (52, 3), (3, 67), (67, 3), (3, 74), (74, 3), (4, 66), (66, 4), (4, 72), (72, 4), (4, 88), (88, 4), (5, 7), (7, 5), (5, 29), (29, 5), (5, 52), (52, 5), (5, 79), (79, 5), (6, 21), (21, 6), (6, 24), (24, 6), (6, 29), (29, 6), (6, 50), (50, 6), (6, 53), (53, 6), (6, 56), (56, 6), (6, 62), (62, 6), (7, 17), (17, 7), (7, 33), (33, 7), (8, 23), (23, 8), (8, 49), (49, 8), (8, 98), (98, 8), (9, 52), (52, 9), (9, 68), (68, 9), (10, 11), (11, 10), (10, 27), (27, 10), (10, 59), (59, 10), (10, 83), (83, 10), (11, 21), (21, 11), (11, 26), (26, 11), (11, 35), (35, 11), (11, 79), (79, 11), (12, 15), (15, 12), (12, 18), (18, 12), (12, 24), (24, 12), (12, 54), (54, 12), (12, 81), (81, 12), (12, 85), (85, 12), (12, 98), (98, 12), (13, 18), (18, 13), (13, 34), (34, 13), (13, 61), (61, 13), (13, 73), (73, 13), (13, 75), (75, 13), (13, 83), (83, 13), (14, 79), (79, 14), (15, 18), (18, 15), (15, 20), (20, 15), (15, 21), (21, 15), (15, 77), (77, 15), (15, 79), (79, 15), (15, 82), (82, 15), (15, 97), (97, 15), (15, 99), (99, 15), (16, 28), (28, 16), (16, 39), (39, 16), (16, 66), (66, 16), (16, 69), (69, 16), (16, 76), (76, 16), (16, 78), (78, 16), (17, 77), (77, 17), (17, 81), (81, 17), (18, 21), (21, 18), (18, 40), (40, 18), (18, 43), (43, 18), (18, 48), (48, 18), (19, 32), (32, 19), (19, 82), (82, 19), (19, 83), (83, 19), (19, 95), (95, 19), (19, 98), (98, 19), (20, 25), (25, 20), (20, 27), (27, 20), (20, 45), (45, 20), (20, 56), (56, 20), (20, 58), (58, 20), (20, 71), (71, 20), (21, 52), (52, 21), (21, 67), (67, 21), (21, 85), (85, 21), (21, 91), (91, 21), (22, 40), (40, 22), (22, 73), (73, 22), (22, 92), (92, 22), (23, 48), (48, 23), (23, 95), (95, 23), (24, 35), (35, 24), (24, 48), (48, 24), (24, 52), (52, 24), (24, 61), (61, 24), (24, 64), (64, 24), (24, 68), (68, 24), (24, 88), (88, 24), (25, 27), (27, 25), (25, 57), (57, 25), (25, 60), (60, 25), (26, 53), (53, 26), (26, 66), (66, 26), (26, 71), (71, 26), (26, 96), (96, 26), (27, 63), (63, 27), (27, 74), (74, 27), (27, 90), (90, 27), (27, 92), (92, 27), (27, 95), (95, 27), (27, 96), (96, 27), (28, 44), (44, 28), (28, 68), (68, 28), (28, 72), (72, 28), (28, 87), (87, 28), (28, 91), (91, 28), (29, 35), (35, 29), (29, 95), (95, 29), (29, 96), (96, 29), (30, 66), (66, 30), (31, 60), (60, 31), (31, 80), (80, 31), (31, 81), (81, 31), (31, 89), (89, 31), (32, 50), (50, 32), (32, 57), (57, 32), (32, 60), (60, 32), (32, 94), (94, 32), (33, 37), (37, 33), (33, 43), (43, 33), (33, 46), (46, 33), (33, 50), (50, 33), (33, 53), (53, 33), (33, 64), (64, 33), (33, 69), (69, 33), (33, 74), (74, 33), (33, 85), (85, 33), (33, 89), (89, 33), (33, 98), (98, 33), (34, 41), (41, 34), (34, 76), (76, 34), (35, 52), (52, 35), (35, 54), (54, 35), (36, 98), (98, 36), (37, 40), (40, 37), (37, 56), (56, 37), (37, 90), (90, 37), (38, 42), (42, 38), (39, 74), (74, 39), (40, 55), (55, 40), (40, 93), (93, 40), (41, 45), (45, 41), (41, 52), (52, 41), (41, 73), (73, 41), (42, 52), (52, 42), (42, 79), (79, 42), (43, 63), (63, 43), (43, 83), (83, 43), (44, 59), (59, 44), (45, 89), (89, 45), (45, 96), (96, 45), (45, 99), (99, 45), (45, 100), (100, 45), (46, 79), (79, 46), (46, 93), (93, 46), (47, 62), (62, 47), (47, 100), (100, 47), (48, 58), (58, 48), (48, 73), (73, 48), (48, 74), (74, 48), (48, 96), (96, 48), (48, 97), (97, 48), (49, 89), (89, 49), (50, 76), (76, 50), (50, 96), (96, 50), (50, 97), (97, 50), (51, 98), (98, 51), (52, 54), (54, 52), (52, 55), (55, 52), (52, 67), (67, 52), (52, 75), (75, 52), (52, 80), (80, 52), (53, 79), (79, 53), (53, 99), (99, 53), (53, 100), (100, 53), (54, 78), (78, 54), (54, 97), (97, 54), (56, 75), (75, 56), (56, 96), (96, 56), (57, 96), (96, 57), (58, 60), (60, 58), (58, 72), (72, 58), (60, 64), (64, 60), (61, 75), (75, 61), (61, 77), (77, 61), (61, 89), (89, 61), (62, 67), (67, 62), (62, 71), (71, 62), (62, 74), (74, 62), (62, 81), (81, 62), (63, 66), (66, 63), (63, 80), (80, 63), (63, 90), (90, 63), (64, 87), (87, 64), (65, 99), (99, 65), (66, 72), (72, 66), (66, 83), (83, 66), (68, 72), (72, 68), (68, 76), (76, 68), (68, 77), (77, 68), (68, 82), (82, 68), (68, 86), (86, 68), (68, 93), (93, 68), (69, 70), (70, 69), (69, 90), (90, 69), (69, 91), (91, 69), (71, 90), (90, 71), (71, 95), (95, 71), (72, 75), (75, 72), (72, 100), (100, 72), (73, 80), (80, 73), (73, 81), (81, 73), (74, 87), (87, 74), (74, 96), (96, 74), (75, 87), (87, 75), (76, 79), (79, 76), (78, 90), (90, 78), (81, 95), (95, 81), (81, 100), (100, 81), (84, 94), (94, 84), (85, 93), (93, 85), (85, 94), (94, 85), (85, 98), (98, 85), (86, 88), (88, 86), (86, 94), (94, 86), (88, 92), (92, 88), (88, 95), (95, 88), (90, 93), (93, 90), (93, 97), (97, 93), (94, 97), (97, 94), (96, 100), (100, 96)]
Z_dad = [98]
Y_dad = [52]
X_dad = [42]
Z_da-ad = [98]
Y_da-ad = [42]
X_da-ad = [79]
