no              #fail
2.084           #totTm
0.437           #lastADTm
3               #itDAD
1.000           #avItADGoal
5               #itADOpt
5               #opt
5               #optDA-AD
0.535           #tmDA
0.0             #relGain

V = [1, 2, 3, 4, 5, 6, 7, 8, 9, 10, 11, 12, 13, 14, 15, 16, 17, 18, 19, 20, 21, 22, 23, 24, 25, 26, 27, 28, 29, 30, 31, 32, 33, 34, 35, 36, 37, 38, 39, 40, 41, 42, 43, 44, 45, 46, 47, 48, 49, 50, 51, 52, 53, 54, 55, 56, 57, 58, 59, 60, 61, 62, 63, 64, 65, 66, 67, 68, 69, 70, 71, 72, 73, 74, 75, 76, 77, 78, 79, 80, 81, 82, 83, 84, 85, 86, 87, 88, 89, 90, 91, 92, 93, 94, 95, 96, 97, 98, 99, 100]
A = [(1, 10), (10, 1), (1, 27), (27, 1), (1, 59), (59, 1), (2, 8), (8, 2), (2, 17), (17, 2), (2, 34), (34, 2), (2, 42), (42, 2), (2, 71), (71, 2), (2, 79), (79, 2), (2, 95), (95, 2), (3, 29), (29, 3), (3, 32), (32, 3), (3, 55), (55, 3), (4, 24), (24, 4), (4, 58), (58, 4), (4, 95), (95, 4), (5, 17), (17, 5), (5, 44), (44, 5), (5, 49), (49, 5), (5, 92), (92, 5), (6, 9), (9, 6), (6, 25), (25, 6), (6, 32), (32, 6), (6, 69), (69, 6), (6, 77), (77, 6), (7, 24), (24, 7), (7, 81), (81, 7), (7, 82), (82, 7), (8, 22), (22, 8), (8, 45), (45, 8), (8, 49), (49, 8), (8, 50), (50, 8), (8, 70), (70, 8), (9, 45), (45, 9), (9, 62), (62, 9), (9, 88), (88, 9), (10, 19), (19, 10), (10, 53), (53, 10), (11, 15), (15, 11), (11, 18), (18, 11), (11, 19), (19, 11), (11, 69), (69, 11), (11, 70), (70, 11), (11, 79), (79, 11), (11, 87), (87, 11), (12, 16), (16, 12), (12, 28), (28, 12), (12, 30), (30, 12), (12, 34), (34, 12), (12, 49), (49, 12), (12, 65), (65, 12), (12, 71), (71, 12), (12, 77), (77, 12), (12, 84), (84, 12), (12, 88), (88, 12), (13, 30), (30, 13), (13, 34), (34, 13), (13, 48), (48, 13), (13, 49), (49, 13), (14, 16), (16, 14), (14, 34), (34, 14), (14, 42), (42, 14), (14, 48), (48, 14), (14, 49), (49, 14), (14, 55), (55, 14), (14, 81), (81, 14), (14, 87), (87, 14), (14, 99), (99, 14), (15, 21), (21, 15), (15, 43), (43, 15), (15, 51), (51, 15), (15, 70), (70, 15), (15, 72), (72, 15), (15, 89), (89, 15), (15, 95), (95, 15), (16, 28), (28, 16), (16, 29), (29, 16), (16, 99), (99, 16), (17, 19), (19, 17), (17, 40), (40, 17), (17, 48), (48, 17), (17, 57), (57, 17), (18, 54), (54, 18), (18, 76), (76, 18), (18, 78), (78, 18), (18, 81), (81, 18), (18, 82), (82, 18), (18, 84), (84, 18), (18, 85), (85, 18), (18, 89), (89, 18), (18, 92), (92, 18), (19, 20), (20, 19), (19, 24), (24, 19), (19, 46), (46, 19), (19, 90), (90, 19), (19, 93), (93, 19), (19, 94), (94, 19), (21, 34), (34, 21), (21, 42), (42, 21), (21, 53), (53, 21), (21, 64), (64, 21), (21, 76), (76, 21), (22, 49), (49, 22), (23, 41), (41, 23), (23, 62), (62, 23), (23, 65), (65, 23), (23, 66), (66, 23), (24, 43), (43, 24), (24, 44), (44, 24), (24, 83), (83, 24), (24, 91), (91, 24), (25, 47), (47, 25), (25, 61), (61, 25), (25, 86), (86, 25), (25, 87), (87, 25), (25, 88), (88, 25), (25, 91), (91, 25), (26, 52), (52, 26), (26, 57), (57, 26), (27, 82), (82, 27), (28, 50), (50, 28), (28, 59), (59, 28), (28, 64), (64, 28), (28, 74), (74, 28), (29, 65), (65, 29), (29, 98), (98, 29), (30, 55), (55, 30), (30, 62), (62, 30), (30, 68), (68, 30), (30, 82), (82, 30), (31, 68), (68, 31), (32, 39), (39, 32), (32, 76), (76, 32), (33, 51), (51, 33), (33, 65), (65, 33), (33, 78), (78, 33), (34, 36), (36, 34), (34, 37), (37, 34), (34, 50), (50, 34), (35, 56), (56, 35), (35, 58), (58, 35), (35, 67), (67, 35), (35, 82), (82, 35), (35, 92), (92, 35), (36, 42), (42, 36), (36, 83), (83, 36), (36, 90), (90, 36), (36, 94), (94, 36), (37, 89), (89, 37), (38, 78), (78, 38), (38, 79), (79, 38), (38, 83), (83, 38), (38, 99), (99, 38), (39, 71), (71, 39), (39, 93), (93, 39), (39, 99), (99, 39), (40, 50), (50, 40), (40, 83), (83, 40), (41, 52), (52, 41), (41, 53), (53, 41), (41, 79), (79, 41), (41, 83), (83, 41), (41, 98), (98, 41), (42, 45), (45, 42), (42, 88), (88, 42), (43, 58), (58, 43), (43, 85), (85, 43), (43, 88), (88, 43), (44, 100), (100, 44), (45, 93), (93, 45), (46, 53), (53, 46), (46, 84), (84, 46), (48, 54), (54, 48), (48, 83), (83, 48), (49, 57), (57, 49), (49, 58), (58, 49), (49, 63), (63, 49), (49, 90), (90, 49), (49, 96), (96, 49), (50, 69), (69, 50), (50, 82), (82, 50), (50, 86), (86, 50), (52, 54), (54, 52), (52, 55), (55, 52), (52, 87), (87, 52), (52, 94), (94, 52), (53, 66), (66, 53), (53, 91), (91, 53), (55, 87), (87, 55), (56, 78), (78, 56), (56, 89), (89, 56), (57, 66), (66, 57), (57, 99), (99, 57), (58, 59), (59, 58), (58, 66), (66, 58), (59, 83), (83, 59), (59, 86), (86, 59), (59, 90), (90, 59), (61, 88), (88, 61), (62, 67), (67, 62), (62, 68), (68, 62), (63, 68), (68, 63), (63, 74), (74, 63), (63, 82), (82, 63), (63, 94), (94, 63), (64, 89), (89, 64), (65, 90), (90, 65), (65, 95), (95, 65), (66, 76), (76, 66), (68, 71), (71, 68), (68, 76), (76, 68), (68, 90), (90, 68), (68, 94), (94, 68), (68, 95), (95, 68), (68, 97), (97, 68), (69, 76), (76, 69), (69, 78), (78, 69), (70, 85), (85, 70), (70, 88), (88, 70), (70, 97), (97, 70), (71, 80), (80, 71), (71, 82), (82, 71), (73, 74), (74, 73), (73, 93), (93, 73), (75, 80), (80, 75), (75, 92), (92, 75), (76, 89), (89, 76), (79, 96), (96, 79), (80, 88), (88, 80), (80, 92), (92, 80), (81, 82), (82, 81), (81, 88), (88, 81), (81, 92), (92, 81), (82, 86), (86, 82), (82, 94), (94, 82), (83, 86), (86, 83), (83, 95), (95, 83), (83, 96), (96, 83), (84, 97), (97, 84), (86, 93), (93, 86), (86, 97), (97, 86), (88, 89), (89, 88), (88, 92), (92, 88), (89, 93), (93, 89), (92, 94), (94, 92), (93, 95), (95, 93), (94, 96), (96, 94)]
Z_dad = [25]
Y_dad = [82]
X_dad = [68]
Z_da-ad = [44]
Y_da-ad = [25]
X_da-ad = [15]
