no              #fail
2.041           #totTm
0.584           #lastADTm
3               #itDAD
1.000           #avItADGoal
5               #itADOpt
5               #opt
5               #optDA-AD
0.507           #tmDA
0.0             #relGain

V = [1, 2, 3, 4, 5, 6, 7, 8, 9, 10, 11, 12, 13, 14, 15, 16, 17, 18, 19, 20, 21, 22, 23, 24, 25, 26, 27, 28, 29, 30, 31, 32, 33, 34, 35, 36, 37, 38, 39, 40, 41, 42, 43, 44, 45, 46, 47, 48, 49, 50, 51, 52, 53, 54, 55, 56, 57, 58, 59, 60, 61, 62, 63, 64, 65, 66, 67, 68, 69, 70, 71, 72, 73, 74, 75, 76, 77, 78, 79, 80, 81, 82, 83, 84, 85, 86, 87, 88, 89, 90, 91, 92, 93, 94, 95, 96, 97, 98, 99, 100]
A = [(1, 6), (6, 1), (1, 24), (24, 1), (1, 43), (43, 1), (1, 49), (49, 1), (2, 8), (8, 2), (2, 18), (18, 2), (2, 26), (26, 2), (2, 39), (39, 2), (2, 86), (86, 2), (2, 90), (90, 2), (3, 9), (9, 3), (3, 11), (11, 3), (3, 52), (52, 3), (3, 96), (96, 3), (4, 8), (8, 4), (4, 52), (52, 4), (4, 74), (74, 4), (4, 90), (90, 4), (5, 45), (45, 5), (5, 57), (57, 5), (6, 10), (10, 6), (6, 29), (29, 6), (6, 31), (31, 6), (6, 49), (49, 6), (6, 75), (75, 6), (6, 92), (92, 6), (7, 25), (25, 7), (7, 40), (40, 7), (7, 99), (99, 7), (8, 10), (10, 8), (8, 72), (72, 8), (8, 74), (74, 8), (8, 79), (79, 8), (8, 93), (93, 8), (9, 12), (12, 9), (9, 24), (24, 9), (9, 25), (25, 9), (9, 41), (41, 9), (9, 58), (58, 9), (9, 64), (64, 9), (9, 79), (79, 9), (9, 85), (85, 9), (9, 100), (100, 9), (10, 20), (20, 10), (10, 32), (32, 10), (10, 63), (63, 10), (11, 56), (56, 11), (11, 73), (73, 11), (11, 89), (89, 11), (12, 40), (40, 12), (12, 48), (48, 12), (12, 81), (81, 12), (13, 43), (43, 13), (13, 58), (58, 13), (13, 69), (69, 13), (13, 73), (73, 13), (13, 98), (98, 13), (14, 79), (79, 14), (15, 27), (27, 15), (15, 31), (31, 15), (15, 33), (33, 15), (15, 41), (41, 15), (15, 73), (73, 15), (16, 44), (44, 16), (16, 88), (88, 16), (16, 92), (92, 16), (17, 24), (24, 17), (17, 28), (28, 17), (17, 32), (32, 17), (17, 51), (51, 17), (17, 80), (80, 17), (17, 84), (84, 17), (17, 91), (91, 17), (17, 95), (95, 17), (18, 28), (28, 18), (18, 50), (50, 18), (18, 51), (51, 18), (18, 80), (80, 18), (18, 93), (93, 18), (18, 96), (96, 18), (19, 27), (27, 19), (19, 28), (28, 19), (19, 71), (71, 19), (19, 79), (79, 19), (20, 54), (54, 20), (20, 99), (99, 20), (21, 27), (27, 21), (21, 58), (58, 21), (21, 63), (63, 21), (21, 75), (75, 21), (21, 76), (76, 21), (22, 31), (31, 22), (22, 43), (43, 22), (22, 56), (56, 22), (23, 53), (53, 23), (23, 82), (82, 23), (23, 94), (94, 23), (24, 53), (53, 24), (24, 65), (65, 24), (24, 66), (66, 24), (24, 74), (74, 24), (25, 39), (39, 25), (25, 47), (47, 25), (25, 71), (71, 25), (25, 83), (83, 25), (25, 87), (87, 25), (26, 33), (33, 26), (26, 46), (46, 26), (26, 98), (98, 26), (27, 54), (54, 27), (27, 74), (74, 27), (27, 82), (82, 27), (27, 93), (93, 27), (28, 45), (45, 28), (28, 47), (47, 28), (28, 85), (85, 28), (28, 94), (94, 28), (28, 99), (99, 28), (29, 64), (64, 29), (29, 65), (65, 29), (29, 66), (66, 29), (29, 68), (68, 29), (29, 92), (92, 29), (30, 68), (68, 30), (30, 75), (75, 30), (31, 49), (49, 31), (32, 47), (47, 32), (32, 56), (56, 32), (32, 92), (92, 32), (33, 56), (56, 33), (33, 92), (92, 33), (34, 71), (71, 34), (35, 51), (51, 35), (35, 59), (59, 35), (35, 75), (75, 35), (35, 89), (89, 35), (35, 92), (92, 35), (36, 44), (44, 36), (36, 71), (71, 36), (37, 38), (38, 37), (37, 86), (86, 37), (39, 41), (41, 39), (39, 62), (62, 39), (39, 84), (84, 39), (39, 92), (92, 39), (40, 53), (53, 40), (40, 70), (70, 40), (40, 95), (95, 40), (41, 48), (48, 41), (41, 52), (52, 41), (41, 82), (82, 41), (42, 69), (69, 42), (42, 94), (94, 42), (44, 67), (67, 44), (45, 47), (47, 45), (45, 94), (94, 45), (45, 100), (100, 45), (46, 57), (57, 46), (46, 64), (64, 46), (46, 83), (83, 46), (46, 98), (98, 46), (47, 64), (64, 47), (47, 79), (79, 47), (47, 86), (86, 47), (47, 90), (90, 47), (48, 60), (60, 48), (49, 56), (56, 49), (50, 59), (59, 50), (50, 63), (63, 50), (50, 81), (81, 50), (50, 84), (84, 50), (51, 77), (77, 51), (51, 91), (91, 51), (51, 99), (99, 51), (52, 57), (57, 52), (52, 71), (71, 52), (52, 91), (91, 52), (53, 86), (86, 53), (53, 97), (97, 53), (54, 78), (78, 54), (54, 82), (82, 54), (54, 89), (89, 54), (54, 99), (99, 54), (55, 76), (76, 55), (55, 87), (87, 55), (56, 63), (63, 56), (56, 69), (69, 56), (56, 70), (70, 56), (56, 90), (90, 56), (56, 91), (91, 56), (56, 95), (95, 56), (57, 88), (88, 57), (57, 94), (94, 57), (58, 73), (73, 58), (58, 76), (76, 58), (58, 80), (80, 58), (58, 84), (84, 58), (58, 88), (88, 58), (59, 72), (72, 59), (59, 83), (83, 59), (60, 67), (67, 60), (60, 91), (91, 60), (61, 66), (66, 61), (61, 73), (73, 61), (61, 77), (77, 61), (61, 80), (80, 61), (61, 81), (81, 61), (62, 74), (74, 62), (62, 86), (86, 62), (63, 75), (75, 63), (64, 70), (70, 64), (65, 75), (75, 65), (66, 91), (91, 66), (67, 79), (79, 67), (67, 83), (83, 67), (68, 81), (81, 68), (69, 81), (81, 69), (69, 99), (99, 69), (70, 100), (100, 70), (72, 74), (74, 72), (72, 75), (75, 72), (74, 80), (80, 74), (75, 85), (85, 75), (75, 87), (87, 75), (75, 100), (100, 75), (76, 90), (90, 76), (76, 93), (93, 76), (77, 79), (79, 77), (77, 98), (98, 77), (78, 91), (91, 78), (79, 100), (100, 79), (81, 86), (86, 81), (82, 84), (84, 82), (82, 87), (87, 82), (82, 88), (88, 82), (84, 95), (95, 84), (85, 86), (86, 85), (85, 97), (97, 85), (86, 91), (91, 86), (86, 100), (100, 86), (87, 92), (92, 87), (87, 93), (93, 87), (90, 91), (91, 90), (91, 92), (92, 91), (91, 99), (99, 91), (92, 96), (96, 92), (93, 94), (94, 93)]
Z_dad = [86]
Y_dad = [56]
X_dad = [71]
Z_da-ad = [86]
Y_da-ad = [8]
X_da-ad = [79]
