no              #fail
2.015           #totTm
0.541           #lastADTm
3               #itDAD
1.000           #avItADGoal
4               #itADOpt
4               #opt
4               #optDA-AD
0.509           #tmDA
0.0             #relGain

V = [1, 2, 3, 4, 5, 6, 7, 8, 9, 10, 11, 12, 13, 14, 15, 16, 17, 18, 19, 20, 21, 22, 23, 24, 25, 26, 27, 28, 29, 30, 31, 32, 33, 34, 35, 36, 37, 38, 39, 40, 41, 42, 43, 44, 45, 46, 47, 48, 49, 50, 51, 52, 53, 54, 55, 56, 57, 58, 59, 60, 61, 62, 63, 64, 65, 66, 67, 68, 69, 70, 71, 72, 73, 74, 75, 76, 77, 78, 79, 80, 81, 82, 83, 84, 85, 86, 87, 88, 89, 90, 91, 92, 93, 94, 95, 96, 97, 98, 99, 100]
A = [(1, 24), (24, 1), (1, 72), (72, 1), (1, 89), (89, 1), (2, 7), (7, 2), (2, 37), (37, 2), (2, 67), (67, 2), (2, 92), (92, 2), (3, 5), (5, 3), (3, 8), (8, 3), (3, 18), (18, 3), (3, 20), (20, 3), (3, 29), (29, 3), (3, 84), (84, 3), (3, 99), (99, 3), (4, 6), (6, 4), (4, 18), (18, 4), (4, 50), (50, 4), (4, 98), (98, 4), (5, 30), (30, 5), (5, 48), (48, 5), (5, 50), (50, 5), (5, 55), (55, 5), (5, 60), (60, 5), (6, 8), (8, 6), (6, 49), (49, 6), (6, 59), (59, 6), (6, 63), (63, 6), (6, 67), (67, 6), (6, 94), (94, 6), (7, 33), (33, 7), (7, 48), (48, 7), (7, 54), (54, 7), (7, 70), (70, 7), (7, 84), (84, 7), (7, 85), (85, 7), (8, 21), (21, 8), (8, 22), (22, 8), (8, 39), (39, 8), (8, 57), (57, 8), (8, 64), (64, 8), (8, 86), (86, 8), (8, 97), (97, 8), (9, 11), (11, 9), (9, 65), (65, 9), (9, 95), (95, 9), (10, 26), (26, 10), (10, 52), (52, 10), (10, 73), (73, 10), (11, 43), (43, 11), (12, 25), (25, 12), (12, 50), (50, 12), (12, 76), (76, 12), (12, 83), (83, 12), (12, 85), (85, 12), (13, 48), (48, 13), (13, 72), (72, 13), (13, 76), (76, 13), (13, 95), (95, 13), (14, 49), (49, 14), (14, 63), (63, 14), (14, 73), (73, 14), (14, 91), (91, 14), (15, 23), (23, 15), (16, 17), (17, 16), (16, 44), (44, 16), (17, 26), (26, 17), (17, 54), (54, 17), (17, 63), (63, 17), (17, 70), (70, 17), (17, 75), (75, 17), (18, 20), (20, 18), (18, 58), (58, 18), (18, 59), (59, 18), (18, 73), (73, 18), (19, 42), (42, 19), (19, 61), (61, 19), (19, 69), (69, 19), (20, 56), (56, 20), (20, 70), (70, 20), (20, 72), (72, 20), (20, 76), (76, 20), (20, 91), (91, 20), (21, 38), (38, 21), (21, 45), (45, 21), (21, 46), (46, 21), (21, 82), (82, 21), (22, 40), (40, 22), (22, 63), (63, 22), (22, 66), (66, 22), (22, 78), (78, 22), (22, 87), (87, 22), (23, 27), (27, 23), (23, 40), (40, 23), (23, 47), (47, 23), (23, 48), (48, 23), (24, 74), (74, 24), (24, 78), (78, 24), (24, 89), (89, 24), (25, 28), (28, 25), (25, 38), (38, 25), (25, 43), (43, 25), (25, 88), (88, 25), (26, 52), (52, 26), (26, 91), (91, 26), (27, 54), (54, 27), (28, 64), (64, 28), (28, 80), (80, 28), (29, 32), (32, 29), (29, 50), (50, 29), (29, 52), (52, 29), (29, 62), (62, 29), (29, 74), (74, 29), (29, 96), (96, 29), (30, 75), (75, 30), (30, 79), (79, 30), (31, 36), (36, 31), (31, 45), (45, 31), (31, 47), (47, 31), (31, 54), (54, 31), (31, 59), (59, 31), (31, 64), (64, 31), (31, 65), (65, 31), (31, 80), (80, 31), (31, 96), (96, 31), (32, 78), (78, 32), (33, 39), (39, 33), (33, 56), (56, 33), (33, 69), (69, 33), (33, 73), (73, 33), (33, 86), (86, 33), (34, 44), (44, 34), (34, 46), (46, 34), (34, 52), (52, 34), (34, 71), (71, 34), (34, 88), (88, 34), (35, 38), (38, 35), (35, 42), (42, 35), (35, 47), (47, 35), (35, 58), (58, 35), (35, 63), (63, 35), (35, 80), (80, 35), (36, 42), (42, 36), (36, 45), (45, 36), (36, 100), (100, 36), (37, 42), (42, 37), (37, 47), (47, 37), (37, 51), (51, 37), (37, 96), (96, 37), (37, 100), (100, 37), (38, 65), (65, 38), (38, 66), (66, 38), (38, 72), (72, 38), (38, 82), (82, 38), (38, 93), (93, 38), (39, 77), (77, 39), (39, 89), (89, 39), (39, 92), (92, 39), (40, 46), (46, 40), (40, 70), (70, 40), (41, 46), (46, 41), (41, 74), (74, 41), (43, 73), (73, 43), (44, 76), (76, 44), (44, 87), (87, 44), (45, 75), (75, 45), (46, 51), (51, 46), (46, 79), (79, 46), (46, 88), (88, 46), (47, 51), (51, 47), (47, 68), (68, 47), (47, 85), (85, 47), (47, 92), (92, 47), (47, 99), (99, 47), (48, 57), (57, 48), (48, 79), (79, 48), (48, 84), (84, 48), (49, 59), (59, 49), (49, 74), (74, 49), (49, 78), (78, 49), (49, 91), (91, 49), (49, 97), (97, 49), (50, 79), (79, 50), (50, 81), (81, 50), (50, 88), (88, 50), (51, 55), (55, 51), (51, 56), (56, 51), (51, 97), (97, 51), (51, 99), (99, 51), (52, 73), (73, 52), (52, 77), (77, 52), (52, 87), (87, 52), (53, 96), (96, 53), (54, 92), (92, 54), (55, 66), (66, 55), (55, 85), (85, 55), (55, 96), (96, 55), (56, 63), (63, 56), (56, 90), (90, 56), (59, 72), (72, 59), (60, 98), (98, 60), (60, 99), (99, 60), (61, 80), (80, 61), (61, 92), (92, 61), (61, 93), (93, 61), (63, 90), (90, 63), (63, 92), (92, 63), (64, 70), (70, 64), (64, 84), (84, 64), (64, 91), (91, 64), (65, 68), (68, 65), (65, 71), (71, 65), (65, 86), (86, 65), (66, 82), (82, 66), (66, 83), (83, 66), (68, 71), (71, 68), (68, 92), (92, 68), (69, 84), (84, 69), (69, 86), (86, 69), (70, 73), (73, 70), (71, 80), (80, 71), (73, 78), (78, 73), (73, 92), (92, 73), (74, 77), (77, 74), (74, 96), (96, 74), (75, 82), (82, 75), (75, 86), (86, 75), (75, 87), (87, 75), (75, 88), (88, 75), (76, 78), (78, 76), (76, 84), (84, 76), (77, 100), (100, 77), (78, 94), (94, 78), (79, 92), (92, 79), (80, 85), (85, 80), (80, 90), (90, 80), (81, 90), (90, 81), (83, 94), (94, 83), (84, 93), (93, 84), (85, 90), (90, 85), (85, 98), (98, 85), (86, 89), (89, 86), (87, 96), (96, 87), (88, 94), (94, 88), (89, 97), (97, 89), (91, 99), (99, 91), (92, 93), (93, 92), (93, 99), (99, 93)]
Z_dad = [23]
Y_dad = [92]
X_dad = [54]
Z_da-ad = [23]
Y_da-ad = [29]
X_da-ad = [96]
