no              #fail
2.367           #totTm
0.433           #lastADTm
3               #itDAD
1.000           #avItADGoal
5               #itADOpt
5               #opt
5               #optDA-AD
0.482           #tmDA
0.0             #relGain

V = [1, 2, 3, 4, 5, 6, 7, 8, 9, 10, 11, 12, 13, 14, 15, 16, 17, 18, 19, 20, 21, 22, 23, 24, 25, 26, 27, 28, 29, 30, 31, 32, 33, 34, 35, 36, 37, 38, 39, 40, 41, 42, 43, 44, 45, 46, 47, 48, 49, 50, 51, 52, 53, 54, 55, 56, 57, 58, 59, 60, 61, 62, 63, 64, 65, 66, 67, 68, 69, 70, 71, 72, 73, 74, 75, 76, 77, 78, 79, 80, 81, 82, 83, 84, 85, 86, 87, 88, 89, 90, 91, 92, 93, 94, 95, 96, 97, 98, 99, 100]
A = [(1, 9), (9, 1), (1, 27), (27, 1), (1, 31), (31, 1), (1, 94), (94, 1), (1, 96), (96, 1), (2, 22), (22, 2), (2, 23), (23, 2), (2, 36), (36, 2), (2, 38), (38, 2), (2, 46), (46, 2), (2, 75), (75, 2), (2, 90), (90, 2), (3, 9), (9, 3), (3, 34), (34, 3), (3, 38), (38, 3), (3, 83), (83, 3), (4, 16), (16, 4), (4, 46), (46, 4), (4, 92), (92, 4), (4, 94), (94, 4), (5, 6), (6, 5), (5, 20), (20, 5), (5, 27), (27, 5), (5, 43), (43, 5), (5, 100), (100, 5), (6, 46), (46, 6), (6, 52), (52, 6), (7, 8), (8, 7), (7, 11), (11, 7), (7, 38), (38, 7), (7, 48), (48, 7), (8, 71), (71, 8), (8, 94), (94, 8), (9, 18), (18, 9), (9, 32), (32, 9), (9, 59), (59, 9), (9, 62), (62, 9), (9, 63), (63, 9), (9, 79), (79, 9), (9, 88), (88, 9), (10, 38), (38, 10), (10, 75), (75, 10), (10, 76), (76, 10), (10, 86), (86, 10), (10, 92), (92, 10), (11, 21), (21, 11), (11, 33), (33, 11), (11, 53), (53, 11), (11, 75), (75, 11), (11, 78), (78, 11), (11, 99), (99, 11), (12, 29), (29, 12), (12, 38), (38, 12), (12, 40), (40, 12), (12, 51), (51, 12), (12, 86), (86, 12), (13, 16), (16, 13), (13, 40), (40, 13), (14, 19), (19, 14), (14, 50), (50, 14), (14, 51), (51, 14), (14, 59), (59, 14), (14, 64), (64, 14), (14, 77), (77, 14), (14, 82), (82, 14), (14, 88), (88, 14), (14, 97), (97, 14), (15, 20), (20, 15), (15, 33), (33, 15), (15, 41), (41, 15), (16, 36), (36, 16), (16, 38), (38, 16), (16, 41), (41, 16), (16, 43), (43, 16), (16, 100), (100, 16), (17, 54), (54, 17), (17, 60), (60, 17), (17, 89), (89, 17), (17, 93), (93, 17), (18, 74), (74, 18), (18, 94), (94, 18), (18, 99), (99, 18), (19, 62), (62, 19), (19, 72), (72, 19), (20, 23), (23, 20), (20, 57), (57, 20), (20, 58), (58, 20), (20, 64), (64, 20), (21, 22), (22, 21), (21, 44), (44, 21), (21, 57), (57, 21), (21, 73), (73, 21), (21, 93), (93, 21), (21, 96), (96, 21), (22, 34), (34, 22), (22, 40), (40, 22), (22, 49), (49, 22), (22, 75), (75, 22), (23, 41), (41, 23), (23, 61), (61, 23), (23, 89), (89, 23), (24, 45), (45, 24), (24, 94), (94, 24), (25, 69), (69, 25), (25, 73), (73, 25), (25, 93), (93, 25), (26, 38), (38, 26), (26, 51), (51, 26), (26, 72), (72, 26), (26, 77), (77, 26), (26, 97), (97, 26), (27, 41), (41, 27), (28, 38), (38, 28), (28, 40), (40, 28), (28, 41), (41, 28), (28, 60), (60, 28), (28, 73), (73, 28), (28, 87), (87, 28), (29, 64), (64, 29), (29, 70), (70, 29), (29, 80), (80, 29), (29, 82), (82, 29), (29, 89), (89, 29), (30, 60), (60, 30), (30, 65), (65, 30), (30, 72), (72, 30), (30, 96), (96, 30), (30, 97), (97, 30), (30, 99), (99, 30), (31, 48), (48, 31), (31, 82), (82, 31), (32, 66), (66, 32), (32, 92), (92, 32), (32, 97), (97, 32), (33, 37), (37, 33), (33, 59), (59, 33), (33, 70), (70, 33), (33, 72), (72, 33), (33, 85), (85, 33), (34, 61), (61, 34), (34, 68), (68, 34), (34, 69), (69, 34), (34, 86), (86, 34), (34, 87), (87, 34), (34, 99), (99, 34), (35, 66), (66, 35), (35, 82), (82, 35), (35, 100), (100, 35), (36, 61), (61, 36), (36, 66), (66, 36), (36, 96), (96, 36), (37, 65), (65, 37), (37, 82), (82, 37), (38, 50), (50, 38), (38, 56), (56, 38), (38, 76), (76, 38), (38, 77), (77, 38), (38, 78), (78, 38), (38, 79), (79, 38), (38, 99), (99, 38), (39, 64), (64, 39), (39, 72), (72, 39), (39, 83), (83, 39), (39, 90), (90, 39), (39, 91), (91, 39), (40, 63), (63, 40), (40, 96), (96, 40), (41, 76), (76, 41), (41, 84), (84, 41), (42, 48), (48, 42), (42, 51), (51, 42), (42, 67), (67, 42), (43, 62), (62, 43), (43, 94), (94, 43), (45, 46), (46, 45), (45, 52), (52, 45), (45, 55), (55, 45), (45, 60), (60, 45), (45, 62), (62, 45), (45, 63), (63, 45), (45, 96), (96, 45), (46, 50), (50, 46), (46, 53), (53, 46), (46, 60), (60, 46), (46, 64), (64, 46), (46, 77), (77, 46), (46, 82), (82, 46), (47, 51), (51, 47), (47, 67), (67, 47), (47, 72), (72, 47), (47, 88), (88, 47), (47, 92), (92, 47), (47, 95), (95, 47), (48, 50), (50, 48), (48, 80), (80, 48), (48, 88), (88, 48), (48, 100), (100, 48), (49, 52), (52, 49), (49, 57), (57, 49), (51, 61), (61, 51), (51, 71), (71, 51), (52, 74), (74, 52), (52, 77), (77, 52), (53, 64), (64, 53), (54, 61), (61, 54), (54, 68), (68, 54), (55, 63), (63, 55), (55, 99), (99, 55), (56, 59), (59, 56), (56, 62), (62, 56), (56, 63), (63, 56), (57, 72), (72, 57), (57, 80), (80, 57), (57, 83), (83, 57), (57, 89), (89, 57), (58, 90), (90, 58), (58, 94), (94, 58), (60, 62), (62, 60), (60, 90), (90, 60), (61, 89), (89, 61), (62, 65), (65, 62), (63, 74), (74, 63), (63, 76), (76, 63), (63, 92), (92, 63), (64, 71), (71, 64), (65, 91), (91, 65), (65, 94), (94, 65), (68, 87), (87, 68), (69, 76), (76, 69), (69, 98), (98, 69), (69, 100), (100, 69), (70, 83), (83, 70), (71, 99), (99, 71), (72, 79), (79, 72), (73, 92), (92, 73), (77, 96), (96, 77), (78, 80), (80, 78), (78, 87), (87, 78), (78, 88), (88, 78), (79, 92), (92, 79), (80, 83), (83, 80), (85, 90), (90, 85), (88, 99), (99, 88), (89, 93), (93, 89), (90, 96), (96, 90), (91, 95), (95, 91), (92, 94), (94, 92)]
Z_dad = [41]
Y_dad = [38]
X_dad = [21]
Z_da-ad = [41]
Y_da-ad = [69]
X_da-ad = [21]
