no              #fail
2.612           #totTm
0.555           #lastADTm
3               #itDAD
1.000           #avItADGoal
4               #itADOpt
4               #opt
4               #optDA-AD
0.432           #tmDA
0.0             #relGain

V = [1, 2, 3, 4, 5, 6, 7, 8, 9, 10, 11, 12, 13, 14, 15, 16, 17, 18, 19, 20, 21, 22, 23, 24, 25, 26, 27, 28, 29, 30, 31, 32, 33, 34, 35, 36, 37, 38, 39, 40, 41, 42, 43, 44, 45, 46, 47, 48, 49, 50, 51, 52, 53, 54, 55, 56, 57, 58, 59, 60, 61, 62, 63, 64, 65, 66, 67, 68, 69, 70, 71, 72, 73, 74, 75, 76, 77, 78, 79, 80, 81, 82, 83, 84, 85, 86, 87, 88, 89, 90, 91, 92, 93, 94, 95, 96, 97, 98, 99, 100]
A = [(1, 3), (3, 1), (1, 25), (25, 1), (1, 47), (47, 1), (1, 71), (71, 1), (1, 79), (79, 1), (1, 81), (81, 1), (1, 84), (84, 1), (1, 100), (100, 1), (2, 97), (97, 2), (3, 4), (4, 3), (3, 60), (60, 3), (3, 64), (64, 3), (3, 75), (75, 3), (4, 39), (39, 4), (4, 51), (51, 4), (4, 66), (66, 4), (4, 67), (67, 4), (4, 76), (76, 4), (5, 15), (15, 5), (5, 25), (25, 5), (5, 30), (30, 5), (5, 60), (60, 5), (5, 81), (81, 5), (5, 87), (87, 5), (6, 24), (24, 6), (6, 57), (57, 6), (6, 66), (66, 6), (6, 71), (71, 6), (6, 84), (84, 6), (7, 27), (27, 7), (7, 44), (44, 7), (7, 56), (56, 7), (8, 9), (9, 8), (8, 18), (18, 8), (8, 30), (30, 8), (8, 49), (49, 8), (9, 94), (94, 9), (10, 17), (17, 10), (11, 61), (61, 11), (11, 79), (79, 11), (12, 25), (25, 12), (12, 44), (44, 12), (12, 74), (74, 12), (12, 78), (78, 12), (13, 37), (37, 13), (13, 96), (96, 13), (13, 100), (100, 13), (14, 17), (17, 14), (14, 20), (20, 14), (14, 23), (23, 14), (14, 29), (29, 14), (14, 41), (41, 14), (14, 56), (56, 14), (14, 64), (64, 14), (14, 72), (72, 14), (15, 19), (19, 15), (15, 29), (29, 15), (15, 73), (73, 15), (15, 89), (89, 15), (15, 98), (98, 15), (16, 19), (19, 16), (16, 62), (62, 16), (16, 65), (65, 16), (16, 67), (67, 16), (17, 63), (63, 17), (17, 77), (77, 17), (17, 90), (90, 17), (18, 21), (21, 18), (18, 23), (23, 18), (18, 58), (58, 18), (19, 46), (46, 19), (19, 51), (51, 19), (19, 56), (56, 19), (19, 67), (67, 19), (19, 97), (97, 19), (20, 33), (33, 20), (20, 49), (49, 20), (20, 88), (88, 20), (21, 32), (32, 21), (22, 26), (26, 22), (22, 33), (33, 22), (22, 42), (42, 22), (22, 64), (64, 22), (22, 77), (77, 22), (23, 24), (24, 23), (23, 37), (37, 23), (23, 63), (63, 23), (23, 69), (69, 23), (23, 70), (70, 23), (23, 87), (87, 23), (23, 94), (94, 23), (24, 78), (78, 24), (24, 85), (85, 24), (24, 97), (97, 24), (25, 67), (67, 25), (25, 91), (91, 25), (25, 96), (96, 25), (25, 100), (100, 25), (26, 35), (35, 26), (26, 62), (62, 26), (27, 33), (33, 27), (27, 48), (48, 27), (27, 79), (79, 27), (27, 82), (82, 27), (28, 30), (30, 28), (28, 39), (39, 28), (28, 68), (68, 28), (28, 72), (72, 28), (28, 90), (90, 28), (28, 96), (96, 28), (29, 56), (56, 29), (29, 70), (70, 29), (30, 39), (39, 30), (30, 45), (45, 30), (30, 52), (52, 30), (30, 74), (74, 30), (30, 80), (80, 30), (31, 33), (33, 31), (31, 39), (39, 31), (32, 39), (39, 32), (32, 78), (78, 32), (32, 87), (87, 32), (32, 88), (88, 32), (32, 100), (100, 32), (33, 52), (52, 33), (33, 76), (76, 33), (33, 94), (94, 33), (34, 57), (57, 34), (34, 75), (75, 34), (34, 99), (99, 34), (35, 58), (58, 35), (35, 63), (63, 35), (36, 44), (44, 36), (36, 47), (47, 36), (36, 85), (85, 36), (37, 43), (43, 37), (37, 53), (53, 37), (37, 86), (86, 37), (38, 59), (59, 38), (38, 69), (69, 38), (39, 61), (61, 39), (39, 65), (65, 39), (39, 69), (69, 39), (39, 76), (76, 39), (39, 79), (79, 39), (40, 95), (95, 40), (41, 50), (50, 41), (41, 64), (64, 41), (41, 88), (88, 41), (41, 94), (94, 41), (41, 97), (97, 41), (42, 51), (51, 42), (42, 61), (61, 42), (42, 69), (69, 42), (43, 49), (49, 43), (43, 71), (71, 43), (43, 93), (93, 43), (43, 96), (96, 43), (44, 60), (60, 44), (44, 63), (63, 44), (45, 64), (64, 45), (45, 66), (66, 45), (45, 76), (76, 45), (45, 91), (91, 45), (46, 53), (53, 46), (46, 65), (65, 46), (46, 74), (74, 46), (46, 78), (78, 46), (46, 82), (82, 46), (46, 92), (92, 46), (46, 99), (99, 46), (47, 56), (56, 47), (48, 49), (49, 48), (48, 51), (51, 48), (48, 56), (56, 48), (48, 59), (59, 48), (49, 73), (73, 49), (49, 75), (75, 49), (49, 80), (80, 49), (50, 69), (69, 50), (50, 76), (76, 50), (51, 61), (61, 51), (51, 68), (68, 51), (52, 89), (89, 52), (52, 96), (96, 52), (53, 56), (56, 53), (53, 57), (57, 53), (53, 63), (63, 53), (53, 74), (74, 53), (53, 89), (89, 53), (54, 70), (70, 54), (54, 74), (74, 54), (54, 77), (77, 54), (55, 56), (56, 55), (55, 78), (78, 55), (56, 62), (62, 56), (56, 69), (69, 56), (57, 66), (66, 57), (57, 93), (93, 57), (57, 98), (98, 57), (58, 69), (69, 58), (58, 72), (72, 58), (58, 84), (84, 58), (59, 68), (68, 59), (59, 73), (73, 59), (59, 82), (82, 59), (61, 74), (74, 61), (61, 89), (89, 61), (61, 92), (92, 61), (62, 68), (68, 62), (62, 88), (88, 62), (62, 94), (94, 62), (64, 81), (81, 64), (64, 99), (99, 64), (65, 73), (73, 65), (66, 70), (70, 66), (66, 95), (95, 66), (67, 73), (73, 67), (67, 80), (80, 67), (67, 90), (90, 67), (68, 75), (75, 68), (68, 86), (86, 68), (69, 84), (84, 69), (70, 71), (71, 70), (70, 93), (93, 70), (71, 97), (97, 71), (72, 76), (76, 72), (72, 85), (85, 72), (72, 92), (92, 72), (72, 96), (96, 72), (73, 80), (80, 73), (76, 90), (90, 76), (78, 92), (92, 78), (78, 94), (94, 78), (81, 92), (92, 81), (82, 90), (90, 82), (83, 88), (88, 83), (83, 90), (90, 83), (83, 100), (100, 83), (84, 95), (95, 84), (86, 87), (87, 86), (86, 99), (99, 86), (88, 94), (94, 88), (91, 99), (99, 91), (92, 95), (95, 92), (93, 100), (100, 93), (94, 96), (96, 94)]
Z_dad = [17]
Y_dad = [56]
X_dad = [97]
Z_da-ad = [95]
Y_da-ad = [97]
X_da-ad = [17]
