no              #fail
9.016           #totTm
0.398           #lastADTm
5               #itDAD
1.500           #avItADGoal
5               #itADOpt
5               #opt
5               #optDA-AD
0.49            #tmDA
0.0             #relGain

V = [1, 2, 3, 4, 5, 6, 7, 8, 9, 10, 11, 12, 13, 14, 15, 16, 17, 18, 19, 20, 21, 22, 23, 24, 25, 26, 27, 28, 29, 30, 31, 32, 33, 34, 35, 36, 37, 38, 39, 40, 41, 42, 43, 44, 45, 46, 47, 48, 49, 50, 51, 52, 53, 54, 55, 56, 57, 58, 59, 60, 61, 62, 63, 64, 65, 66, 67, 68, 69, 70, 71, 72, 73, 74, 75, 76, 77, 78, 79, 80, 81, 82, 83, 84, 85, 86, 87, 88, 89, 90, 91, 92, 93, 94, 95, 96, 97, 98, 99, 100]
A = [(1, 57), (57, 1), (1, 58), (58, 1), (1, 61), (61, 1), (1, 66), (66, 1), (1, 81), (81, 1), (1, 94), (94, 1), (2, 11), (11, 2), (2, 42), (42, 2), (2, 71), (71, 2), (3, 69), (69, 3), (3, 86), (86, 3), (3, 90), (90, 3), (4, 25), (25, 4), (4, 44), (44, 4), (4, 48), (48, 4), (4, 85), (85, 4), (5, 97), (97, 5), (6, 70), (70, 6), (7, 17), (17, 7), (7, 23), (23, 7), (7, 50), (50, 7), (8, 12), (12, 8), (8, 33), (33, 8), (8, 58), (58, 8), (8, 63), (63, 8), (8, 86), (86, 8), (9, 31), (31, 9), (10, 21), (21, 10), (10, 37), (37, 10), (10, 43), (43, 10), (10, 60), (60, 10), (10, 63), (63, 10), (11, 13), (13, 11), (11, 84), (84, 11), (12, 42), (42, 12), (12, 55), (55, 12), (12, 62), (62, 12), (12, 73), (73, 12), (12, 83), (83, 12), (12, 87), (87, 12), (12, 89), (89, 12), (12, 97), (97, 12), (13, 20), (20, 13), (13, 30), (30, 13), (13, 46), (46, 13), (13, 56), (56, 13), (13, 77), (77, 13), (14, 18), (18, 14), (14, 41), (41, 14), (14, 60), (60, 14), (14, 61), (61, 14), (14, 92), (92, 14), (15, 41), (41, 15), (15, 51), (51, 15), (16, 22), (22, 16), (16, 54), (54, 16), (16, 64), (64, 16), (16, 86), (86, 16), (17, 52), (52, 17), (17, 88), (88, 17), (17, 91), (91, 17), (18, 58), (58, 18), (18, 74), (74, 18), (18, 83), (83, 18), (20, 27), (27, 20), (20, 58), (58, 20), (20, 73), (73, 20), (20, 80), (80, 20), (20, 82), (82, 20), (20, 87), (87, 20), (21, 25), (25, 21), (21, 52), (52, 21), (21, 66), (66, 21), (21, 73), (73, 21), (21, 81), (81, 21), (21, 88), (88, 21), (22, 27), (27, 22), (22, 32), (32, 22), (22, 56), (56, 22), (22, 87), (87, 22), (23, 33), (33, 23), (23, 47), (47, 23), (23, 72), (72, 23), (23, 73), (73, 23), (24, 29), (29, 24), (24, 43), (43, 24), (24, 44), (44, 24), (24, 55), (55, 24), (24, 59), (59, 24), (24, 68), (68, 24), (24, 70), (70, 24), (24, 96), (96, 24), (24, 98), (98, 24), (25, 39), (39, 25), (25, 68), (68, 25), (26, 32), (32, 26), (26, 48), (48, 26), (26, 50), (50, 26), (26, 67), (67, 26), (26, 97), (97, 26), (27, 35), (35, 27), (27, 55), (55, 27), (27, 64), (64, 27), (27, 95), (95, 27), (28, 57), (57, 28), (28, 63), (63, 28), (28, 64), (64, 28), (28, 65), (65, 28), (28, 78), (78, 28), (28, 80), (80, 28), (28, 82), (82, 28), (29, 33), (33, 29), (29, 38), (38, 29), (29, 51), (51, 29), (29, 59), (59, 29), (29, 67), (67, 29), (29, 72), (72, 29), (29, 89), (89, 29), (30, 51), (51, 30), (30, 73), (73, 30), (30, 79), (79, 30), (30, 98), (98, 30), (31, 95), (95, 31), (31, 98), (98, 31), (32, 90), (90, 32), (33, 55), (55, 33), (33, 66), (66, 33), (33, 67), (67, 33), (33, 72), (72, 33), (33, 91), (91, 33), (34, 78), (78, 34), (34, 82), (82, 34), (34, 83), (83, 34), (34, 84), (84, 34), (34, 90), (90, 34), (35, 77), (77, 35), (35, 87), (87, 35), (36, 69), (69, 36), (36, 84), (84, 36), (36, 91), (91, 36), (36, 92), (92, 36), (36, 100), (100, 36), (37, 77), (77, 37), (38, 41), (41, 38), (38, 45), (45, 38), (38, 80), (80, 38), (39, 57), (57, 39), (39, 91), (91, 39), (39, 98), (98, 39), (40, 55), (55, 40), (40, 59), (59, 40), (40, 69), (69, 40), (40, 70), (70, 40), (40, 97), (97, 40), (41, 61), (61, 41), (41, 62), (62, 41), (41, 89), (89, 41), (41, 93), (93, 41), (42, 51), (51, 42), (42, 68), (68, 42), (43, 78), (78, 43), (43, 89), (89, 43), (44, 45), (45, 44), (44, 50), (50, 44), (44, 53), (53, 44), (44, 66), (66, 44), (44, 99), (99, 44), (45, 49), (49, 45), (45, 59), (59, 45), (45, 60), (60, 45), (45, 88), (88, 45), (46, 83), (83, 46), (47, 51), (51, 47), (47, 78), (78, 47), (47, 96), (96, 47), (47, 98), (98, 47), (47, 100), (100, 47), (48, 57), (57, 48), (48, 62), (62, 48), (48, 65), (65, 48), (48, 85), (85, 48), (48, 88), (88, 48), (49, 51), (51, 49), (49, 64), (64, 49), (50, 61), (61, 50), (50, 84), (84, 50), (51, 73), (73, 51), (51, 99), (99, 51), (52, 60), (60, 52), (53, 59), (59, 53), (53, 71), (71, 53), (53, 76), (76, 53), (53, 78), (78, 53), (54, 57), (57, 54), (54, 63), (63, 54), (54, 74), (74, 54), (54, 97), (97, 54), (55, 80), (80, 55), (55, 82), (82, 55), (55, 83), (83, 55), (56, 92), (92, 56), (56, 98), (98, 56), (57, 65), (65, 57), (58, 64), (64, 58), (58, 87), (87, 58), (58, 89), (89, 58), (58, 95), (95, 58), (59, 90), (90, 59), (60, 72), (72, 60), (60, 78), (78, 60), (60, 80), (80, 60), (60, 88), (88, 60), (61, 64), (64, 61), (61, 66), (66, 61), (62, 76), (76, 62), (62, 79), (79, 62), (62, 83), (83, 62), (62, 95), (95, 62), (63, 75), (75, 63), (63, 76), (76, 63), (63, 88), (88, 63), (64, 92), (92, 64), (65, 67), (67, 65), (65, 85), (85, 65), (66, 82), (82, 66), (66, 87), (87, 66), (66, 97), (97, 66), (67, 72), (72, 67), (67, 85), (85, 67), (68, 91), (91, 68), (68, 92), (92, 68), (68, 99), (99, 68), (69, 92), (92, 69), (69, 100), (100, 69), (70, 91), (91, 70), (71, 98), (98, 71), (72, 73), (73, 72), (72, 96), (96, 72), (73, 100), (100, 73), (74, 85), (85, 74), (75, 99), (99, 75), (77, 91), (91, 77), (82, 85), (85, 82), (84, 95), (95, 84), (86, 89), (89, 86), (88, 100), (100, 88), (97, 99), (99, 97)]
Z_dad = [97]
Y_dad = [24]
X_dad = [70]
Z_da-ad = [97]
Y_da-ad = [31]
X_da-ad = [41]
