no              #fail
30.562          #totTm
1.105           #lastADTm
10              #itDAD
3.000           #avItADGoal
4               #itADOpt
5               #opt
4               #optDA-AD
0.738           #tmDA
20.0            #relGain

V = [1, 2, 3, 4, 5, 6, 7, 8, 9, 10, 11, 12, 13, 14, 15, 16, 17, 18, 19, 20, 21, 22, 23, 24, 25, 26, 27, 28, 29, 30, 31, 32, 33, 34, 35, 36, 37, 38, 39, 40]
A = [(1, 2), (2, 1), (1, 29), (29, 1), (1, 36), (36, 1), (2, 11), (11, 2), (2, 20), (20, 2), (3, 8), (8, 3), (3, 11), (11, 3), (3, 18), (18, 3), (3, 25), (25, 3), (3, 33), (33, 3), (4, 10), (10, 4), (4, 14), (14, 4), (4, 18), (18, 4), (4, 29), (29, 4), (4, 31), (31, 4), (4, 33), (33, 4), (4, 39), (39, 4), (5, 10), (10, 5), (5, 15), (15, 5), (5, 17), (17, 5), (5, 24), (24, 5), (5, 33), (33, 5), (5, 39), (39, 5), (6, 10), (10, 6), (6, 15), (15, 6), (6, 16), (16, 6), (6, 18), (18, 6), (6, 22), (22, 6), (7, 11), (11, 7), (7, 12), (12, 7), (7, 28), (28, 7), (7, 31), (31, 7), (7, 33), (33, 7), (8, 23), (23, 8), (8, 28), (28, 8), (8, 30), (30, 8), (9, 15), (15, 9), (9, 26), (26, 9), (9, 34), (34, 9), (9, 38), (38, 9), (10, 15), (15, 10), (10, 22), (22, 10), (11, 13), (13, 11), (11, 14), (14, 11), (11, 33), (33, 11), (11, 38), (38, 11), (11, 40), (40, 11), (12, 17), (17, 12), (12, 40), (40, 12), (13, 20), (20, 13), (13, 28), (28, 13), (13, 35), (35, 13), (14, 17), (17, 14), (14, 20), (20, 14), (14, 26), (26, 14), (14, 33), (33, 14), (14, 37), (37, 14), (14, 40), (40, 14), (15, 16), (16, 15), (15, 24), (24, 15), (15, 25), (25, 15), (15, 27), (27, 15), (15, 34), (34, 15), (15, 38), (38, 15), (16, 32), (32, 16), (17, 27), (27, 17), (17, 28), (28, 17), (17, 33), (33, 17), (17, 36), (36, 17), (18, 21), (21, 18), (18, 25), (25, 18), (18, 26), (26, 18), (18, 32), (32, 18), (19, 20), (20, 19), (19, 22), (22, 19), (19, 26), (26, 19), (19, 36), (36, 19), (20, 24), (24, 20), (20, 26), (26, 20), (20, 31), (31, 20), (20, 34), (34, 20), (21, 25), (25, 21), (21, 27), (27, 21), (21, 29), (29, 21), (21, 36), (36, 21), (21, 40), (40, 21), (22, 28), (28, 22), (22, 30), (30, 22), (23, 27), (27, 23), (23, 30), (30, 23), (23, 32), (32, 23), (23, 38), (38, 23), (24, 37), (37, 24), (25, 36), (36, 25), (26, 35), (35, 26), (26, 39), (39, 26), (26, 40), (40, 26), (27, 30), (30, 27), (27, 39), (39, 27), (28, 37), (37, 28), (28, 39), (39, 28), (29, 37), (37, 29), (29, 38), (38, 29), (31, 36), (36, 31), (31, 40), (40, 31), (34, 36), (36, 34), (34, 39), (39, 34), (34, 40), (40, 34), (38, 40), (40, 38)]
Z_dad = [15, 17]
Y_dad = [18, 20]
X_dad = [6, 32]
Z_da-ad = [13, 26]
Y_da-ad = [1, 35]
X_da-ad = [2, 29]
