no              #fail
21.772          #totTm
1.438           #lastADTm
9               #itDAD
2.875           #avItADGoal
11              #itADOpt
6               #opt
6               #optDA-AD
1.019           #tmDA
0.0             #relGain

V = [1, 2, 3, 4, 5, 6, 7, 8, 9, 10, 11, 12, 13, 14, 15, 16, 17, 18, 19, 20, 21, 22, 23, 24, 25, 26, 27, 28, 29, 30, 31, 32, 33, 34, 35, 36, 37, 38, 39, 40]
A = [(1, 5), (5, 1), (1, 14), (14, 1), (1, 19), (19, 1), (1, 20), (20, 1), (1, 21), (21, 1), (1, 23), (23, 1), (1, 30), (30, 1), (1, 34), (34, 1), (2, 8), (8, 2), (2, 9), (9, 2), (2, 11), (11, 2), (2, 19), (19, 2), (2, 33), (33, 2), (3, 13), (13, 3), (4, 17), (17, 4), (4, 29), (29, 4), (4, 30), (30, 4), (5, 23), (23, 5), (5, 25), (25, 5), (5, 37), (37, 5), (5, 39), (39, 5), (6, 14), (14, 6), (6, 18), (18, 6), (6, 19), (19, 6), (6, 30), (30, 6), (6, 40), (40, 6), (7, 9), (9, 7), (7, 23), (23, 7), (7, 31), (31, 7), (7, 33), (33, 7), (8, 13), (13, 8), (8, 28), (28, 8), (8, 32), (32, 8), (8, 35), (35, 8), (9, 16), (16, 9), (9, 18), (18, 9), (9, 24), (24, 9), (9, 30), (30, 9), (9, 36), (36, 9), (10, 11), (11, 10), (10, 16), (16, 10), (10, 18), (18, 10), (10, 22), (22, 10), (10, 23), (23, 10), (10, 27), (27, 10), (10, 33), (33, 10), (10, 34), (34, 10), (10, 38), (38, 10), (11, 12), (12, 11), (11, 19), (19, 11), (11, 26), (26, 11), (11, 32), (32, 11), (11, 35), (35, 11), (12, 24), (24, 12), (12, 25), (25, 12), (12, 34), (34, 12), (13, 31), (31, 13), (13, 33), (33, 13), (13, 34), (34, 13), (14, 37), (37, 14), (14, 40), (40, 14), (15, 16), (16, 15), (15, 28), (28, 15), (16, 26), (26, 16), (16, 30), (30, 16), (16, 31), (31, 16), (16, 33), (33, 16), (17, 27), (27, 17), (17, 32), (32, 17), (18, 24), (24, 18), (19, 28), (28, 19), (19, 34), (34, 19), (19, 40), (40, 19), (20, 21), (21, 20), (20, 25), (25, 20), (20, 26), (26, 20), (20, 34), (34, 20), (21, 34), (34, 21), (21, 35), (35, 21), (21, 38), (38, 21), (23, 31), (31, 23), (23, 32), (32, 23), (23, 33), (33, 23), (23, 38), (38, 23), (24, 25), (25, 24), (24, 26), (26, 24), (24, 28), (28, 24), (24, 30), (30, 24), (24, 35), (35, 24), (24, 37), (37, 24), (24, 38), (38, 24), (26, 33), (33, 26), (26, 36), (36, 26), (26, 40), (40, 26), (27, 28), (28, 27), (27, 32), (32, 27), (27, 35), (35, 27), (28, 29), (29, 28), (28, 32), (32, 28), (29, 34), (34, 29), (29, 38), (38, 29), (30, 36), (36, 30), (30, 38), (38, 30), (31, 36), (36, 31), (32, 35), (35, 32), (32, 37), (37, 32), (34, 37), (37, 34), (35, 37), (37, 35), (36, 40), (40, 36)]
Z_dad = [16, 28]
Y_dad = [5, 10]
X_dad = [13, 22]
Z_da-ad = [5, 10]
Y_da-ad = [8, 39]
X_da-ad = [16, 28]
