no              #fail
59.623          #totTm
0.644           #lastADTm
12              #itDAD
4.273           #avItADGoal
7               #itADOpt
6               #opt
5               #optDA-AD
2.426           #tmDA
16.7            #relGain

V = [1, 2, 3, 4, 5, 6, 7, 8, 9, 10, 11, 12, 13, 14, 15, 16, 17, 18, 19, 20, 21, 22, 23, 24, 25, 26, 27, 28, 29, 30, 31, 32, 33, 34, 35, 36, 37, 38, 39, 40]
A = [(1, 5), (5, 1), (1, 14), (14, 1), (1, 18), (18, 1), (1, 20), (20, 1), (1, 23), (23, 1), (1, 26), (26, 1), (1, 29), (29, 1), (1, 34), (34, 1), (1, 36), (36, 1), (1, 40), (40, 1), (2, 12), (12, 2), (2, 16), (16, 2), (2, 18), (18, 2), (2, 37), (37, 2), (3, 6), (6, 3), (3, 10), (10, 3), (3, 12), (12, 3), (3, 17), (17, 3), (3, 18), (18, 3), (3, 19), (19, 3), (3, 23), (23, 3), (3, 27), (27, 3), (3, 29), (29, 3), (3, 35), (35, 3), (3, 40), (40, 3), (4, 6), (6, 4), (4, 19), (19, 4), (4, 24), (24, 4), (4, 26), (26, 4), (4, 28), (28, 4), (5, 6), (6, 5), (5, 10), (10, 5), (5, 19), (19, 5), (5, 37), (37, 5), (5, 39), (39, 5), (6, 34), (34, 6), (6, 35), (35, 6), (6, 39), (39, 6), (7, 11), (11, 7), (7, 13), (13, 7), (8, 15), (15, 8), (8, 29), (29, 8), (8, 38), (38, 8), (9, 16), (16, 9), (9, 19), (19, 9), (9, 21), (21, 9), (9, 23), (23, 9), (9, 38), (38, 9), (10, 23), (23, 10), (11, 15), (15, 11), (11, 28), (28, 11), (11, 30), (30, 11), (11, 33), (33, 11), (12, 15), (15, 12), (12, 27), (27, 12), (12, 30), (30, 12), (13, 20), (20, 13), (13, 22), (22, 13), (13, 28), (28, 13), (14, 24), (24, 14), (14, 27), (27, 14), (14, 34), (34, 14), (14, 39), (39, 14), (14, 40), (40, 14), (15, 17), (17, 15), (15, 19), (19, 15), (15, 34), (34, 15), (16, 18), (18, 16), (16, 21), (21, 16), (16, 31), (31, 16), (17, 18), (18, 17), (17, 20), (20, 17), (17, 24), (24, 17), (17, 25), (25, 17), (17, 34), (34, 17), (18, 23), (23, 18), (18, 26), (26, 18), (18, 40), (40, 18), (19, 29), (29, 19), (20, 21), (21, 20), (20, 28), (28, 20), (20, 36), (36, 20), (20, 39), (39, 20), (20, 40), (40, 20), (21, 23), (23, 21), (21, 33), (33, 21), (21, 39), (39, 21), (22, 34), (34, 22), (23, 24), (24, 23), (23, 28), (28, 23), (23, 35), (35, 23), (23, 37), (37, 23), (24, 39), (39, 24), (27, 28), (28, 27), (27, 38), (38, 27), (28, 29), (29, 28), (28, 30), (30, 28), (28, 33), (33, 28), (28, 35), (35, 28), (28, 39), (39, 28), (29, 30), (30, 29), (29, 35), (35, 29), (31, 33), (33, 31), (32, 35), (35, 32), (32, 37), (37, 32), (32, 39), (39, 32), (33, 39), (39, 33), (35, 40), (40, 35), (38, 40), (40, 38)]
Z_dad = [1, 13]
Y_dad = [3, 39]
X_dad = [17, 20]
Z_da-ad = [13, 34]
Y_da-ad = [17, 22]
X_da-ad = [11, 31]
