no              #fail
21.482          #totTm
1.075           #lastADTm
9               #itDAD
2.500           #avItADGoal
9               #itADOpt
6               #opt
6               #optDA-AD
1.555           #tmDA
0.0             #relGain

V = [1, 2, 3, 4, 5, 6, 7, 8, 9, 10, 11, 12, 13, 14, 15, 16, 17, 18, 19, 20, 21, 22, 23, 24, 25, 26, 27, 28, 29, 30, 31, 32, 33, 34, 35, 36, 37, 38, 39, 40]
A = [(1, 9), (9, 1), (1, 30), (30, 1), (1, 35), (35, 1), (1, 39), (39, 1), (1, 40), (40, 1), (2, 22), (22, 2), (2, 27), (27, 2), (2, 28), (28, 2), (2, 37), (37, 2), (3, 4), (4, 3), (3, 12), (12, 3), (3, 14), (14, 3), (3, 22), (22, 3), (3, 25), (25, 3), (3, 33), (33, 3), (3, 35), (35, 3), (4, 7), (7, 4), (4, 8), (8, 4), (4, 21), (21, 4), (5, 6), (6, 5), (5, 18), (18, 5), (5, 20), (20, 5), (5, 25), (25, 5), (5, 26), (26, 5), (5, 39), (39, 5), (6, 21), (21, 6), (6, 22), (22, 6), (6, 28), (28, 6), (6, 31), (31, 6), (6, 36), (36, 6), (7, 11), (11, 7), (7, 22), (22, 7), (7, 31), (31, 7), (7, 38), (38, 7), (8, 16), (16, 8), (8, 24), (24, 8), (8, 28), (28, 8), (8, 33), (33, 8), (10, 15), (15, 10), (10, 20), (20, 10), (10, 25), (25, 10), (10, 33), (33, 10), (10, 36), (36, 10), (11, 15), (15, 11), (11, 23), (23, 11), (11, 24), (24, 11), (11, 28), (28, 11), (11, 38), (38, 11), (12, 13), (13, 12), (12, 14), (14, 12), (12, 19), (19, 12), (12, 20), (20, 12), (12, 30), (30, 12), (12, 31), (31, 12), (12, 37), (37, 12), (12, 40), (40, 12), (13, 28), (28, 13), (13, 29), (29, 13), (13, 32), (32, 13), (13, 33), (33, 13), (13, 37), (37, 13), (14, 15), (15, 14), (14, 25), (25, 14), (15, 18), (18, 15), (15, 22), (22, 15), (15, 26), (26, 15), (15, 29), (29, 15), (15, 30), (30, 15), (15, 32), (32, 15), (15, 34), (34, 15), (15, 37), (37, 15), (16, 30), (30, 16), (17, 18), (18, 17), (17, 21), (21, 17), (17, 33), (33, 17), (18, 32), (32, 18), (18, 36), (36, 18), (19, 21), (21, 19), (19, 22), (22, 19), (19, 31), (31, 19), (19, 34), (34, 19), (19, 39), (39, 19), (20, 25), (25, 20), (20, 28), (28, 20), (20, 32), (32, 20), (20, 40), (40, 20), (21, 22), (22, 21), (21, 24), (24, 21), (21, 33), (33, 21), (21, 37), (37, 21), (22, 30), (30, 22), (22, 34), (34, 22), (22, 38), (38, 22), (25, 29), (29, 25), (25, 31), (31, 25), (25, 32), (32, 25), (25, 39), (39, 25), (26, 28), (28, 26), (26, 32), (32, 26), (27, 37), (37, 27), (28, 31), (31, 28), (29, 38), (38, 29), (30, 33), (33, 30), (30, 35), (35, 30), (30, 36), (36, 30), (32, 34), (34, 32), (36, 38), (38, 36), (37, 39), (39, 37), (38, 40), (40, 38)]
Z_dad = [11, 30]
Y_dad = [1, 21]
X_dad = [8, 32]
Z_da-ad = [1, 11]
Y_da-ad = [8, 9]
X_da-ad = [2, 37]
