no              #fail
1364.278        #totTm
1.734           #lastADTm
19              #itDAD
3.944           #avItADGoal
9               #itADOpt
5               #opt
5               #optDA-AD
0.597           #tmDA
0.0             #relGain

V = [1, 2, 3, 4, 5, 6, 7, 8, 9, 10, 11, 12, 13, 14, 15, 16, 17, 18, 19, 20, 21, 22, 23, 24, 25, 26, 27, 28, 29, 30, 31, 32, 33, 34, 35, 36, 37, 38, 39, 40]
A = [(1, 4), (4, 1), (1, 9), (9, 1), (1, 19), (19, 1), (1, 23), (23, 1), (1, 29), (29, 1), (1, 30), (30, 1), (1, 37), (37, 1), (1, 39), (39, 1), (2, 10), (10, 2), (2, 22), (22, 2), (2, 25), (25, 2), (2, 34), (34, 2), (2, 35), (35, 2), (3, 15), (15, 3), (4, 10), (10, 4), (4, 17), (17, 4), (4, 32), (32, 4), (4, 35), (35, 4), (4, 37), (37, 4), (5, 11), (11, 5), (5, 26), (26, 5), (5, 29), (29, 5), (5, 37), (37, 5), (6, 25), (25, 6), (6, 30), (30, 6), (6, 37), (37, 6), (7, 21), (21, 7), (7, 27), (27, 7), (7, 32), (32, 7), (7, 33), (33, 7), (8, 32), (32, 8), (8, 35), (35, 8), (8, 37), (37, 8), (8, 38), (38, 8), (9, 10), (10, 9), (9, 15), (15, 9), (9, 18), (18, 9), (9, 19), (19, 9), (9, 20), (20, 9), (9, 22), (22, 9), (10, 12), (12, 10), (10, 13), (13, 10), (10, 19), (19, 10), (10, 24), (24, 10), (10, 32), (32, 10), (10, 35), (35, 10), (10, 40), (40, 10), (11, 17), (17, 11), (11, 23), (23, 11), (12, 19), (19, 12), (12, 27), (27, 12), (12, 28), (28, 12), (12, 32), (32, 12), (12, 38), (38, 12), (13, 16), (16, 13), (13, 22), (22, 13), (13, 30), (30, 13), (13, 31), (31, 13), (13, 37), (37, 13), (13, 40), (40, 13), (14, 22), (22, 14), (14, 24), (24, 14), (14, 38), (38, 14), (15, 33), (33, 15), (16, 24), (24, 16), (16, 32), (32, 16), (16, 40), (40, 16), (17, 19), (19, 17), (17, 28), (28, 17), (17, 29), (29, 17), (17, 37), (37, 17), (18, 26), (26, 18), (18, 31), (31, 18), (19, 24), (24, 19), (19, 32), (32, 19), (19, 35), (35, 19), (20, 21), (21, 20), (20, 25), (25, 20), (20, 29), (29, 20), (20, 33), (33, 20), (20, 34), (34, 20), (20, 38), (38, 20), (21, 32), (32, 21), (21, 35), (35, 21), (21, 37), (37, 21), (22, 25), (25, 22), (22, 27), (27, 22), (22, 39), (39, 22), (23, 24), (24, 23), (23, 30), (30, 23), (23, 35), (35, 23), (23, 40), (40, 23), (24, 30), (30, 24), (24, 31), (31, 24), (25, 35), (35, 25), (25, 38), (38, 25), (25, 39), (39, 25), (26, 27), (27, 26), (26, 29), (29, 26), (26, 31), (31, 26), (26, 32), (32, 26), (26, 38), (38, 26), (27, 28), (28, 27), (28, 30), (30, 28), (28, 36), (36, 28), (30, 39), (39, 30), (34, 40), (40, 34), (35, 40), (40, 35), (39, 40), (40, 39)]
Z_dad = [28, 40]
Y_dad = [9, 36]
X_dad = [10, 15]
Z_da-ad = [15, 28]
Y_da-ad = [7, 36]
X_da-ad = [21, 32]
