no              #fail
439.042         #totTm
1.394           #lastADTm
15              #itDAD
2.857           #avItADGoal
5               #itADOpt
5               #opt
5               #optDA-AD
2.898           #tmDA
0.0             #relGain

V = [1, 2, 3, 4, 5, 6, 7, 8, 9, 10, 11, 12, 13, 14, 15, 16, 17, 18, 19, 20, 21, 22, 23, 24, 25, 26, 27, 28, 29, 30, 31, 32, 33, 34, 35, 36, 37, 38, 39, 40]
A = [(1, 6), (6, 1), (1, 7), (7, 1), (1, 8), (8, 1), (1, 13), (13, 1), (1, 16), (16, 1), (1, 18), (18, 1), (1, 23), (23, 1), (1, 32), (32, 1), (2, 12), (12, 2), (2, 28), (28, 2), (3, 13), (13, 3), (3, 21), (21, 3), (3, 30), (30, 3), (3, 36), (36, 3), (4, 20), (20, 4), (4, 26), (26, 4), (4, 34), (34, 4), (4, 35), (35, 4), (4, 40), (40, 4), (5, 13), (13, 5), (5, 22), (22, 5), (6, 10), (10, 6), (6, 12), (12, 6), (6, 16), (16, 6), (6, 17), (17, 6), (6, 27), (27, 6), (7, 11), (11, 7), (7, 14), (14, 7), (7, 16), (16, 7), (7, 20), (20, 7), (7, 27), (27, 7), (7, 35), (35, 7), (8, 15), (15, 8), (8, 18), (18, 8), (8, 22), (22, 8), (8, 27), (27, 8), (8, 29), (29, 8), (8, 30), (30, 8), (9, 28), (28, 9), (9, 32), (32, 9), (9, 35), (35, 9), (9, 37), (37, 9), (10, 13), (13, 10), (10, 18), (18, 10), (10, 20), (20, 10), (10, 21), (21, 10), (10, 23), (23, 10), (10, 40), (40, 10), (11, 12), (12, 11), (11, 18), (18, 11), (11, 21), (21, 11), (11, 23), (23, 11), (11, 29), (29, 11), (11, 30), (30, 11), (11, 33), (33, 11), (11, 35), (35, 11), (11, 40), (40, 11), (12, 29), (29, 12), (12, 39), (39, 12), (13, 18), (18, 13), (13, 26), (26, 13), (13, 28), (28, 13), (13, 33), (33, 13), (13, 37), (37, 13), (14, 19), (19, 14), (14, 20), (20, 14), (14, 23), (23, 14), (14, 25), (25, 14), (14, 29), (29, 14), (14, 31), (31, 14), (15, 19), (19, 15), (15, 31), (31, 15), (15, 33), (33, 15), (16, 17), (17, 16), (16, 28), (28, 16), (16, 37), (37, 16), (17, 32), (32, 17), (17, 39), (39, 17), (18, 24), (24, 18), (18, 28), (28, 18), (18, 33), (33, 18), (19, 20), (20, 19), (19, 26), (26, 19), (19, 35), (35, 19), (20, 35), (35, 20), (21, 36), (36, 21), (22, 26), (26, 22), (22, 29), (29, 22), (22, 35), (35, 22), (22, 37), (37, 22), (23, 33), (33, 23), (23, 37), (37, 23), (24, 34), (34, 24), (24, 35), (35, 24), (24, 39), (39, 24), (24, 40), (40, 24), (25, 30), (30, 25), (25, 35), (35, 25), (25, 38), (38, 25), (27, 31), (31, 27), (27, 33), (33, 27), (27, 38), (38, 27), (28, 30), (30, 28), (28, 31), (31, 28), (30, 39), (39, 30), (31, 33), (33, 31), (32, 39), (39, 32), (33, 39), (39, 33), (37, 40), (40, 37)]
Z_dad = [12, 28]
Y_dad = [2, 35]
X_dad = [13, 22]
Z_da-ad = [3, 21]
Y_da-ad = [25, 36]
X_da-ad = [13, 22]
