no              #fail
17.378          #totTm
0.959           #lastADTm
9               #itDAD
3.000           #avItADGoal
9               #itADOpt
6               #opt
6               #optDA-AD
0.623           #tmDA
0.0             #relGain

V = [1, 2, 3, 4, 5, 6, 7, 8, 9, 10, 11, 12, 13, 14, 15, 16, 17, 18, 19, 20, 21, 22, 23, 24, 25, 26, 27, 28, 29, 30, 31, 32, 33, 34, 35, 36, 37, 38, 39, 40]
A = [(1, 6), (6, 1), (1, 8), (8, 1), (1, 9), (9, 1), (1, 10), (10, 1), (1, 11), (11, 1), (1, 13), (13, 1), (1, 21), (21, 1), (1, 31), (31, 1), (2, 8), (8, 2), (2, 10), (10, 2), (2, 22), (22, 2), (2, 24), (24, 2), (2, 33), (33, 2), (2, 34), (34, 2), (3, 34), (34, 3), (4, 5), (5, 4), (4, 10), (10, 4), (4, 15), (15, 4), (4, 16), (16, 4), (4, 23), (23, 4), (4, 25), (25, 4), (4, 32), (32, 4), (4, 35), (35, 4), (5, 11), (11, 5), (5, 12), (12, 5), (5, 34), (34, 5), (6, 16), (16, 6), (6, 17), (17, 6), (6, 20), (20, 6), (6, 23), (23, 6), (6, 31), (31, 6), (6, 35), (35, 6), (7, 8), (8, 7), (7, 20), (20, 7), (7, 27), (27, 7), (7, 33), (33, 7), (7, 34), (34, 7), (8, 13), (13, 8), (8, 17), (17, 8), (8, 18), (18, 8), (8, 21), (21, 8), (8, 25), (25, 8), (8, 27), (27, 8), (8, 30), (30, 8), (9, 23), (23, 9), (9, 28), (28, 9), (9, 36), (36, 9), (10, 23), (23, 10), (10, 24), (24, 10), (10, 26), (26, 10), (10, 33), (33, 10), (11, 20), (20, 11), (11, 28), (28, 11), (11, 32), (32, 11), (12, 22), (22, 12), (12, 26), (26, 12), (12, 27), (27, 12), (12, 31), (31, 12), (12, 38), (38, 12), (13, 15), (15, 13), (13, 17), (17, 13), (13, 26), (26, 13), (13, 40), (40, 13), (14, 24), (24, 14), (15, 16), (16, 15), (15, 17), (17, 15), (15, 22), (22, 15), (15, 23), (23, 15), (15, 29), (29, 15), (15, 37), (37, 15), (15, 38), (38, 15), (15, 40), (40, 15), (16, 21), (21, 16), (16, 22), (22, 16), (16, 25), (25, 16), (16, 34), (34, 16), (16, 35), (35, 16), (16, 38), (38, 16), (17, 18), (18, 17), (17, 21), (21, 17), (17, 25), (25, 17), (17, 32), (32, 17), (18, 26), (26, 18), (18, 31), (31, 18), (19, 26), (26, 19), (19, 28), (28, 19), (19, 29), (29, 19), (19, 37), (37, 19), (20, 27), (27, 20), (20, 28), (28, 20), (20, 31), (31, 20), (21, 25), (25, 21), (22, 33), (33, 22), (22, 35), (35, 22), (23, 33), (33, 23), (24, 33), (33, 24), (24, 34), (34, 24), (24, 39), (39, 24), (24, 40), (40, 24), (25, 39), (39, 25), (26, 30), (30, 26), (27, 33), (33, 27), (28, 29), (29, 28), (29, 35), (35, 29), (29, 39), (39, 29), (30, 32), (32, 30), (32, 38), (38, 32), (36, 39), (39, 36), (39, 40), (40, 39)]
Z_dad = [24, 34]
Y_dad = [9, 15]
X_dad = [1, 16]
Z_da-ad = [24, 34]
Y_da-ad = [3, 9]
X_da-ad = [15, 19]
