no              #fail
56.647          #totTm
1.244           #lastADTm
10              #itDAD
2.889           #avItADGoal
6               #itADOpt
5               #opt
5               #optDA-AD
3.282           #tmDA
0.0             #relGain

V = [1, 2, 3, 4, 5, 6, 7, 8, 9, 10, 11, 12, 13, 14, 15, 16, 17, 18, 19, 20, 21, 22, 23, 24, 25, 26, 27, 28, 29, 30, 31, 32, 33, 34, 35, 36, 37, 38, 39, 40]
A = [(1, 9), (9, 1), (1, 25), (25, 1), (1, 31), (31, 1), (1, 32), (32, 1), (2, 10), (10, 2), (2, 13), (13, 2), (2, 16), (16, 2), (2, 18), (18, 2), (2, 25), (25, 2), (2, 28), (28, 2), (2, 32), (32, 2), (3, 5), (5, 3), (3, 25), (25, 3), (3, 28), (28, 3), (3, 31), (31, 3), (3, 34), (34, 3), (4, 5), (5, 4), (4, 12), (12, 4), (4, 21), (21, 4), (4, 23), (23, 4), (4, 27), (27, 4), (4, 39), (39, 4), (5, 13), (13, 5), (5, 19), (19, 5), (5, 21), (21, 5), (5, 24), (24, 5), (5, 29), (29, 5), (5, 30), (30, 5), (5, 34), (34, 5), (5, 36), (36, 5), (5, 40), (40, 5), (6, 9), (9, 6), (6, 17), (17, 6), (6, 21), (21, 6), (6, 24), (24, 6), (6, 37), (37, 6), (6, 39), (39, 6), (7, 23), (23, 7), (7, 33), (33, 7), (8, 18), (18, 8), (8, 21), (21, 8), (8, 29), (29, 8), (8, 33), (33, 8), (9, 10), (10, 9), (9, 11), (11, 9), (9, 13), (13, 9), (9, 33), (33, 9), (9, 37), (37, 9), (10, 14), (14, 10), (10, 16), (16, 10), (10, 21), (21, 10), (10, 29), (29, 10), (10, 35), (35, 10), (11, 17), (17, 11), (11, 26), (26, 11), (11, 30), (30, 11), (11, 32), (32, 11), (12, 16), (16, 12), (12, 33), (33, 12), (13, 18), (18, 13), (13, 21), (21, 13), (13, 27), (27, 13), (13, 36), (36, 13), (13, 38), (38, 13), (13, 39), (39, 13), (14, 16), (16, 14), (14, 19), (19, 14), (14, 33), (33, 14), (14, 39), (39, 14), (15, 29), (29, 15), (15, 30), (30, 15), (16, 21), (21, 16), (16, 24), (24, 16), (16, 29), (29, 16), (17, 39), (39, 17), (18, 23), (23, 18), (18, 29), (29, 18), (18, 31), (31, 18), (18, 34), (34, 18), (19, 29), (29, 19), (19, 38), (38, 19), (20, 27), (27, 20), (20, 34), (34, 20), (20, 36), (36, 20), (21, 22), (22, 21), (21, 28), (28, 21), (21, 31), (31, 21), (21, 38), (38, 21), (22, 35), (35, 22), (23, 26), (26, 23), (24, 26), (26, 24), (24, 35), (35, 24), (24, 39), (39, 24), (25, 26), (26, 25), (26, 27), (27, 26), (26, 32), (32, 26), (27, 34), (34, 27), (27, 36), (36, 27), (28, 32), (32, 28), (28, 33), (33, 28), (29, 31), (31, 29), (29, 39), (39, 29), (30, 34), (34, 30), (31, 34), (34, 31), (32, 35), (35, 32), (32, 38), (38, 32), (33, 36), (36, 33), (35, 38), (38, 35), (38, 40), (40, 38)]
Z_dad = [21, 35]
Y_dad = [5, 22]
X_dad = [23, 33]
Z_da-ad = [21, 35]
Y_da-ad = [6, 22]
X_da-ad = [29, 30]
