no              #fail
63.594          #totTm
1.642           #lastADTm
10              #itDAD
3.000           #avItADGoal
6               #itADOpt
5               #opt
4               #optDA-AD
0.756           #tmDA
20.0            #relGain

V = [1, 2, 3, 4, 5, 6, 7, 8, 9, 10, 11, 12, 13, 14, 15, 16, 17, 18, 19, 20, 21, 22, 23, 24, 25, 26, 27, 28, 29, 30, 31, 32, 33, 34, 35, 36, 37, 38, 39, 40]
A = [(1, 6), (6, 1), (1, 19), (19, 1), (1, 36), (36, 1), (1, 38), (38, 1), (1, 39), (39, 1), (1, 40), (40, 1), (2, 8), (8, 2), (2, 18), (18, 2), (2, 29), (29, 2), (2, 30), (30, 2), (3, 9), (9, 3), (3, 14), (14, 3), (3, 32), (32, 3), (4, 6), (6, 4), (4, 8), (8, 4), (4, 20), (20, 4), (4, 21), (21, 4), (4, 24), (24, 4), (4, 35), (35, 4), (4, 37), (37, 4), (5, 12), (12, 5), (5, 13), (13, 5), (5, 24), (24, 5), (5, 25), (25, 5), (6, 14), (14, 6), (6, 16), (16, 6), (6, 17), (17, 6), (6, 26), (26, 6), (6, 34), (34, 6), (6, 37), (37, 6), (7, 8), (8, 7), (7, 13), (13, 7), (7, 14), (14, 7), (7, 19), (19, 7), (7, 29), (29, 7), (7, 33), (33, 7), (7, 38), (38, 7), (7, 40), (40, 7), (8, 31), (31, 8), (8, 36), (36, 8), (9, 14), (14, 9), (9, 21), (21, 9), (9, 27), (27, 9), (9, 28), (28, 9), (9, 33), (33, 9), (10, 15), (15, 10), (10, 21), (21, 10), (10, 29), (29, 10), (10, 32), (32, 10), (10, 36), (36, 10), (11, 12), (12, 11), (11, 16), (16, 11), (11, 17), (17, 11), (11, 22), (22, 11), (11, 24), (24, 11), (11, 40), (40, 11), (12, 17), (17, 12), (12, 29), (29, 12), (12, 31), (31, 12), (12, 37), (37, 12), (13, 18), (18, 13), (13, 22), (22, 13), (13, 37), (37, 13), (14, 17), (17, 14), (14, 26), (26, 14), (14, 31), (31, 14), (14, 35), (35, 14), (15, 21), (21, 15), (15, 31), (31, 15), (15, 38), (38, 15), (16, 19), (19, 16), (16, 21), (21, 16), (16, 25), (25, 16), (16, 29), (29, 16), (16, 33), (33, 16), (17, 20), (20, 17), (17, 31), (31, 17), (17, 36), (36, 17), (17, 37), (37, 17), (18, 35), (35, 18), (19, 20), (20, 19), (19, 24), (24, 19), (19, 32), (32, 19), (20, 22), (22, 20), (20, 32), (32, 20), (20, 37), (37, 20), (21, 27), (27, 21), (21, 35), (35, 21), (21, 37), (37, 21), (22, 28), (28, 22), (23, 27), (27, 23), (23, 28), (28, 23), (24, 34), (34, 24), (24, 36), (36, 24), (25, 29), (29, 25), (25, 32), (32, 25), (26, 32), (32, 26), (26, 33), (33, 26), (26, 36), (36, 26), (28, 30), (30, 28), (29, 31), (31, 29), (29, 32), (32, 29), (30, 33), (33, 30), (30, 35), (35, 30), (31, 32), (32, 31), (31, 34), (34, 31), (32, 37), (37, 32), (33, 35), (35, 33), (34, 40), (40, 34)]
Z_dad = [1, 9]
Y_dad = [21, 39]
X_dad = [7, 15]
Z_da-ad = [27, 28]
Y_da-ad = [1, 23]
X_da-ad = [3, 39]
