no              #fail
2294.095        #totTm
1.006           #lastADTm
17              #itDAD
3.562           #avItADGoal
12              #itADOpt
5               #opt
5               #optDA-AD
0.641           #tmDA
0.0             #relGain

V = [1, 2, 3, 4, 5, 6, 7, 8, 9, 10, 11, 12, 13, 14, 15, 16, 17, 18, 19, 20, 21, 22, 23, 24, 25, 26, 27, 28, 29, 30, 31, 32, 33, 34, 35, 36, 37, 38, 39, 40]
A = [(1, 4), (4, 1), (1, 6), (6, 1), (1, 9), (9, 1), (1, 12), (12, 1), (1, 13), (13, 1), (1, 14), (14, 1), (1, 36), (36, 1), (2, 7), (7, 2), (2, 20), (20, 2), (2, 25), (25, 2), (2, 32), (32, 2), (2, 35), (35, 2), (2, 39), (39, 2), (3, 14), (14, 3), (3, 20), (20, 3), (3, 22), (22, 3), (3, 34), (34, 3), (3, 36), (36, 3), (4, 8), (8, 4), (4, 20), (20, 4), (4, 23), (23, 4), (4, 25), (25, 4), (4, 26), (26, 4), (4, 36), (36, 4), (4, 38), (38, 4), (5, 29), (29, 5), (6, 13), (13, 6), (6, 18), (18, 6), (6, 31), (31, 6), (6, 37), (37, 6), (7, 8), (8, 7), (7, 9), (9, 7), (7, 21), (21, 7), (7, 24), (24, 7), (7, 31), (31, 7), (8, 10), (10, 8), (8, 17), (17, 8), (8, 22), (22, 8), (9, 18), (18, 9), (9, 30), (30, 9), (9, 32), (32, 9), (10, 14), (14, 10), (10, 17), (17, 10), (10, 25), (25, 10), (10, 27), (27, 10), (10, 36), (36, 10), (10, 39), (39, 10), (11, 13), (13, 11), (11, 14), (14, 11), (11, 35), (35, 11), (11, 38), (38, 11), (12, 15), (15, 12), (12, 26), (26, 12), (12, 33), (33, 12), (12, 37), (37, 12), (13, 33), (33, 13), (13, 36), (36, 13), (13, 37), (37, 13), (13, 38), (38, 13), (14, 20), (20, 14), (14, 27), (27, 14), (14, 32), (32, 14), (15, 20), (20, 15), (15, 30), (30, 15), (15, 34), (34, 15), (16, 18), (18, 16), (16, 24), (24, 16), (16, 25), (25, 16), (16, 28), (28, 16), (16, 34), (34, 16), (16, 39), (39, 16), (17, 22), (22, 17), (17, 26), (26, 17), (17, 29), (29, 17), (18, 39), (39, 18), (19, 28), (28, 19), (20, 21), (21, 20), (20, 28), (28, 20), (20, 30), (30, 20), (20, 38), (38, 20), (21, 32), (32, 21), (21, 34), (34, 21), (21, 39), (39, 21), (21, 40), (40, 21), (22, 25), (25, 22), (23, 26), (26, 23), (23, 32), (32, 23), (24, 31), (31, 24), (25, 37), (37, 25), (26, 36), (36, 26), (27, 28), (28, 27), (27, 29), (29, 27), (27, 35), (35, 27), (27, 39), (39, 27), (28, 34), (34, 28), (29, 33), (33, 29), (29, 39), (39, 29), (29, 40), (40, 29), (30, 31), (31, 30), (30, 36), (36, 30), (30, 37), (37, 30), (30, 39), (39, 30), (30, 40), (40, 30), (31, 39), (39, 31), (34, 36), (36, 34), (34, 37), (37, 34), (34, 38), (38, 34), (34, 40), (40, 34), (37, 39), (39, 37)]
Z_dad = [2, 11]
Y_dad = [28, 29]
X_dad = [5, 27]
Z_da-ad = [28, 29]
Y_da-ad = [12, 19]
X_da-ad = [23, 33]
