no              #fail
14.495          #totTm
1.217           #lastADTm
7               #itDAD
2.667           #avItADGoal
5               #itADOpt
5               #opt
4               #optDA-AD
0.737           #tmDA
20.0            #relGain

V = [1, 2, 3, 4, 5, 6, 7, 8, 9, 10, 11, 12, 13, 14, 15, 16, 17, 18, 19, 20, 21, 22, 23, 24, 25, 26, 27, 28, 29, 30, 31, 32, 33, 34, 35, 36, 37, 38, 39, 40]
A = [(1, 6), (6, 1), (1, 9), (9, 1), (1, 11), (11, 1), (1, 12), (12, 1), (1, 19), (19, 1), (1, 20), (20, 1), (1, 32), (32, 1), (2, 10), (10, 2), (2, 14), (14, 2), (2, 16), (16, 2), (2, 19), (19, 2), (2, 24), (24, 2), (2, 36), (36, 2), (2, 39), (39, 2), (2, 40), (40, 2), (3, 13), (13, 3), (3, 27), (27, 3), (3, 32), (32, 3), (3, 40), (40, 3), (4, 7), (7, 4), (4, 15), (15, 4), (4, 16), (16, 4), (4, 35), (35, 4), (5, 6), (6, 5), (5, 8), (8, 5), (5, 19), (19, 5), (5, 24), (24, 5), (5, 25), (25, 5), (5, 35), (35, 5), (6, 8), (8, 6), (6, 12), (12, 6), (6, 22), (22, 6), (6, 34), (34, 6), (6, 35), (35, 6), (7, 21), (21, 7), (7, 31), (31, 7), (8, 12), (12, 8), (8, 14), (14, 8), (8, 32), (32, 8), (9, 11), (11, 9), (10, 16), (16, 10), (10, 18), (18, 10), (10, 24), (24, 10), (10, 38), (38, 10), (11, 16), (16, 11), (11, 20), (20, 11), (11, 23), (23, 11), (11, 24), (24, 11), (11, 27), (27, 11), (12, 18), (18, 12), (12, 21), (21, 12), (12, 35), (35, 12), (12, 39), (39, 12), (13, 37), (37, 13), (13, 39), (39, 13), (14, 15), (15, 14), (14, 17), (17, 14), (14, 26), (26, 14), (15, 31), (31, 15), (15, 32), (32, 15), (15, 35), (35, 15), (15, 36), (36, 15), (16, 21), (21, 16), (17, 30), (30, 17), (17, 31), (31, 17), (17, 34), (34, 17), (17, 37), (37, 17), (18, 25), (25, 18), (18, 28), (28, 18), (18, 29), (29, 18), (18, 30), (30, 18), (18, 34), (34, 18), (19, 29), (29, 19), (19, 39), (39, 19), (20, 26), (26, 20), (20, 33), (33, 20), (20, 34), (34, 20), (20, 37), (37, 20), (21, 29), (29, 21), (21, 34), (34, 21), (21, 40), (40, 21), (22, 27), (27, 22), (22, 28), (28, 22), (23, 25), (25, 23), (23, 32), (32, 23), (23, 34), (34, 23), (23, 39), (39, 23), (24, 26), (26, 24), (24, 29), (29, 24), (24, 38), (38, 24), (25, 37), (37, 25), (26, 32), (32, 26), (26, 33), (33, 26), (26, 35), (35, 26), (26, 36), (36, 26), (27, 30), (30, 27), (27, 37), (37, 27), (28, 29), (29, 28), (28, 33), (33, 28), (29, 33), (33, 29), (29, 38), (38, 29), (29, 40), (40, 29), (31, 36), (36, 31), (33, 34), (34, 33), (34, 38), (38, 34), (35, 36), (36, 35), (35, 38), (38, 35), (36, 38), (38, 36), (37, 39), (39, 37)]
Z_dad = [11, 27]
Y_dad = [2, 34]
X_dad = [1, 6]
Z_da-ad = [1, 11]
Y_da-ad = [7, 9]
X_da-ad = [4, 31]
