no              #fail
49.652          #totTm
0.991           #lastADTm
12              #itDAD
4.091           #avItADGoal
9               #itADOpt
6               #opt
5               #optDA-AD
0.917           #tmDA
16.7            #relGain

V = [1, 2, 3, 4, 5, 6, 7, 8, 9, 10, 11, 12, 13, 14, 15, 16, 17, 18, 19, 20, 21, 22, 23, 24, 25, 26, 27, 28, 29, 30, 31, 32, 33, 34, 35, 36, 37, 38, 39, 40]
A = [(1, 2), (2, 1), (1, 4), (4, 1), (1, 6), (6, 1), (1, 10), (10, 1), (1, 16), (16, 1), (1, 21), (21, 1), (1, 26), (26, 1), (2, 4), (4, 2), (2, 14), (14, 2), (2, 25), (25, 2), (2, 29), (29, 2), (2, 33), (33, 2), (3, 4), (4, 3), (3, 36), (36, 3), (3, 39), (39, 3), (4, 9), (9, 4), (4, 10), (10, 4), (4, 12), (12, 4), (4, 15), (15, 4), (4, 16), (16, 4), (4, 21), (21, 4), (4, 26), (26, 4), (4, 28), (28, 4), (4, 35), (35, 4), (5, 17), (17, 5), (5, 24), (24, 5), (5, 29), (29, 5), (5, 31), (31, 5), (5, 32), (32, 5), (5, 33), (33, 5), (5, 35), (35, 5), (5, 36), (36, 5), (5, 39), (39, 5), (6, 8), (8, 6), (6, 10), (10, 6), (6, 14), (14, 6), (6, 21), (21, 6), (6, 33), (33, 6), (6, 35), (35, 6), (6, 37), (37, 6), (6, 38), (38, 6), (6, 39), (39, 6), (7, 21), (21, 7), (7, 33), (33, 7), (7, 35), (35, 7), (8, 9), (9, 8), (8, 11), (11, 8), (8, 40), (40, 8), (9, 17), (17, 9), (9, 33), (33, 9), (9, 39), (39, 9), (10, 19), (19, 10), (10, 32), (32, 10), (11, 17), (17, 11), (11, 23), (23, 11), (11, 24), (24, 11), (11, 26), (26, 11), (11, 34), (34, 11), (12, 14), (14, 12), (12, 24), (24, 12), (12, 33), (33, 12), (12, 39), (39, 12), (13, 14), (14, 13), (13, 20), (20, 13), (13, 23), (23, 13), (13, 26), (26, 13), (13, 37), (37, 13), (13, 38), (38, 13), (14, 24), (24, 14), (15, 19), (19, 15), (15, 25), (25, 15), (15, 29), (29, 15), (16, 26), (26, 16), (16, 32), (32, 16), (16, 34), (34, 16), (17, 24), (24, 17), (17, 27), (27, 17), (18, 32), (32, 18), (18, 35), (35, 18), (19, 20), (20, 19), (19, 23), (23, 19), (19, 26), (26, 19), (19, 27), (27, 19), (19, 32), (32, 19), (20, 23), (23, 20), (20, 33), (33, 20), (21, 26), (26, 21), (21, 30), (30, 21), (21, 31), (31, 21), (22, 28), (28, 22), (23, 24), (24, 23), (23, 31), (31, 23), (23, 33), (33, 23), (23, 38), (38, 23), (24, 27), (27, 24), (24, 28), (28, 24), (24, 39), (39, 24), (25, 34), (34, 25), (26, 31), (31, 26), (26, 37), (37, 26), (26, 40), (40, 26), (27, 40), (40, 27), (29, 33), (33, 29), (31, 34), (34, 31), (32, 36), (36, 32), (33, 37), (37, 33), (33, 38), (38, 33), (34, 37), (37, 34), (34, 40), (40, 34)]
Z_dad = [32, 35]
Y_dad = [21, 24]
X_dad = [1, 28]
Z_da-ad = [21, 28]
Y_da-ad = [22, 35]
X_da-ad = [7, 18]
