no              #fail
45.555          #totTm
1.227           #lastADTm
8               #itDAD
2.143           #avItADGoal
6               #itADOpt
5               #opt
4               #optDA-AD
0.626           #tmDA
20.0            #relGain

V = [1, 2, 3, 4, 5, 6, 7, 8, 9, 10, 11, 12, 13, 14, 15, 16, 17, 18, 19, 20, 21, 22, 23, 24, 25, 26, 27, 28, 29, 30, 31, 32, 33, 34, 35, 36, 37, 38, 39, 40]
A = [(1, 13), (13, 1), (1, 18), (18, 1), (1, 20), (20, 1), (1, 21), (21, 1), (1, 34), (34, 1), (2, 12), (12, 2), (2, 19), (19, 2), (2, 25), (25, 2), (2, 34), (34, 2), (2, 39), (39, 2), (3, 6), (6, 3), (3, 32), (32, 3), (3, 38), (38, 3), (4, 12), (12, 4), (4, 17), (17, 4), (4, 22), (22, 4), (4, 23), (23, 4), (4, 34), (34, 4), (4, 39), (39, 4), (5, 7), (7, 5), (5, 10), (10, 5), (5, 19), (19, 5), (6, 9), (9, 6), (6, 14), (14, 6), (6, 26), (26, 6), (6, 28), (28, 6), (6, 31), (31, 6), (7, 13), (13, 7), (7, 18), (18, 7), (7, 26), (26, 7), (7, 32), (32, 7), (7, 34), (34, 7), (7, 36), (36, 7), (8, 12), (12, 8), (8, 16), (16, 8), (8, 19), (19, 8), (8, 20), (20, 8), (8, 23), (23, 8), (8, 24), (24, 8), (8, 26), (26, 8), (8, 35), (35, 8), (9, 10), (10, 9), (9, 18), (18, 9), (9, 25), (25, 9), (9, 29), (29, 9), (9, 31), (31, 9), (9, 35), (35, 9), (10, 16), (16, 10), (10, 17), (17, 10), (10, 26), (26, 10), (10, 33), (33, 10), (10, 34), (34, 10), (11, 12), (12, 11), (11, 13), (13, 11), (11, 21), (21, 11), (11, 24), (24, 11), (11, 25), (25, 11), (11, 36), (36, 11), (12, 13), (13, 12), (12, 20), (20, 12), (12, 33), (33, 12), (12, 34), (34, 12), (13, 17), (17, 13), (13, 26), (26, 13), (13, 34), (34, 13), (14, 19), (19, 14), (14, 21), (21, 14), (15, 23), (23, 15), (15, 34), (34, 15), (15, 39), (39, 15), (16, 20), (20, 16), (16, 39), (39, 16), (17, 25), (25, 17), (17, 26), (26, 17), (17, 28), (28, 17), (17, 35), (35, 17), (17, 40), (40, 17), (18, 21), (21, 18), (18, 29), (29, 18), (18, 33), (33, 18), (18, 40), (40, 18), (19, 24), (24, 19), (19, 29), (29, 19), (20, 22), (22, 20), (20, 30), (30, 20), (20, 38), (38, 20), (21, 36), (36, 21), (22, 26), (26, 22), (22, 34), (34, 22), (22, 36), (36, 22), (23, 24), (24, 23), (23, 32), (32, 23), (24, 26), (26, 24), (26, 34), (34, 26), (28, 37), (37, 28), (28, 39), (39, 28), (29, 37), (37, 29), (29, 39), (39, 29), (30, 32), (32, 30), (30, 33), (33, 30), (31, 35), (35, 31), (31, 37), (37, 31), (31, 40), (40, 31), (32, 34), (34, 32), (32, 38), (38, 32), (33, 38), (38, 33), (34, 40), (40, 34), (37, 38), (38, 37), (39, 40), (40, 39)]
Z_dad = [17, 19]
Y_dad = [27, 34]
X_dad = [6, 21]
Z_da-ad = [1, 3]
Y_da-ad = [5, 27]
X_da-ad = [7, 19]
