no              #fail
21.927          #totTm
0.935           #lastADTm
7               #itDAD
2.500           #avItADGoal
12              #itADOpt
6               #opt
6               #optDA-AD
1.032           #tmDA
0.0             #relGain

V = [1, 2, 3, 4, 5, 6, 7, 8, 9, 10, 11, 12, 13, 14, 15, 16, 17, 18, 19, 20, 21, 22, 23, 24, 25, 26, 27, 28, 29, 30, 31, 32, 33, 34, 35, 36, 37, 38, 39, 40]
A = [(1, 5), (5, 1), (1, 10), (10, 1), (1, 15), (15, 1), (1, 23), (23, 1), (1, 33), (33, 1), (1, 37), (37, 1), (2, 4), (4, 2), (2, 6), (6, 2), (2, 9), (9, 2), (2, 23), (23, 2), (3, 8), (8, 3), (3, 9), (9, 3), (3, 12), (12, 3), (3, 13), (13, 3), (3, 14), (14, 3), (3, 17), (17, 3), (3, 23), (23, 3), (3, 35), (35, 3), (4, 5), (5, 4), (4, 7), (7, 4), (4, 15), (15, 4), (4, 38), (38, 4), (5, 12), (12, 5), (5, 18), (18, 5), (5, 19), (19, 5), (5, 27), (27, 5), (5, 29), (29, 5), (5, 32), (32, 5), (6, 21), (21, 6), (6, 37), (37, 6), (7, 35), (35, 7), (7, 38), (38, 7), (8, 11), (11, 8), (8, 16), (16, 8), (8, 23), (23, 8), (8, 32), (32, 8), (8, 35), (35, 8), (8, 40), (40, 8), (9, 12), (12, 9), (9, 14), (14, 9), (9, 15), (15, 9), (9, 21), (21, 9), (9, 27), (27, 9), (9, 29), (29, 9), (10, 15), (15, 10), (10, 19), (19, 10), (10, 37), (37, 10), (10, 40), (40, 10), (11, 12), (12, 11), (11, 13), (13, 11), (11, 17), (17, 11), (11, 19), (19, 11), (11, 23), (23, 11), (11, 28), (28, 11), (11, 29), (29, 11), (13, 17), (17, 13), (13, 23), (23, 13), (13, 35), (35, 13), (13, 39), (39, 13), (14, 18), (18, 14), (14, 19), (19, 14), (14, 20), (20, 14), (14, 22), (22, 14), (14, 32), (32, 14), (15, 18), (18, 15), (15, 19), (19, 15), (15, 21), (21, 15), (15, 32), (32, 15), (16, 20), (20, 16), (17, 24), (24, 17), (17, 38), (38, 17), (17, 39), (39, 17), (18, 19), (19, 18), (18, 25), (25, 18), (18, 26), (26, 18), (18, 35), (35, 18), (18, 38), (38, 18), (19, 36), (36, 19), (19, 37), (37, 19), (20, 22), (22, 20), (20, 38), (38, 20), (21, 24), (24, 21), (21, 29), (29, 21), (22, 33), (33, 22), (22, 38), (38, 22), (23, 26), (26, 23), (23, 29), (29, 23), (23, 30), (30, 23), (23, 32), (32, 23), (23, 37), (37, 23), (25, 26), (26, 25), (25, 27), (27, 25), (25, 33), (33, 25), (25, 36), (36, 25), (25, 37), (37, 25), (25, 40), (40, 25), (26, 35), (35, 26), (27, 28), (28, 27), (27, 32), (32, 27), (27, 38), (38, 27), (28, 39), (39, 28), (29, 31), (31, 29), (29, 37), (37, 29), (30, 35), (35, 30), (32, 35), (35, 32), (33, 37), (37, 33), (34, 35), (35, 34), (35, 38), (38, 35), (38, 40), (40, 38)]
Z_dad = [29, 35]
Y_dad = [23, 31]
X_dad = [19, 25]
Z_da-ad = [23, 35]
Y_da-ad = [4, 34]
X_da-ad = [19, 25]
