no              #fail
352.234         #totTm
0.668           #lastADTm
10              #itDAD
3.556           #avItADGoal
8               #itADOpt
5               #opt
4               #optDA-AD
2.567           #tmDA
20.0            #relGain

V = [1, 2, 3, 4, 5, 6, 7, 8, 9, 10, 11, 12, 13, 14, 15, 16, 17, 18, 19, 20, 21, 22, 23, 24, 25, 26, 27, 28, 29, 30, 31, 32, 33, 34, 35, 36, 37, 38, 39, 40]
A = [(1, 3), (3, 1), (1, 11), (11, 1), (1, 12), (12, 1), (1, 15), (15, 1), (1, 32), (32, 1), (1, 36), (36, 1), (1, 37), (37, 1), (1, 38), (38, 1), (2, 19), (19, 2), (2, 27), (27, 2), (2, 32), (32, 2), (2, 35), (35, 2), (3, 18), (18, 3), (3, 19), (19, 3), (3, 21), (21, 3), (3, 29), (29, 3), (4, 10), (10, 4), (5, 6), (6, 5), (5, 8), (8, 5), (5, 14), (14, 5), (5, 29), (29, 5), (5, 30), (30, 5), (5, 31), (31, 5), (5, 39), (39, 5), (6, 11), (11, 6), (6, 21), (21, 6), (6, 23), (23, 6), (6, 38), (38, 6), (6, 40), (40, 6), (7, 13), (13, 7), (7, 14), (14, 7), (7, 22), (22, 7), (7, 25), (25, 7), (7, 27), (27, 7), (8, 11), (11, 8), (8, 20), (20, 8), (8, 22), (22, 8), (8, 24), (24, 8), (8, 29), (29, 8), (9, 27), (27, 9), (9, 32), (32, 9), (10, 15), (15, 10), (10, 27), (27, 10), (11, 17), (17, 11), (11, 28), (28, 11), (11, 29), (29, 11), (11, 33), (33, 11), (11, 39), (39, 11), (12, 13), (13, 12), (12, 28), (28, 12), (12, 30), (30, 12), (12, 32), (32, 12), (13, 14), (14, 13), (13, 16), (16, 13), (13, 18), (18, 13), (14, 20), (20, 14), (14, 26), (26, 14), (14, 38), (38, 14), (14, 39), (39, 14), (15, 19), (19, 15), (15, 38), (38, 15), (16, 18), (18, 16), (16, 23), (23, 16), (16, 27), (27, 16), (16, 32), (32, 16), (16, 39), (39, 16), (16, 40), (40, 16), (17, 18), (18, 17), (17, 23), (23, 17), (18, 24), (24, 18), (18, 26), (26, 18), (18, 28), (28, 18), (18, 32), (32, 18), (19, 23), (23, 19), (19, 25), (25, 19), (19, 27), (27, 19), (20, 21), (21, 20), (20, 35), (35, 20), (20, 39), (39, 20), (21, 23), (23, 21), (21, 33), (33, 21), (21, 34), (34, 21), (21, 38), (38, 21), (21, 40), (40, 21), (22, 29), (29, 22), (23, 24), (24, 23), (23, 26), (26, 23), (23, 31), (31, 23), (24, 27), (27, 24), (24, 34), (34, 24), (24, 35), (35, 24), (24, 37), (37, 24), (25, 26), (26, 25), (25, 28), (28, 25), (26, 32), (32, 26), (26, 37), (37, 26), (26, 38), (38, 26), (27, 30), (30, 27), (27, 38), (38, 27), (28, 31), (31, 28), (28, 37), (37, 28), (29, 35), (35, 29), (31, 33), (33, 31), (31, 37), (37, 31), (32, 33), (33, 32), (34, 35), (35, 34), (34, 37), (37, 34), (35, 37), (37, 35), (36, 39), (39, 36)]
Z_dad = [1, 32]
Y_dad = [27, 39]
X_dad = [9, 10]
Z_da-ad = [10, 36]
Y_da-ad = [4, 27]
X_da-ad = [9, 15]
