no              #fail
0.295           #totTm
0.229           #lastADTm
3               #itDAD
1.000           #avItADGoal
17              #itADOpt
18              #opt
18              #optDA-AD
0.186           #tmDA
0.0             #relGain

V = [1, 2, 3, 4, 5, 6, 7, 8, 9, 10, 11, 12, 13, 14, 15, 16, 17, 18, 19, 20]
A = [(1, 12), (12, 1), (2, 5), (5, 2), (2, 19), (19, 2), (3, 4), (4, 3), (4, 9), (9, 4), (6, 14), (14, 6), (8, 13), (13, 8), (8, 18), (18, 8), (13, 15), (15, 13)]
Z_dad = [2]
Y_dad = [4]
X_dad = [3]
Z_da-ad = [8]
Y_da-ad = [2]
X_da-ad = [5]
