no              #fail
0.321           #totTm
0.254           #lastADTm
3               #itDAD
1.000           #avItADGoal
18              #itADOpt
18              #opt
18              #optDA-AD
0.196           #tmDA
0.0             #relGain

V = [1, 2, 3, 4, 5, 6, 7, 8, 9, 10, 11, 12, 13, 14, 15, 16, 17, 18, 19, 20]
A = [(1, 16), (16, 1), (4, 13), (13, 4), (4, 16), (16, 4), (5, 19), (19, 5), (7, 9), (9, 7), (8, 9), (9, 8), (11, 14), (14, 11), (11, 18), (18, 11), (12, 16), (16, 12)]
Z_dad = [16]
Y_dad = [11]
X_dad = [14]
Z_da-ad = [16]
Y_da-ad = [11]
X_da-ad = [14]
