no              #fail
0.314           #totTm
0.242           #lastADTm
3               #itDAD
1.000           #avItADGoal
17              #itADOpt
18              #opt
18              #optDA-AD
0.163           #tmDA
0.0             #relGain

V = [1, 2, 3, 4, 5, 6, 7, 8, 9, 10, 11, 12, 13, 14, 15, 16, 17, 18, 19, 20]
A = [(1, 2), (2, 1), (1, 14), (14, 1), (2, 10), (10, 2), (4, 9), (9, 4), (4, 15), (15, 4), (7, 9), (9, 7), (7, 13), (13, 7), (16, 17), (17, 16), (16, 18), (18, 16)]
Z_dad = [9]
Y_dad = [16]
X_dad = [17]
Z_da-ad = [9]
Y_da-ad = [16]
X_da-ad = [17]
