no              #fail
0.269           #totTm
0.200           #lastADTm
3               #itDAD
1.000           #avItADGoal
17              #itADOpt
18              #opt
18              #optDA-AD
0.171           #tmDA
0.0             #relGain

V = [1, 2, 3, 4, 5, 6, 7, 8, 9, 10, 11, 12, 13, 14, 15, 16, 17, 18, 19, 20]
A = [(1, 5), (5, 1), (1, 19), (19, 1), (5, 13), (13, 5), (5, 14), (14, 5), (7, 8), (8, 7), (7, 10), (10, 7), (7, 14), (14, 7), (9, 14), (14, 9), (9, 16), (16, 9)]
Z_dad = [14]
Y_dad = [1]
X_dad = [5]
Z_da-ad = [14]
Y_da-ad = [1]
X_da-ad = [5]
