no              #fail
0.339           #totTm
0.278           #lastADTm
3               #itDAD
1.000           #avItADGoal
20              #itADOpt
19              #opt
19              #optDA-AD
0.172           #tmDA
0.0             #relGain

V = [1, 2, 3, 4, 5, 6, 7, 8, 9, 10, 11, 12, 13, 14, 15, 16, 17, 18, 19, 20]
A = [(1, 2), (2, 1), (2, 18), (18, 2), (3, 8), (8, 3), (4, 16), (16, 4), (6, 18), (18, 6), (6, 20), (20, 6), (10, 13), (13, 10), (15, 17), (17, 15), (16, 18), (18, 16)]
Z_dad = [18]
Y_dad = [1]
X_dad = [2]
Z_da-ad = [18]
Y_da-ad = [1]
X_da-ad = [2]
