no              #fail
0.311           #totTm
0.247           #lastADTm
3               #itDAD
1.000           #avItADGoal
19              #itADOpt
18              #opt
18              #optDA-AD
0.180           #tmDA
0.0             #relGain

V = [1, 2, 3, 4, 5, 6, 7, 8, 9, 10, 11, 12, 13, 14, 15, 16, 17, 18, 19, 20]
A = [(1, 4), (4, 1), (1, 6), (6, 1), (1, 8), (8, 1), (1, 16), (16, 1), (2, 14), (14, 2), (2, 16), (16, 2), (4, 8), (8, 4), (11, 18), (18, 11), (15, 20), (20, 15)]
Z_dad = [1]
Y_dad = [2]
X_dad = [14]
Z_da-ad = [1]
Y_da-ad = [2]
X_da-ad = [14]
