no              #fail
0.470           #totTm
0.327           #lastADTm
3               #itDAD
1.000           #avItADGoal
13              #itADOpt
16              #opt
16              #optDA-AD
0.242           #tmDA
0.0             #relGain

V = [1, 2, 3, 4, 5, 6, 7, 8, 9, 10, 11, 12, 13, 14, 15, 16, 17, 18, 19, 20]
A = [(2, 1), (1, 2), (3, 2), (2, 3), (4, 1), (1, 4), (5, 1), (1, 5), (6, 1), (1, 6), (7, 2), (2, 7), (8, 7), (7, 8), (9, 1), (1, 9), (10, 8), (8, 10), (11, 4), (4, 11), (12, 6), (6, 12), (13, 8), (8, 13), (14, 1), (1, 14), (15, 5), (5, 15), (16, 2), (2, 16), (17, 6), (6, 17), (18, 14), (14, 18), (19, 10), (10, 19), (20, 9), (9, 20)]
Z_dad = [1]
Y_dad = [8]
X_dad = [7]
Z_da-ad = [1]
Y_da-ad = [8]
X_da-ad = [7]
