no              #fail
0.255           #totTm
0.165           #lastADTm
3               #itDAD
1.000           #avItADGoal
9               #itADOpt
16              #opt
16              #optDA-AD
0.122           #tmDA
0.0             #relGain

V = [1, 2, 3, 4, 5, 6, 7, 8, 9, 10, 11, 12, 13, 14, 15, 16, 17, 18, 19, 20]
A = [(2, 1), (1, 2), (3, 1), (1, 3), (4, 3), (3, 4), (5, 2), (2, 5), (6, 2), (2, 6), (7, 6), (6, 7), (8, 2), (2, 8), (9, 7), (7, 9), (10, 5), (5, 10), (11, 5), (5, 11), (12, 11), (11, 12), (13, 2), (2, 13), (14, 6), (6, 14), (15, 1), (1, 15), (16, 6), (6, 16), (17, 4), (4, 17), (18, 6), (6, 18), (19, 5), (5, 19), (20, 15), (15, 20)]
Z_dad = [2]
Y_dad = [6]
X_dad = [7]
Z_da-ad = [2]
Y_da-ad = [6]
X_da-ad = [7]
