no              #fail
0.255           #totTm
0.150           #lastADTm
3               #itDAD
1.000           #avItADGoal
10              #itADOpt
14              #opt
14              #optDA-AD
0.164           #tmDA
0.0             #relGain

V = [1, 2, 3, 4, 5, 6, 7, 8, 9, 10, 11, 12, 13, 14, 15, 16, 17, 18, 19, 20]
A = [(2, 1), (1, 2), (3, 1), (1, 3), (4, 3), (3, 4), (5, 4), (4, 5), (6, 5), (5, 6), (7, 3), (3, 7), (8, 6), (6, 8), (9, 3), (3, 9), (10, 9), (9, 10), (11, 3), (3, 11), (12, 4), (4, 12), (13, 3), (3, 13), (14, 4), (4, 14), (15, 10), (10, 15), (16, 4), (4, 16), (17, 5), (5, 17), (18, 4), (4, 18), (19, 14), (14, 19), (20, 6), (6, 20)]
Z_dad = [4]
Y_dad = [3]
X_dad = [9]
Z_da-ad = [4]
Y_da-ad = [3]
X_da-ad = [9]
