no              #fail
0.303           #totTm
0.150           #lastADTm
4               #itDAD
1.000           #avItADGoal
10              #itADOpt
14              #opt
13              #optDA-AD
0.121           #tmDA
7.1             #relGain

V = [1, 2, 3, 4, 5, 6, 7, 8, 9, 10, 11, 12, 13, 14, 15, 16, 17, 18, 19, 20]
A = [(2, 1), (1, 2), (3, 2), (2, 3), (4, 3), (3, 4), (5, 2), (2, 5), (6, 5), (5, 6), (7, 5), (5, 7), (8, 4), (4, 8), (9, 8), (8, 9), (10, 1), (1, 10), (11, 4), (4, 11), (12, 7), (7, 12), (13, 7), (7, 13), (14, 11), (11, 14), (15, 13), (13, 15), (16, 10), (10, 16), (17, 4), (4, 17), (18, 4), (4, 18), (19, 18), (18, 19), (20, 11), (11, 20)]
Z_dad = [4]
Y_dad = [5]
X_dad = [2]
Z_da-ad = [2]
Y_da-ad = [4]
X_da-ad = [11]
