no              #fail
0.378           #totTm
0.218           #lastADTm
3               #itDAD
1.000           #avItADGoal
11              #itADOpt
17              #opt
17              #optDA-AD
0.150           #tmDA
0.0             #relGain

V = [1, 2, 3, 4, 5, 6, 7, 8, 9, 10, 11, 12, 13, 14, 15, 16, 17, 18, 19, 20]
A = [(2, 1), (1, 2), (3, 2), (2, 3), (4, 2), (2, 4), (5, 4), (4, 5), (6, 2), (2, 6), (7, 1), (1, 7), (8, 3), (3, 8), (9, 2), (2, 9), (10, 7), (7, 10), (11, 4), (4, 11), (12, 3), (3, 12), (13, 8), (8, 13), (14, 7), (7, 14), (15, 6), (6, 15), (16, 6), (6, 16), (17, 2), (2, 17), (18, 11), (11, 18), (19, 11), (11, 19), (20, 15), (15, 20)]
Z_dad = [2]
Y_dad = [7]
X_dad = [1]
Z_da-ad = [2]
Y_da-ad = [7]
X_da-ad = [1]
