no              #fail
0.493           #totTm
0.229           #lastADTm
3               #itDAD
1.000           #avItADGoal
9               #itADOpt
14              #opt
14              #optDA-AD
0.233           #tmDA
0.0             #relGain

V = [1, 2, 3, 4, 5, 6, 7, 8, 9, 10, 11, 12, 13, 14, 15, 16, 17, 18, 19, 20]
A = [(2, 1), (1, 2), (3, 1), (1, 3), (4, 1), (1, 4), (5, 4), (4, 5), (6, 2), (2, 6), (7, 4), (4, 7), (8, 7), (7, 8), (9, 7), (7, 9), (10, 3), (3, 10), (11, 2), (2, 11), (12, 10), (10, 12), (13, 11), (11, 13), (14, 2), (2, 14), (15, 1), (1, 15), (16, 7), (7, 16), (17, 5), (5, 17), (18, 9), (9, 18), (19, 16), (16, 19), (20, 15), (15, 20)]
Z_dad = [1]
Y_dad = [7]
X_dad = [4]
Z_da-ad = [1]
Y_da-ad = [7]
X_da-ad = [4]
