no              #fail
0.422           #totTm
0.257           #lastADTm
3               #itDAD
1.000           #avItADGoal
8               #itADOpt
15              #opt
15              #optDA-AD
0.370           #tmDA
0.0             #relGain

V = [1, 2, 3, 4, 5, 6, 7, 8, 9, 10, 11, 12, 13, 14, 15, 16, 17, 18, 19, 20]
A = [(2, 1), (1, 2), (3, 1), (1, 3), (4, 2), (2, 4), (5, 1), (1, 5), (6, 4), (4, 6), (7, 3), (3, 7), (8, 4), (4, 8), (9, 8), (8, 9), (10, 8), (8, 10), (11, 9), (9, 11), (12, 4), (4, 12), (13, 12), (12, 13), (14, 2), (2, 14), (15, 1), (1, 15), (16, 4), (4, 16), (17, 3), (3, 17), (18, 14), (14, 18), (19, 2), (2, 19), (20, 14), (14, 20)]
Z_dad = [2]
Y_dad = [4]
X_dad = [8]
Z_da-ad = [2]
Y_da-ad = [4]
X_da-ad = [8]
