no              #fail
0.241           #totTm
0.153           #lastADTm
3               #itDAD
1.000           #avItADGoal
11              #itADOpt
15              #opt
13              #optDA-AD
0.137           #tmDA
13.3            #relGain

V = [1, 2, 3, 4, 5, 6, 7, 8, 9, 10, 11, 12, 13, 14, 15, 16, 17, 18, 19, 20]
A = [(2, 1), (1, 2), (3, 1), (1, 3), (4, 1), (1, 4), (5, 3), (3, 5), (6, 4), (4, 6), (7, 4), (4, 7), (8, 4), (4, 8), (9, 4), (4, 9), (10, 1), (1, 10), (11, 7), (7, 11), (12, 11), (11, 12), (13, 2), (2, 13), (14, 2), (2, 14), (15, 4), (4, 15), (16, 2), (2, 16), (17, 2), (2, 17), (18, 4), (4, 18), (19, 5), (5, 19), (20, 9), (9, 20)]
Z_dad = [4]
Y_dad = [2]
X_dad = [1]
Z_da-ad = [1]
Y_da-ad = [4]
X_da-ad = [7]
