no              #fail
0.448           #totTm
0.257           #lastADTm
3               #itDAD
1.000           #avItADGoal
11              #itADOpt
14              #opt
13              #optDA-AD
0.193           #tmDA
7.1             #relGain

V = [1, 2, 3, 4, 5, 6, 7, 8, 9, 10, 11, 12, 13, 14, 15, 16, 17, 18, 19, 20]
A = [(2, 1), (1, 2), (3, 1), (1, 3), (4, 2), (2, 4), (5, 1), (1, 5), (6, 2), (2, 6), (7, 2), (2, 7), (8, 5), (5, 8), (9, 3), (3, 9), (10, 1), (1, 10), (11, 10), (10, 11), (12, 11), (11, 12), (13, 9), (9, 13), (14, 7), (7, 14), (15, 2), (2, 15), (16, 12), (12, 16), (17, 4), (4, 17), (18, 6), (6, 18), (19, 2), (2, 19), (20, 17), (17, 20)]
Z_dad = [2]
Y_dad = [1]
X_dad = [10]
Z_da-ad = [1]
Y_da-ad = [2]
X_da-ad = [4]
