no              #fail
0.473           #totTm
0.327           #lastADTm
3               #itDAD
1.000           #avItADGoal
12              #itADOpt
16              #opt
16              #optDA-AD
0.237           #tmDA
0.0             #relGain

V = [1, 2, 3, 4, 5, 6, 7, 8, 9, 10, 11, 12, 13, 14, 15, 16, 17, 18, 19, 20]
A = [(2, 1), (1, 2), (3, 1), (1, 3), (4, 1), (1, 4), (5, 4), (4, 5), (6, 1), (1, 6), (7, 6), (6, 7), (8, 5), (5, 8), (9, 2), (2, 9), (10, 1), (1, 10), (11, 9), (9, 11), (12, 2), (2, 12), (13, 1), (1, 13), (14, 3), (3, 14), (15, 8), (8, 15), (16, 7), (7, 16), (17, 13), (13, 17), (18, 4), (4, 18), (19, 16), (16, 19), (20, 5), (5, 20)]
Z_dad = [1]
Y_dad = [5]
X_dad = [8]
Z_da-ad = [1]
Y_da-ad = [5]
X_da-ad = [8]
