no              #fail
0.248           #totTm
0.163           #lastADTm
3               #itDAD
1.000           #avItADGoal
11              #itADOpt
15              #opt
15              #optDA-AD
0.127           #tmDA
0.0             #relGain

V = [1, 2, 3, 4, 5, 6, 7, 8, 9, 10, 11, 12, 13, 14, 15, 16, 17, 18, 19, 20]
A = [(2, 1), (1, 2), (3, 1), (1, 3), (4, 2), (2, 4), (5, 4), (4, 5), (6, 3), (3, 6), (7, 5), (5, 7), (8, 4), (4, 8), (9, 4), (4, 9), (10, 4), (4, 10), (11, 8), (8, 11), (12, 8), (8, 12), (13, 6), (6, 13), (14, 9), (9, 14), (15, 3), (3, 15), (16, 4), (4, 16), (17, 14), (14, 17), (18, 1), (1, 18), (19, 14), (14, 19), (20, 13), (13, 20)]
Z_dad = [4]
Y_dad = [3]
X_dad = [6]
Z_da-ad = [4]
Y_da-ad = [3]
X_da-ad = [6]
