no              #fail
0.253           #totTm
0.165           #lastADTm
3               #itDAD
1.000           #avItADGoal
11              #itADOpt
17              #opt
17              #optDA-AD
0.147           #tmDA
0.0             #relGain

V = [1, 2, 3, 4, 5, 6, 7, 8, 9, 10, 11, 12, 13, 14, 15, 16, 17, 18, 19, 20]
A = [(2, 1), (1, 2), (3, 1), (1, 3), (4, 1), (1, 4), (5, 3), (3, 5), (6, 4), (4, 6), (7, 3), (3, 7), (8, 1), (1, 8), (9, 4), (4, 9), (10, 2), (2, 10), (11, 3), (3, 11), (12, 2), (2, 12), (13, 4), (4, 13), (14, 9), (9, 14), (15, 8), (8, 15), (16, 12), (12, 16), (17, 1), (1, 17), (18, 16), (16, 18), (19, 2), (2, 19), (20, 1), (1, 20)]
Z_dad = [1]
Y_dad = [2]
X_dad = [12]
Z_da-ad = [1]
Y_da-ad = [2]
X_da-ad = [12]
