no              #fail
0.434           #totTm
0.289           #lastADTm
3               #itDAD
1.000           #avItADGoal
11              #itADOpt
16              #opt
16              #optDA-AD
0.218           #tmDA
0.0             #relGain

V = [1, 2, 3, 4, 5, 6, 7, 8, 9, 10, 11, 12, 13, 14, 15, 16, 17, 18, 19, 20]
A = [(2, 1), (1, 2), (3, 2), (2, 3), (4, 3), (3, 4), (5, 1), (1, 5), (6, 1), (1, 6), (7, 1), (1, 7), (8, 1), (1, 8), (9, 4), (4, 9), (10, 8), (8, 10), (11, 10), (10, 11), (12, 1), (1, 12), (13, 6), (6, 13), (14, 11), (11, 14), (15, 3), (3, 15), (16, 11), (11, 16), (17, 7), (7, 17), (18, 6), (6, 18), (19, 8), (8, 19), (20, 2), (2, 20)]
Z_dad = [1]
Y_dad = [3]
X_dad = [4]
Z_da-ad = [1]
Y_da-ad = [3]
X_da-ad = [4]
