no              #fail
0.256           #totTm
0.104           #lastADTm
4               #itDAD
1.000           #avItADGoal
6               #itADOpt
14              #opt
14              #optDA-AD
0.108           #tmDA
0.0             #relGain

V = [1, 2, 3, 4, 5, 6, 7, 8, 9, 10, 11, 12, 13, 14, 15, 16, 17, 18, 19, 20]
A = [(2, 1), (1, 2), (3, 2), (2, 3), (4, 2), (2, 4), (5, 2), (2, 5), (6, 5), (5, 6), (7, 3), (3, 7), (8, 5), (5, 8), (9, 7), (7, 9), (10, 9), (9, 10), (11, 8), (8, 11), (12, 8), (8, 12), (13, 3), (3, 13), (14, 11), (11, 14), (15, 14), (14, 15), (16, 7), (7, 16), (17, 8), (8, 17), (18, 16), (16, 18), (19, 17), (17, 19), (20, 1), (1, 20)]
Z_dad = [5]
Y_dad = [3]
X_dad = [7]
Z_da-ad = [2]
Y_da-ad = [8]
X_da-ad = [11]
