no              #fail
0.243           #totTm
0.144           #lastADTm
3               #itDAD
1.000           #avItADGoal
9               #itADOpt
14              #opt
14              #optDA-AD
0.132           #tmDA
0.0             #relGain

V = [1, 2, 3, 4, 5, 6, 7, 8, 9, 10, 11, 12, 13, 14, 15, 16, 17, 18, 19, 20]
A = [(2, 1), (1, 2), (3, 1), (1, 3), (4, 3), (3, 4), (5, 1), (1, 5), (6, 2), (2, 6), (7, 5), (5, 7), (8, 5), (5, 8), (9, 1), (1, 9), (10, 5), (5, 10), (11, 7), (7, 11), (12, 10), (10, 12), (13, 4), (4, 13), (14, 12), (12, 14), (15, 14), (14, 15), (16, 8), (8, 16), (17, 6), (6, 17), (18, 1), (1, 18), (19, 7), (7, 19), (20, 14), (14, 20)]
Z_dad = [5]
Y_dad = [1]
X_dad = [3]
Z_da-ad = [5]
Y_da-ad = [1]
X_da-ad = [3]
