no              #fail
14.761          #totTm
4.379           #lastADTm
5               #itDAD
5.000           #avItADGoal
16              #itADOpt
6               #opt
6               #optDA-AD
0.334           #tmDA
0.0             #relGain

V = [1, 2, 3, 4, 5, 6, 7, 8, 9, 10, 11, 12, 13, 14, 15, 16, 17, 18, 19, 20, 21, 22, 23, 24, 25, 26, 27, 28, 29, 30, 31, 32, 33, 34, 35, 36, 37, 38, 39, 40]
A = [(1, 14), (14, 1), (1, 20), (20, 1), (1, 27), (27, 1), (1, 39), (39, 1), (1, 40), (40, 1), (2, 11), (11, 2), (2, 13), (13, 2), (2, 21), (21, 2), (2, 22), (22, 2), (2, 24), (24, 2), (2, 31), (31, 2), (2, 33), (33, 2), (2, 38), (38, 2), (3, 17), (17, 3), (3, 18), (18, 3), (3, 20), (20, 3), (3, 30), (30, 3), (3, 36), (36, 3), (3, 39), (39, 3), (4, 5), (5, 4), (4, 6), (6, 4), (4, 11), (11, 4), (4, 21), (21, 4), (4, 25), (25, 4), (4, 31), (31, 4), (4, 34), (34, 4), (4, 35), (35, 4), (5, 12), (12, 5), (5, 25), (25, 5), (5, 33), (33, 5), (5, 35), (35, 5), (7, 11), (11, 7), (7, 12), (12, 7), (7, 13), (13, 7), (7, 16), (16, 7), (7, 17), (17, 7), (7, 18), (18, 7), (7, 19), (19, 7), (7, 33), (33, 7), (7, 34), (34, 7), (8, 11), (11, 8), (8, 13), (13, 8), (8, 29), (29, 8), (8, 30), (30, 8), (9, 28), (28, 9), (9, 30), (30, 9), (10, 22), (22, 10), (10, 29), (29, 10), (10, 34), (34, 10), (11, 19), (19, 11), (11, 26), (26, 11), (11, 28), (28, 11), (12, 17), (17, 12), (12, 18), (18, 12), (12, 31), (31, 12), (12, 35), (35, 12), (12, 36), (36, 12), (12, 37), (37, 12), (13, 23), (23, 13), (13, 25), (25, 13), (13, 39), (39, 13), (13, 40), (40, 13), (14, 29), (29, 14), (15, 30), (30, 15), (16, 35), (35, 16), (17, 30), (30, 17), (17, 40), (40, 17), (18, 19), (19, 18), (18, 40), (40, 18), (19, 27), (27, 19), (19, 34), (34, 19), (20, 21), (21, 20), (20, 30), (30, 20), (21, 36), (36, 21), (21, 37), (37, 21), (21, 38), (38, 21), (22, 23), (23, 22), (22, 33), (33, 22), (22, 35), (35, 22), (22, 36), (36, 22), (22, 40), (40, 22), (23, 31), (31, 23), (23, 39), (39, 23), (23, 40), (40, 23), (24, 32), (32, 24), (24, 35), (35, 24), (25, 32), (32, 25), (25, 38), (38, 25), (26, 30), (30, 26), (26, 37), (37, 26), (26, 39), (39, 26), (28, 30), (30, 28), (28, 32), (32, 28), (28, 38), (38, 28), (29, 33), (33, 29), (30, 40), (40, 30), (31, 35), (35, 31), (33, 36), (36, 33), (34, 36), (36, 34), (36, 38), (38, 36), (37, 40), (40, 37)]
Z_dad = [30]
Y_dad = [7, 15, 21]
X_dad = [4, 13, 28]
Z_da-ad = [30]
Y_da-ad = [1, 6, 9]
X_da-ad = [4, 7, 35]
