no              #fail
60.904          #totTm
3.431           #lastADTm
8               #itDAD
4.857           #avItADGoal
11              #itADOpt
5               #opt
5               #optDA-AD
0.209           #tmDA
0.0             #relGain

V = [1, 2, 3, 4, 5, 6, 7, 8, 9, 10, 11, 12, 13, 14, 15, 16, 17, 18, 19, 20, 21, 22, 23, 24, 25, 26, 27, 28, 29, 30, 31, 32, 33, 34, 35, 36, 37, 38, 39, 40]
A = [(1, 16), (16, 1), (1, 27), (27, 1), (1, 32), (32, 1), (2, 27), (27, 2), (2, 30), (30, 2), (2, 39), (39, 2), (3, 5), (5, 3), (3, 9), (9, 3), (3, 15), (15, 3), (3, 26), (26, 3), (3, 37), (37, 3), (5, 8), (8, 5), (5, 18), (18, 5), (5, 26), (26, 5), (5, 34), (34, 5), (5, 37), (37, 5), (5, 38), (38, 5), (5, 39), (39, 5), (5, 40), (40, 5), (6, 8), (8, 6), (6, 9), (9, 6), (6, 17), (17, 6), (6, 20), (20, 6), (6, 26), (26, 6), (6, 38), (38, 6), (7, 15), (15, 7), (7, 19), (19, 7), (7, 29), (29, 7), (7, 39), (39, 7), (8, 15), (15, 8), (8, 16), (16, 8), (8, 17), (17, 8), (8, 22), (22, 8), (8, 29), (29, 8), (8, 37), (37, 8), (8, 38), (38, 8), (8, 40), (40, 8), (9, 13), (13, 9), (9, 21), (21, 9), (9, 31), (31, 9), (9, 32), (32, 9), (9, 35), (35, 9), (9, 38), (38, 9), (10, 15), (15, 10), (10, 27), (27, 10), (10, 30), (30, 10), (10, 31), (31, 10), (10, 35), (35, 10), (11, 14), (14, 11), (11, 20), (20, 11), (11, 25), (25, 11), (11, 33), (33, 11), (11, 36), (36, 11), (11, 37), (37, 11), (12, 14), (14, 12), (12, 20), (20, 12), (13, 27), (27, 13), (13, 31), (31, 13), (13, 39), (39, 13), (14, 34), (34, 14), (16, 17), (17, 16), (16, 40), (40, 16), (17, 20), (20, 17), (17, 22), (22, 17), (17, 36), (36, 17), (17, 40), (40, 17), (18, 25), (25, 18), (18, 26), (26, 18), (18, 28), (28, 18), (18, 40), (40, 18), (19, 26), (26, 19), (19, 27), (27, 19), (19, 32), (32, 19), (20, 32), (32, 20), (20, 34), (34, 20), (21, 26), (26, 21), (21, 27), (27, 21), (21, 33), (33, 21), (21, 35), (35, 21), (22, 24), (24, 22), (22, 30), (30, 22), (22, 31), (31, 22), (22, 35), (35, 22), (23, 25), (25, 23), (23, 38), (38, 23), (24, 31), (31, 24), (24, 35), (35, 24), (24, 38), (38, 24), (25, 26), (26, 25), (25, 28), (28, 25), (25, 36), (36, 25), (26, 39), (39, 26), (27, 29), (29, 27), (28, 31), (31, 28), (30, 35), (35, 30), (30, 40), (40, 30), (31, 33), (33, 31), (31, 38), (38, 31), (34, 38), (38, 34), (36, 39), (39, 36), (36, 40), (40, 36)]
Z_dad = [31]
Y_dad = [4, 11, 38]
X_dad = [7, 8, 27]
Z_da-ad = [1]
Y_da-ad = [4, 34]
X_da-ad = [11, 21, 31]
