no              #fail
13.906          #totTm
5.167           #lastADTm
5               #itDAD
2.000           #avItADGoal
15              #itADOpt
6               #opt
6               #optDA-AD
0.265           #tmDA
0.0             #relGain

V = [1, 2, 3, 4, 5, 6, 7, 8, 9, 10, 11, 12, 13, 14, 15, 16, 17, 18, 19, 20, 21, 22, 23, 24, 25, 26, 27, 28, 29, 30, 31, 32, 33, 34, 35, 36, 37, 38, 39, 40]
A = [(1, 10), (10, 1), (1, 20), (20, 1), (1, 22), (22, 1), (1, 23), (23, 1), (1, 29), (29, 1), (1, 31), (31, 1), (1, 36), (36, 1), (2, 29), (29, 2), (2, 38), (38, 2), (3, 22), (22, 3), (3, 25), (25, 3), (3, 35), (35, 3), (4, 8), (8, 4), (4, 20), (20, 4), (4, 36), (36, 4), (5, 14), (14, 5), (5, 19), (19, 5), (5, 31), (31, 5), (5, 33), (33, 5), (5, 37), (37, 5), (5, 38), (38, 5), (6, 20), (20, 6), (6, 21), (21, 6), (6, 23), (23, 6), (6, 28), (28, 6), (6, 30), (30, 6), (6, 33), (33, 6), (6, 36), (36, 6), (6, 38), (38, 6), (7, 8), (8, 7), (8, 12), (12, 8), (8, 18), (18, 8), (8, 22), (22, 8), (8, 23), (23, 8), (8, 25), (25, 8), (8, 34), (34, 8), (8, 37), (37, 8), (9, 10), (10, 9), (9, 15), (15, 9), (9, 16), (16, 9), (9, 24), (24, 9), (9, 27), (27, 9), (9, 28), (28, 9), (10, 16), (16, 10), (10, 30), (30, 10), (10, 31), (31, 10), (11, 15), (15, 11), (11, 18), (18, 11), (11, 22), (22, 11), (11, 25), (25, 11), (11, 26), (26, 11), (11, 38), (38, 11), (12, 40), (40, 12), (13, 16), (16, 13), (13, 28), (28, 13), (13, 36), (36, 13), (14, 24), (24, 14), (14, 32), (32, 14), (15, 20), (20, 15), (15, 21), (21, 15), (15, 24), (24, 15), (15, 28), (28, 15), (15, 35), (35, 15), (16, 25), (25, 16), (16, 31), (31, 16), (16, 37), (37, 16), (17, 25), (25, 17), (17, 30), (30, 17), (17, 39), (39, 17), (18, 21), (21, 18), (18, 36), (36, 18), (18, 37), (37, 18), (19, 31), (31, 19), (20, 39), (39, 20), (21, 22), (22, 21), (21, 25), (25, 21), (21, 31), (31, 21), (21, 32), (32, 21), (21, 35), (35, 21), (21, 36), (36, 21), (23, 26), (26, 23), (23, 30), (30, 23), (23, 40), (40, 23), (24, 33), (33, 24), (24, 34), (34, 24), (25, 29), (29, 25), (25, 33), (33, 25), (25, 36), (36, 25), (26, 33), (33, 26), (27, 39), (39, 27), (28, 36), (36, 28), (28, 37), (37, 28), (29, 37), (37, 29), (30, 35), (35, 30), (31, 32), (32, 31), (31, 33), (33, 31), (31, 36), (36, 31), (32, 35), (35, 32), (32, 37), (37, 32), (32, 40), (40, 32), (35, 40), (40, 35)]
Z_dad = [8]
Y_dad = [7, 11, 31]
X_dad = [24, 30, 40]
Z_da-ad = [8]
Y_da-ad = [2, 4, 7]
X_da-ad = [24, 35, 40]
