no              #fail
14.502          #totTm
2.506           #lastADTm
6               #itDAD
3.000           #avItADGoal
12              #itADOpt
5               #opt
5               #optDA-AD
0.257           #tmDA
0.0             #relGain

V = [1, 2, 3, 4, 5, 6, 7, 8, 9, 10, 11, 12, 13, 14, 15, 16, 17, 18, 19, 20, 21, 22, 23, 24, 25, 26, 27, 28, 29, 30, 31, 32, 33, 34, 35, 36, 37, 38, 39, 40]
A = [(1, 2), (2, 1), (1, 6), (6, 1), (1, 22), (22, 1), (1, 27), (27, 1), (2, 5), (5, 2), (2, 7), (7, 2), (2, 13), (13, 2), (2, 17), (17, 2), (2, 19), (19, 2), (2, 21), (21, 2), (2, 26), (26, 2), (3, 11), (11, 3), (3, 20), (20, 3), (3, 23), (23, 3), (3, 26), (26, 3), (3, 36), (36, 3), (4, 14), (14, 4), (4, 15), (15, 4), (4, 20), (20, 4), (4, 32), (32, 4), (4, 38), (38, 4), (4, 40), (40, 4), (5, 8), (8, 5), (5, 17), (17, 5), (5, 34), (34, 5), (5, 36), (36, 5), (6, 14), (14, 6), (6, 30), (30, 6), (6, 35), (35, 6), (7, 15), (15, 7), (7, 16), (16, 7), (7, 20), (20, 7), (7, 30), (30, 7), (8, 12), (12, 8), (8, 15), (15, 8), (8, 19), (19, 8), (8, 39), (39, 8), (9, 18), (18, 9), (9, 27), (27, 9), (9, 37), (37, 9), (10, 12), (12, 10), (11, 13), (13, 11), (11, 14), (14, 11), (11, 21), (21, 11), (11, 22), (22, 11), (11, 23), (23, 11), (11, 26), (26, 11), (11, 27), (27, 11), (11, 28), (28, 11), (11, 37), (37, 11), (12, 23), (23, 12), (12, 24), (24, 12), (12, 30), (30, 12), (12, 36), (36, 12), (12, 40), (40, 12), (13, 15), (15, 13), (13, 16), (16, 13), (13, 33), (33, 13), (14, 22), (22, 14), (14, 34), (34, 14), (15, 26), (26, 15), (15, 34), (34, 15), (15, 38), (38, 15), (16, 26), (26, 16), (16, 29), (29, 16), (17, 38), (38, 17), (18, 19), (19, 18), (18, 21), (21, 18), (18, 34), (34, 18), (18, 38), (38, 18), (19, 28), (28, 19), (19, 31), (31, 19), (19, 40), (40, 19), (20, 21), (21, 20), (20, 27), (27, 20), (21, 39), (39, 21), (22, 35), (35, 22), (22, 38), (38, 22), (22, 39), (39, 22), (23, 25), (25, 23), (23, 38), (38, 23), (23, 39), (39, 23), (24, 27), (27, 24), (24, 34), (34, 24), (24, 37), (37, 24), (25, 26), (26, 25), (25, 27), (27, 25), (25, 31), (31, 25), (25, 36), (36, 25), (26, 37), (37, 26), (27, 28), (28, 27), (27, 29), (29, 27), (27, 33), (33, 27), (28, 32), (32, 28), (30, 38), (38, 30), (32, 37), (37, 32), (32, 39), (39, 32), (33, 35), (35, 33), (33, 38), (38, 33), (35, 38), (38, 35), (38, 39), (39, 38)]
Z_dad = [27]
Y_dad = [12, 16, 38]
X_dad = [19, 25, 34]
Z_da-ad = [12]
Y_da-ad = [10, 25, 38]
X_da-ad = [4, 17, 19]
