no              #fail
20.713          #totTm
2.429           #lastADTm
8               #itDAD
3.000           #avItADGoal
10              #itADOpt
5               #opt
5               #optDA-AD
0.192           #tmDA
0.0             #relGain

V = [1, 2, 3, 4, 5, 6, 7, 8, 9, 10, 11, 12, 13, 14, 15, 16, 17, 18, 19, 20, 21, 22, 23, 24, 25, 26, 27, 28, 29, 30, 31, 32, 33, 34, 35, 36, 37, 38, 39, 40]
A = [(1, 2), (2, 1), (1, 5), (5, 1), (1, 22), (22, 1), (1, 32), (32, 1), (1, 34), (34, 1), (1, 35), (35, 1), (2, 16), (16, 2), (2, 20), (20, 2), (2, 34), (34, 2), (2, 35), (35, 2), (3, 25), (25, 3), (3, 28), (28, 3), (3, 33), (33, 3), (3, 35), (35, 3), (3, 37), (37, 3), (4, 9), (9, 4), (4, 16), (16, 4), (4, 21), (21, 4), (4, 29), (29, 4), (4, 38), (38, 4), (5, 23), (23, 5), (5, 32), (32, 5), (5, 38), (38, 5), (6, 8), (8, 6), (6, 24), (24, 6), (6, 37), (37, 6), (7, 8), (8, 7), (7, 10), (10, 7), (7, 14), (14, 7), (7, 21), (21, 7), (7, 24), (24, 7), (7, 39), (39, 7), (7, 40), (40, 7), (8, 11), (11, 8), (8, 13), (13, 8), (8, 28), (28, 8), (9, 15), (15, 9), (9, 20), (20, 9), (9, 28), (28, 9), (9, 35), (35, 9), (9, 36), (36, 9), (9, 39), (39, 9), (10, 15), (15, 10), (10, 34), (34, 10), (11, 19), (19, 11), (11, 20), (20, 11), (11, 39), (39, 11), (12, 19), (19, 12), (12, 21), (21, 12), (12, 26), (26, 12), (12, 29), (29, 12), (12, 31), (31, 12), (12, 36), (36, 12), (13, 35), (35, 13), (13, 39), (39, 13), (13, 40), (40, 13), (14, 27), (27, 14), (14, 33), (33, 14), (14, 34), (34, 14), (14, 35), (35, 14), (15, 18), (18, 15), (15, 20), (20, 15), (15, 24), (24, 15), (15, 29), (29, 15), (15, 32), (32, 15), (17, 25), (25, 17), (17, 30), (30, 17), (17, 35), (35, 17), (17, 37), (37, 17), (18, 28), (28, 18), (18, 30), (30, 18), (18, 35), (35, 18), (19, 25), (25, 19), (19, 35), (35, 19), (20, 37), (37, 20), (21, 26), (26, 21), (22, 32), (32, 22), (23, 28), (28, 23), (23, 35), (35, 23), (24, 26), (26, 24), (24, 35), (35, 24), (25, 26), (26, 25), (26, 32), (32, 26), (26, 33), (33, 26), (26, 35), (35, 26), (26, 40), (40, 26), (27, 36), (36, 27), (28, 30), (30, 28), (28, 31), (31, 28), (29, 31), (31, 29), (29, 37), (37, 29), (29, 40), (40, 29), (31, 35), (35, 31), (32, 33), (33, 32), (32, 34), (34, 32), (32, 35), (35, 32), (32, 37), (37, 32), (34, 37), (37, 34), (35, 39), (39, 35), (36, 40), (40, 36), (37, 40), (40, 37)]
Z_dad = [32]
Y_dad = [1, 4, 35]
X_dad = [3, 14, 26]
Z_da-ad = [1]
Y_da-ad = [16, 22, 38]
X_da-ad = [5, 28, 35]
