no              #fail
6.464           #totTm
2.675           #lastADTm
4               #itDAD
1.000           #avItADGoal
19              #itADOpt
6               #opt
5               #optDA-AD
0.256           #tmDA
16.7            #relGain

V = [1, 2, 3, 4, 5, 6, 7, 8, 9, 10, 11, 12, 13, 14, 15, 16, 17, 18, 19, 20, 21, 22, 23, 24, 25, 26, 27, 28, 29, 30, 31, 32, 33, 34, 35, 36, 37, 38, 39, 40]
A = [(1, 4), (4, 1), (1, 7), (7, 1), (1, 21), (21, 1), (1, 24), (24, 1), (2, 30), (30, 2), (2, 34), (34, 2), (3, 5), (5, 3), (3, 12), (12, 3), (3, 13), (13, 3), (3, 14), (14, 3), (3, 31), (31, 3), (3, 39), (39, 3), (3, 40), (40, 3), (4, 10), (10, 4), (4, 14), (14, 4), (4, 18), (18, 4), (4, 27), (27, 4), (4, 34), (34, 4), (4, 37), (37, 4), (5, 10), (10, 5), (5, 16), (16, 5), (5, 21), (21, 5), (5, 27), (27, 5), (6, 29), (29, 6), (6, 31), (31, 6), (6, 33), (33, 6), (6, 38), (38, 6), (7, 11), (11, 7), (7, 15), (15, 7), (7, 37), (37, 7), (7, 38), (38, 7), (8, 14), (14, 8), (8, 23), (23, 8), (8, 26), (26, 8), (8, 28), (28, 8), (8, 37), (37, 8), (9, 20), (20, 9), (11, 22), (22, 11), (11, 23), (23, 11), (11, 27), (27, 11), (11, 31), (31, 11), (12, 24), (24, 12), (12, 25), (25, 12), (12, 34), (34, 12), (13, 15), (15, 13), (13, 19), (19, 13), (13, 27), (27, 13), (13, 32), (32, 13), (14, 19), (19, 14), (15, 19), (19, 15), (15, 22), (22, 15), (15, 36), (36, 15), (16, 17), (17, 16), (17, 19), (19, 17), (17, 25), (25, 17), (17, 31), (31, 17), (17, 33), (33, 17), (17, 39), (39, 17), (17, 40), (40, 17), (18, 34), (34, 18), (18, 36), (36, 18), (18, 39), (39, 18), (19, 22), (22, 19), (19, 30), (30, 19), (19, 34), (34, 19), (19, 37), (37, 19), (20, 22), (22, 20), (20, 34), (34, 20), (22, 24), (24, 22), (22, 29), (29, 22), (22, 32), (32, 22), (22, 35), (35, 22), (23, 25), (25, 23), (23, 26), (26, 23), (23, 27), (27, 23), (23, 32), (32, 23), (23, 37), (37, 23), (23, 38), (38, 23), (24, 28), (28, 24), (24, 38), (38, 24), (25, 30), (30, 25), (25, 35), (35, 25), (25, 38), (38, 25), (25, 39), (39, 25), (26, 34), (34, 26), (26, 36), (36, 26), (27, 35), (35, 27), (27, 38), (38, 27), (28, 37), (37, 28), (29, 31), (31, 29), (29, 34), (34, 29), (30, 40), (40, 30), (31, 33), (33, 31), (31, 34), (34, 31), (31, 39), (39, 31), (33, 34), (34, 33), (33, 38), (38, 33), (33, 40), (40, 33), (34, 35), (35, 34), (34, 38), (38, 34), (39, 40), (40, 39)]
Z_dad = [5]
Y_dad = [4, 17, 22]
X_dad = [1, 10, 20]
Z_da-ad = [20]
Y_da-ad = [1, 4, 9]
X_da-ad = [3, 5, 17]
