no              #fail
22.950          #totTm
2.437           #lastADTm
8               #itDAD
2.000           #avItADGoal
8               #itADOpt
6               #opt
6               #optDA-AD
0.33            #tmDA
0.0             #relGain

V = [1, 2, 3, 4, 5, 6, 7, 8, 9, 10, 11, 12, 13, 14, 15, 16, 17, 18, 19, 20, 21, 22, 23, 24, 25, 26, 27, 28, 29, 30, 31, 32, 33, 34, 35, 36, 37, 38, 39, 40]
A = [(1, 9), (9, 1), (1, 13), (13, 1), (1, 28), (28, 1), (2, 24), (24, 2), (2, 26), (26, 2), (2, 29), (29, 2), (2, 35), (35, 2), (2, 37), (37, 2), (3, 25), (25, 3), (3, 40), (40, 3), (4, 9), (9, 4), (4, 10), (10, 4), (4, 27), (27, 4), (4, 32), (32, 4), (5, 11), (11, 5), (5, 19), (19, 5), (5, 22), (22, 5), (6, 10), (10, 6), (6, 12), (12, 6), (6, 17), (17, 6), (6, 18), (18, 6), (6, 30), (30, 6), (6, 31), (31, 6), (7, 10), (10, 7), (7, 23), (23, 7), (7, 24), (24, 7), (7, 29), (29, 7), (7, 36), (36, 7), (8, 11), (11, 8), (8, 13), (13, 8), (8, 16), (16, 8), (8, 17), (17, 8), (8, 25), (25, 8), (8, 26), (26, 8), (8, 27), (27, 8), (8, 40), (40, 8), (9, 21), (21, 9), (9, 30), (30, 9), (9, 31), (31, 9), (9, 32), (32, 9), (10, 16), (16, 10), (10, 23), (23, 10), (10, 26), (26, 10), (11, 19), (19, 11), (11, 28), (28, 11), (11, 29), (29, 11), (12, 14), (14, 12), (12, 15), (15, 12), (12, 23), (23, 12), (12, 25), (25, 12), (12, 26), (26, 12), (12, 31), (31, 12), (12, 36), (36, 12), (13, 15), (15, 13), (13, 17), (17, 13), (13, 20), (20, 13), (13, 23), (23, 13), (13, 36), (36, 13), (14, 24), (24, 14), (14, 30), (30, 14), (14, 32), (32, 14), (14, 35), (35, 14), (14, 39), (39, 14), (16, 31), (31, 16), (16, 36), (36, 16), (16, 40), (40, 16), (17, 27), (27, 17), (17, 33), (33, 17), (18, 25), (25, 18), (19, 27), (27, 19), (19, 29), (29, 19), (19, 32), (32, 19), (19, 37), (37, 19), (19, 39), (39, 19), (19, 40), (40, 19), (20, 31), (31, 20), (20, 35), (35, 20), (20, 36), (36, 20), (20, 39), (39, 20), (22, 24), (24, 22), (22, 38), (38, 22), (23, 24), (24, 23), (23, 27), (27, 23), (23, 37), (37, 23), (23, 40), (40, 23), (24, 26), (26, 24), (24, 40), (40, 24), (26, 29), (29, 26), (26, 31), (31, 26), (27, 29), (29, 27), (27, 33), (33, 27), (27, 36), (36, 27), (27, 38), (38, 27), (28, 36), (36, 28), (29, 30), (30, 29), (29, 40), (40, 29), (32, 34), (34, 32), (32, 35), (35, 32), (33, 36), (36, 33), (36, 37), (37, 36), (37, 40), (40, 37)]
Z_dad = [6]
Y_dad = [9, 36, 40]
X_dad = [1, 25, 32]
Z_da-ad = [9]
Y_da-ad = [20, 21, 28]
X_da-ad = [6, 25, 40]
