no              #fail
7.617           #totTm
4.547           #lastADTm
3               #itDAD
1.000           #avItADGoal
18              #itADOpt
6               #opt
6               #optDA-AD
0.349           #tmDA
0.0             #relGain

V = [1, 2, 3, 4, 5, 6, 7, 8, 9, 10, 11, 12, 13, 14, 15, 16, 17, 18, 19, 20, 21, 22, 23, 24, 25, 26, 27, 28, 29, 30, 31, 32, 33, 34, 35, 36, 37, 38, 39, 40]
A = [(1, 16), (16, 1), (1, 26), (26, 1), (1, 36), (36, 1), (1, 37), (37, 1), (2, 19), (19, 2), (2, 22), (22, 2), (2, 26), (26, 2), (2, 27), (27, 2), (2, 39), (39, 2), (3, 8), (8, 3), (3, 14), (14, 3), (3, 15), (15, 3), (3, 17), (17, 3), (3, 25), (25, 3), (3, 35), (35, 3), (3, 36), (36, 3), (4, 12), (12, 4), (4, 25), (25, 4), (4, 28), (28, 4), (5, 9), (9, 5), (5, 12), (12, 5), (5, 21), (21, 5), (5, 39), (39, 5), (6, 11), (11, 6), (6, 12), (12, 6), (6, 32), (32, 6), (6, 39), (39, 6), (6, 40), (40, 6), (7, 28), (28, 7), (7, 37), (37, 7), (9, 18), (18, 9), (9, 22), (22, 9), (9, 33), (33, 9), (9, 34), (34, 9), (10, 28), (28, 10), (11, 13), (13, 11), (11, 22), (22, 11), (11, 23), (23, 11), (11, 40), (40, 11), (12, 17), (17, 12), (12, 21), (21, 12), (12, 22), (22, 12), (12, 31), (31, 12), (12, 35), (35, 12), (13, 18), (18, 13), (13, 23), (23, 13), (13, 28), (28, 13), (14, 18), (18, 14), (14, 21), (21, 14), (15, 17), (17, 15), (15, 18), (18, 15), (15, 21), (21, 15), (15, 25), (25, 15), (15, 26), (26, 15), (15, 27), (27, 15), (15, 30), (30, 15), (15, 39), (39, 15), (16, 19), (19, 16), (16, 30), (30, 16), (16, 40), (40, 16), (17, 19), (19, 17), (17, 37), (37, 17), (17, 38), (38, 17), (17, 40), (40, 17), (18, 27), (27, 18), (18, 34), (34, 18), (19, 23), (23, 19), (19, 26), (26, 19), (19, 28), (28, 19), (19, 35), (35, 19), (19, 39), (39, 19), (20, 22), (22, 20), (20, 23), (23, 20), (20, 34), (34, 20), (20, 40), (40, 20), (21, 24), (24, 21), (21, 25), (25, 21), (21, 37), (37, 21), (22, 29), (29, 22), (22, 32), (32, 22), (22, 38), (38, 22), (23, 37), (37, 23), (23, 38), (38, 23), (24, 25), (25, 24), (24, 28), (28, 24), (24, 31), (31, 24), (25, 32), (32, 25), (25, 38), (38, 25), (26, 31), (31, 26), (27, 32), (32, 27), (27, 34), (34, 27), (27, 40), (40, 27), (28, 29), (29, 28), (28, 32), (32, 28), (28, 37), (37, 28), (30, 33), (33, 30), (30, 39), (39, 30), (32, 40), (40, 32), (35, 36), (36, 35), (35, 38), (38, 35), (35, 39), (39, 35)]
Z_dad = [28]
Y_dad = [10, 15, 22]
X_dad = [2, 3, 37]
Z_da-ad = [28]
Y_da-ad = [4, 10, 37]
X_da-ad = [3, 7, 22]
