no              #fail
8.468           #totTm
4.544           #lastADTm
3               #itDAD
3.000           #avItADGoal
12              #itADOpt
6               #opt
5               #optDA-AD
0.337           #tmDA
16.7            #relGain

V = [1, 2, 3, 4, 5, 6, 7, 8, 9, 10, 11, 12, 13, 14, 15, 16, 17, 18, 19, 20, 21, 22, 23, 24, 25, 26, 27, 28, 29, 30, 31, 32, 33, 34, 35, 36, 37, 38, 39, 40]
A = [(1, 8), (8, 1), (1, 13), (13, 1), (1, 18), (18, 1), (1, 19), (19, 1), (1, 22), (22, 1), (1, 23), (23, 1), (1, 31), (31, 1), (2, 18), (18, 2), (3, 11), (11, 3), (3, 30), (30, 3), (3, 32), (32, 3), (4, 7), (7, 4), (4, 10), (10, 4), (4, 17), (17, 4), (4, 23), (23, 4), (4, 38), (38, 4), (5, 19), (19, 5), (5, 20), (20, 5), (5, 26), (26, 5), (5, 28), (28, 5), (5, 29), (29, 5), (5, 38), (38, 5), (5, 40), (40, 5), (6, 13), (13, 6), (6, 15), (15, 6), (6, 16), (16, 6), (6, 17), (17, 6), (6, 21), (21, 6), (7, 13), (13, 7), (8, 21), (21, 8), (8, 29), (29, 8), (9, 12), (12, 9), (9, 13), (13, 9), (9, 18), (18, 9), (9, 26), (26, 9), (9, 29), (29, 9), (9, 40), (40, 9), (10, 16), (16, 10), (10, 23), (23, 10), (10, 28), (28, 10), (10, 32), (32, 10), (10, 40), (40, 10), (11, 18), (18, 11), (11, 21), (21, 11), (11, 30), (30, 11), (11, 31), (31, 11), (12, 15), (15, 12), (12, 17), (17, 12), (12, 20), (20, 12), (12, 25), (25, 12), (12, 35), (35, 12), (12, 38), (38, 12), (13, 15), (15, 13), (13, 34), (34, 13), (13, 36), (36, 13), (14, 19), (19, 14), (14, 27), (27, 14), (14, 30), (30, 14), (14, 32), (32, 14), (14, 34), (34, 14), (15, 22), (22, 15), (15, 29), (29, 15), (15, 38), (38, 15), (16, 18), (18, 16), (17, 23), (23, 17), (17, 29), (29, 17), (17, 30), (30, 17), (18, 19), (19, 18), (18, 20), (20, 18), (18, 33), (33, 18), (18, 36), (36, 18), (18, 38), (38, 18), (19, 27), (27, 19), (20, 30), (30, 20), (20, 34), (34, 20), (20, 39), (39, 20), (20, 40), (40, 20), (21, 23), (23, 21), (21, 30), (30, 21), (21, 31), (31, 21), (21, 33), (33, 21), (23, 40), (40, 23), (24, 39), (39, 24), (25, 33), (33, 25), (25, 40), (40, 25), (26, 29), (29, 26), (26, 38), (38, 26), (27, 37), (37, 27), (28, 30), (30, 28), (28, 31), (31, 28), (28, 37), (37, 28), (28, 39), (39, 28), (29, 34), (34, 29), (30, 34), (34, 30), (31, 40), (40, 31), (32, 40), (40, 32), (34, 37), (37, 34), (35, 38), (38, 35), (36, 38), (38, 36), (37, 39), (39, 37), (37, 40), (40, 37)]
Z_dad = [18]
Y_dad = [21, 38, 39]
X_dad = [12, 33, 40]
Z_da-ad = [39]
Y_da-ad = [12, 18, 24]
X_da-ad = [1, 15, 29]
