no              #fail
11.691          #totTm
2.401           #lastADTm
6               #itDAD
1.600           #avItADGoal
11              #itADOpt
6               #opt
5               #optDA-AD
0.265           #tmDA
16.7            #relGain

V = [1, 2, 3, 4, 5, 6, 7, 8, 9, 10, 11, 12, 13, 14, 15, 16, 17, 18, 19, 20, 21, 22, 23, 24, 25, 26, 27, 28, 29, 30, 31, 32, 33, 34, 35, 36, 37, 38, 39, 40]
A = [(1, 17), (17, 1), (1, 22), (22, 1), (1, 23), (23, 1), (1, 26), (26, 1), (1, 28), (28, 1), (1, 39), (39, 1), (1, 40), (40, 1), (2, 4), (4, 2), (2, 5), (5, 2), (2, 17), (17, 2), (2, 25), (25, 2), (2, 26), (26, 2), (2, 36), (36, 2), (3, 6), (6, 3), (3, 23), (23, 3), (3, 29), (29, 3), (4, 13), (13, 4), (4, 17), (17, 4), (4, 18), (18, 4), (4, 19), (19, 4), (4, 23), (23, 4), (4, 30), (30, 4), (4, 31), (31, 4), (4, 35), (35, 4), (4, 36), (36, 4), (4, 38), (38, 4), (4, 39), (39, 4), (5, 22), (22, 5), (5, 31), (31, 5), (6, 9), (9, 6), (6, 13), (13, 6), (6, 30), (30, 6), (6, 33), (33, 6), (7, 12), (12, 7), (7, 18), (18, 7), (7, 38), (38, 7), (7, 39), (39, 7), (8, 36), (36, 8), (8, 37), (37, 8), (9, 17), (17, 9), (9, 20), (20, 9), (9, 30), (30, 9), (9, 31), (31, 9), (9, 40), (40, 9), (10, 12), (12, 10), (11, 13), (13, 11), (11, 27), (27, 11), (11, 30), (30, 11), (12, 25), (25, 12), (12, 31), (31, 12), (13, 21), (21, 13), (13, 25), (25, 13), (13, 27), (27, 13), (13, 32), (32, 13), (13, 36), (36, 13), (13, 39), (39, 13), (13, 40), (40, 13), (14, 21), (21, 14), (14, 32), (32, 14), (15, 18), (18, 15), (15, 36), (36, 15), (16, 24), (24, 16), (16, 25), (25, 16), (16, 33), (33, 16), (18, 20), (20, 18), (18, 26), (26, 18), (18, 28), (28, 18), (18, 35), (35, 18), (19, 34), (34, 19), (21, 22), (22, 21), (21, 26), (26, 21), (21, 31), (31, 21), (21, 33), (33, 21), (21, 34), (34, 21), (21, 39), (39, 21), (21, 40), (40, 21), (22, 31), (31, 22), (22, 32), (32, 22), (22, 38), (38, 22), (23, 25), (25, 23), (23, 37), (37, 23), (23, 40), (40, 23), (24, 29), (29, 24), (24, 32), (32, 24), (25, 28), (28, 25), (26, 31), (31, 26), (27, 30), (30, 27), (27, 34), (34, 27), (27, 40), (40, 27), (28, 31), (31, 28), (28, 34), (34, 28), (28, 37), (37, 28), (30, 33), (33, 30), (30, 35), (35, 30), (33, 38), (38, 33), (33, 39), (39, 33), (34, 37), (37, 34), (35, 36), (36, 35), (35, 37), (37, 35), (36, 40), (40, 36), (38, 39), (39, 38)]
Z_dad = [18]
Y_dad = [13, 31, 36]
X_dad = [2, 9, 12]
Z_da-ad = [12]
Y_da-ad = [10, 18, 24]
X_da-ad = [1, 36, 37]
