no              #fail
18.482          #totTm
8.806           #lastADTm
7               #itDAD
3.167           #avItADGoal
46              #itADOpt
12              #opt
12              #optDA-AD
0.588           #tmDA
0.0             #relGain

V = [1, 2, 3, 4, 5, 6, 7, 8, 9, 10, 11, 12, 13, 14, 15, 16, 17, 18, 19, 20, 21, 22, 23, 24, 25, 26, 27, 28, 29, 30, 31, 32, 33, 34, 35, 36, 37, 38, 39, 40]
A = [(2, 17), (17, 2), (2, 22), (22, 2), (3, 4), (4, 3), (3, 37), (37, 3), (4, 9), (9, 4), (4, 19), (19, 4), (4, 23), (23, 4), (4, 24), (24, 4), (5, 16), (16, 5), (5, 36), (36, 5), (5, 40), (40, 5), (6, 14), (14, 6), (6, 17), (17, 6), (6, 26), (26, 6), (7, 20), (20, 7), (7, 24), (24, 7), (7, 35), (35, 7), (8, 16), (16, 8), (11, 21), (21, 11), (11, 32), (32, 11), (12, 17), (17, 12), (12, 35), (35, 12), (12, 36), (36, 12), (13, 26), (26, 13), (13, 31), (31, 13), (14, 20), (20, 14), (14, 37), (37, 14), (14, 39), (39, 14), (15, 17), (17, 15), (15, 40), (40, 15), (16, 19), (19, 16), (16, 24), (24, 16), (16, 34), (34, 16), (17, 29), (29, 17), (18, 22), (22, 18), (18, 29), (29, 18), (18, 32), (32, 18), (18, 40), (40, 18), (19, 23), (23, 19), (19, 39), (39, 19), (20, 21), (21, 20), (20, 34), (34, 20), (23, 34), (34, 23), (24, 29), (29, 24), (24, 38), (38, 24), (24, 39), (39, 24), (25, 39), (39, 25), (27, 34), (34, 27), (28, 31), (31, 28), (28, 37), (37, 28), (29, 34), (34, 29), (29, 39), (39, 29), (30, 40), (40, 30), (34, 40), (40, 34)]
Z_dad = [16]
Y_dad = [17, 34, 37]
X_dad = [12, 39, 40]
Z_da-ad = [34]
Y_da-ad = [4, 6, 10]
X_da-ad = [5, 17, 18]
