no              #fail
32.812          #totTm
20.114          #lastADTm
8               #itDAD
7.143           #avItADGoal
107             #itADOpt
12              #opt
12              #optDA-AD
0.542           #tmDA
0.0             #relGain

V = [1, 2, 3, 4, 5, 6, 7, 8, 9, 10, 11, 12, 13, 14, 15, 16, 17, 18, 19, 20, 21, 22, 23, 24, 25, 26, 27, 28, 29, 30, 31, 32, 33, 34, 35, 36, 37, 38, 39, 40]
A = [(1, 15), (15, 1), (1, 16), (16, 1), (1, 22), (22, 1), (2, 3), (3, 2), (2, 30), (30, 2), (3, 17), (17, 3), (3, 21), (21, 3), (4, 32), (32, 4), (4, 36), (36, 4), (5, 23), (23, 5), (5, 26), (26, 5), (5, 28), (28, 5), (6, 33), (33, 6), (7, 21), (21, 7), (8, 36), (36, 8), (9, 14), (14, 9), (9, 34), (34, 9), (10, 31), (31, 10), (10, 34), (34, 10), (10, 37), (37, 10), (11, 12), (12, 11), (11, 14), (14, 11), (11, 22), (22, 11), (12, 29), (29, 12), (12, 36), (36, 12), (13, 31), (31, 13), (14, 21), (21, 14), (14, 22), (22, 14), (15, 26), (26, 15), (15, 32), (32, 15), (15, 34), (34, 15), (16, 28), (28, 16), (17, 22), (22, 17), (17, 34), (34, 17), (17, 36), (36, 17), (17, 39), (39, 17), (18, 36), (36, 18), (19, 22), (22, 19), (19, 29), (29, 19), (20, 27), (27, 20), (20, 33), (33, 20), (22, 30), (30, 22), (23, 37), (37, 23), (24, 28), (28, 24), (25, 26), (26, 25), (25, 29), (29, 25), (25, 37), (37, 25), (30, 32), (32, 30), (30, 34), (34, 30), (32, 33), (33, 32), (32, 34), (34, 32), (33, 37), (37, 33), (34, 40), (40, 34), (35, 36), (36, 35)]
Z_dad = [36]
Y_dad = [22, 33, 38]
X_dad = [1, 26, 37]
Z_da-ad = [36]
Y_da-ad = [11, 18, 33]
X_da-ad = [21, 34, 37]
