no              #fail
10.433          #totTm
7.519           #lastADTm
6               #itDAD
1.400           #avItADGoal
45              #itADOpt
12              #opt
11              #optDA-AD
0.562           #tmDA
8.3             #relGain

V = [1, 2, 3, 4, 5, 6, 7, 8, 9, 10, 11, 12, 13, 14, 15, 16, 17, 18, 19, 20, 21, 22, 23, 24, 25, 26, 27, 28, 29, 30, 31, 32, 33, 34, 35, 36, 37, 38, 39, 40]
A = [(1, 37), (37, 1), (1, 38), (38, 1), (2, 3), (3, 2), (2, 15), (15, 2), (2, 21), (21, 2), (2, 27), (27, 2), (2, 36), (36, 2), (3, 8), (8, 3), (3, 12), (12, 3), (3, 40), (40, 3), (4, 12), (12, 4), (4, 34), (34, 4), (4, 39), (39, 4), (5, 17), (17, 5), (5, 26), (26, 5), (5, 35), (35, 5), (6, 9), (9, 6), (6, 23), (23, 6), (7, 9), (9, 7), (7, 32), (32, 7), (8, 33), (33, 8), (9, 30), (30, 9), (10, 26), (26, 10), (12, 17), (17, 12), (12, 28), (28, 12), (12, 29), (29, 12), (12, 30), (30, 12), (14, 32), (32, 14), (14, 33), (33, 14), (15, 39), (39, 15), (16, 40), (40, 16), (18, 25), (25, 18), (18, 37), (37, 18), (18, 40), (40, 18), (19, 32), (32, 19), (19, 36), (36, 19), (19, 39), (39, 19), (20, 30), (30, 20), (20, 32), (32, 20), (21, 33), (33, 21), (21, 38), (38, 21), (22, 25), (25, 22), (22, 28), (28, 22), (23, 25), (25, 23), (25, 37), (37, 25), (29, 35), (35, 29), (31, 39), (39, 31), (32, 35), (35, 32), (32, 39), (39, 32), (33, 34), (34, 33), (35, 36), (36, 35), (37, 39), (39, 37), (38, 39), (39, 38), (39, 40), (40, 39)]
Z_dad = [39]
Y_dad = [2, 12, 25]
X_dad = [3, 5, 18]
Z_da-ad = [5]
Y_da-ad = [10, 11, 32]
X_da-ad = [9, 12, 25]
