no              #fail
19.472          #totTm
8.498           #lastADTm
8               #itDAD
3.429           #avItADGoal
40              #itADOpt
12              #opt
12              #optDA-AD
0.238           #tmDA
0.0             #relGain

V = [1, 2, 3, 4, 5, 6, 7, 8, 9, 10, 11, 12, 13, 14, 15, 16, 17, 18, 19, 20, 21, 22, 23, 24, 25, 26, 27, 28, 29, 30, 31, 32, 33, 34, 35, 36, 37, 38, 39, 40]
A = [(1, 4), (4, 1), (1, 8), (8, 1), (2, 6), (6, 2), (2, 20), (20, 2), (2, 33), (33, 2), (2, 35), (35, 2), (2, 36), (36, 2), (3, 31), (31, 3), (3, 33), (33, 3), (4, 17), (17, 4), (4, 21), (21, 4), (4, 39), (39, 4), (5, 15), (15, 5), (5, 16), (16, 5), (6, 13), (13, 6), (6, 19), (19, 6), (6, 33), (33, 6), (6, 39), (39, 6), (7, 23), (23, 7), (7, 35), (35, 7), (8, 12), (12, 8), (9, 10), (10, 9), (10, 39), (39, 10), (11, 18), (18, 11), (11, 25), (25, 11), (12, 27), (27, 12), (12, 33), (33, 12), (13, 40), (40, 13), (14, 36), (36, 14), (15, 30), (30, 15), (16, 24), (24, 16), (18, 28), (28, 18), (18, 33), (33, 18), (18, 35), (35, 18), (18, 37), (37, 18), (19, 25), (25, 19), (19, 31), (31, 19), (20, 29), (29, 20), (21, 24), (24, 21), (21, 26), (26, 21), (21, 31), (31, 21), (21, 33), (33, 21), (21, 34), (34, 21), (23, 38), (38, 23), (24, 25), (25, 24), (24, 30), (30, 24), (26, 32), (32, 26), (26, 34), (34, 26), (27, 28), (28, 27), (27, 38), (38, 27), (27, 40), (40, 27), (30, 39), (39, 30), (31, 32), (32, 31), (33, 40), (40, 33)]
Z_dad = [2]
Y_dad = [18, 36, 39]
X_dad = [19, 21, 33]
Z_da-ad = [2]
Y_da-ad = [23, 29, 39]
X_da-ad = [19, 21, 33]
