no              #fail
15.133          #totTm
11.557          #lastADTm
5               #itDAD
2.000           #avItADGoal
66              #itADOpt
13              #opt
12              #optDA-AD
0.667           #tmDA
7.7             #relGain

V = [1, 2, 3, 4, 5, 6, 7, 8, 9, 10, 11, 12, 13, 14, 15, 16, 17, 18, 19, 20, 21, 22, 23, 24, 25, 26, 27, 28, 29, 30, 31, 32, 33, 34, 35, 36, 37, 38, 39, 40]
A = [(1, 5), (5, 1), (1, 10), (10, 1), (1, 14), (14, 1), (1, 15), (15, 1), (1, 27), (27, 1), (1, 31), (31, 1), (2, 37), (37, 2), (3, 13), (13, 3), (3, 29), (29, 3), (3, 39), (39, 3), (4, 29), (29, 4), (4, 34), (34, 4), (4, 36), (36, 4), (4, 37), (37, 4), (4, 39), (39, 4), (5, 21), (21, 5), (6, 11), (11, 6), (6, 16), (16, 6), (6, 20), (20, 6), (6, 21), (21, 6), (6, 28), (28, 6), (7, 30), (30, 7), (8, 9), (9, 8), (8, 39), (39, 8), (9, 20), (20, 9), (9, 39), (39, 9), (10, 39), (39, 10), (11, 26), (26, 11), (11, 39), (39, 11), (13, 14), (14, 13), (13, 25), (25, 13), (13, 32), (32, 13), (16, 23), (23, 16), (16, 24), (24, 16), (16, 40), (40, 16), (17, 19), (19, 17), (17, 38), (38, 17), (17, 39), (39, 17), (18, 39), (39, 18), (18, 40), (40, 18), (19, 28), (28, 19), (19, 35), (35, 19), (21, 26), (26, 21), (21, 28), (28, 21), (22, 28), (28, 22), (23, 24), (24, 23), (24, 31), (31, 24), (26, 27), (27, 26), (27, 29), (29, 27), (27, 40), (40, 27), (30, 38), (38, 30), (31, 35), (35, 31), (34, 38), (38, 34), (34, 40), (40, 34)]
Z_dad = [1]
Y_dad = [4, 6, 13]
X_dad = [16, 19, 38]
Z_da-ad = [4]
Y_da-ad = [1, 2, 36]
X_da-ad = [19, 39, 40]
