no              #fail
23.178          #totTm
7.751           #lastADTm
7               #itDAD
5.333           #avItADGoal
41              #itADOpt
11              #opt
10              #optDA-AD
0.428           #tmDA
9.1             #relGain

V = [1, 2, 3, 4, 5, 6, 7, 8, 9, 10, 11, 12, 13, 14, 15, 16, 17, 18, 19, 20, 21, 22, 23, 24, 25, 26, 27, 28, 29, 30, 31, 32, 33, 34, 35, 36, 37, 38, 39, 40]
A = [(1, 7), (7, 1), (1, 25), (25, 1), (1, 27), (27, 1), (1, 30), (30, 1), (2, 29), (29, 2), (2, 34), (34, 2), (2, 37), (37, 2), (3, 12), (12, 3), (3, 15), (15, 3), (4, 38), (38, 4), (5, 25), (25, 5), (5, 26), (26, 5), (5, 35), (35, 5), (5, 37), (37, 5), (5, 39), (39, 5), (6, 10), (10, 6), (6, 21), (21, 6), (6, 35), (35, 6), (6, 37), (37, 6), (7, 19), (19, 7), (8, 33), (33, 8), (8, 40), (40, 8), (9, 25), (25, 9), (9, 38), (38, 9), (10, 37), (37, 10), (11, 22), (22, 11), (11, 26), (26, 11), (11, 28), (28, 11), (11, 34), (34, 11), (12, 21), (21, 12), (12, 30), (30, 12), (13, 16), (16, 13), (14, 37), (37, 14), (15, 19), (19, 15), (15, 28), (28, 15), (15, 35), (35, 15), (16, 27), (27, 16), (16, 29), (29, 16), (17, 19), (19, 17), (17, 33), (33, 17), (17, 36), (36, 17), (17, 40), (40, 17), (18, 32), (32, 18), (19, 21), (21, 19), (21, 28), (28, 21), (23, 27), (27, 23), (23, 32), (32, 23), (24, 28), (28, 24), (24, 37), (37, 24), (26, 32), (32, 26), (28, 34), (34, 28), (29, 32), (32, 29), (31, 39), (39, 31), (35, 36), (36, 35)]
Z_dad = [5]
Y_dad = [17, 25, 32]
X_dad = [9, 28, 37]
Z_da-ad = [11]
Y_da-ad = [9, 32, 40]
X_da-ad = [5, 16, 38]
