no              #fail
43.544          #totTm
13.176          #lastADTm
10              #itDAD
9.333           #avItADGoal
63              #itADOpt
11              #opt
11              #optDA-AD
0.298           #tmDA
0.0             #relGain

V = [1, 2, 3, 4, 5, 6, 7, 8, 9, 10, 11, 12, 13, 14, 15, 16, 17, 18, 19, 20, 21, 22, 23, 24, 25, 26, 27, 28, 29, 30, 31, 32, 33, 34, 35, 36, 37, 38, 39, 40]
A = [(1, 7), (7, 1), (1, 16), (16, 1), (1, 40), (40, 1), (2, 18), (18, 2), (3, 9), (9, 3), (3, 20), (20, 3), (3, 28), (28, 3), (4, 6), (6, 4), (4, 13), (13, 4), (5, 21), (21, 5), (5, 36), (36, 5), (6, 15), (15, 6), (6, 24), (24, 6), (6, 35), (35, 6), (7, 21), (21, 7), (7, 28), (28, 7), (7, 32), (32, 7), (8, 32), (32, 8), (8, 33), (33, 8), (8, 40), (40, 8), (9, 18), (18, 9), (10, 17), (17, 10), (10, 30), (30, 10), (11, 31), (31, 11), (12, 19), (19, 12), (12, 20), (20, 12), (12, 33), (33, 12), (13, 14), (14, 13), (13, 25), (25, 13), (13, 40), (40, 13), (14, 33), (33, 14), (15, 17), (17, 15), (15, 18), (18, 15), (15, 27), (27, 15), (15, 40), (40, 15), (16, 18), (18, 16), (16, 25), (25, 16), (17, 22), (22, 17), (18, 26), (26, 18), (18, 32), (32, 18), (19, 23), (23, 19), (20, 28), (28, 20), (24, 27), (27, 24), (24, 34), (34, 24), (25, 39), (39, 25), (26, 27), (27, 26), (26, 33), (33, 26), (27, 35), (35, 27), (27, 36), (36, 27), (29, 31), (31, 29), (31, 35), (35, 31), (31, 38), (38, 31), (32, 34), (34, 32), (32, 37), (37, 32)]
Z_dad = [31]
Y_dad = [20, 27, 30]
X_dad = [7, 12, 36]
Z_da-ad = [31]
Y_da-ad = [20, 27, 30]
X_da-ad = [12, 17, 18]
