no              #fail
72.229          #totTm
51.846          #lastADTm
8               #itDAD
13.429          #avItADGoal
213             #itADOpt
14              #opt
14              #optDA-AD
0.609           #tmDA
0.0             #relGain

V = [1, 2, 3, 4, 5, 6, 7, 8, 9, 10, 11, 12, 13, 14, 15, 16, 17, 18, 19, 20, 21, 22, 23, 24, 25, 26, 27, 28, 29, 30, 31, 32, 33, 34, 35, 36, 37, 38, 39, 40]
A = [(1, 15), (15, 1), (1, 23), (23, 1), (1, 24), (24, 1), (1, 34), (34, 1), (2, 37), (37, 2), (4, 40), (40, 4), (5, 38), (38, 5), (5, 40), (40, 5), (7, 20), (20, 7), (7, 37), (37, 7), (8, 24), (24, 8), (8, 25), (25, 8), (8, 32), (32, 8), (8, 33), (33, 8), (9, 24), (24, 9), (9, 33), (33, 9), (10, 14), (14, 10), (10, 19), (19, 10), (10, 27), (27, 10), (10, 31), (31, 10), (10, 34), (34, 10), (12, 29), (29, 12), (13, 21), (21, 13), (13, 35), (35, 13), (14, 25), (25, 14), (14, 28), (28, 14), (15, 25), (25, 15), (16, 19), (19, 16), (16, 32), (32, 16), (16, 38), (38, 16), (16, 39), (39, 16), (16, 40), (40, 16), (17, 37), (37, 17), (19, 23), (23, 19), (21, 27), (27, 21), (22, 40), (40, 22), (23, 31), (31, 23), (23, 35), (35, 23), (23, 40), (40, 23), (24, 28), (28, 24), (24, 38), (38, 24), (25, 32), (32, 25), (26, 30), (30, 26), (26, 31), (31, 26), (30, 32), (32, 30), (31, 34), (34, 31), (32, 35), (35, 32), (33, 34), (34, 33), (34, 35), (35, 34), (35, 36), (36, 35), (35, 37), (37, 35), (35, 40), (40, 35), (36, 39), (39, 36), (37, 38), (38, 37)]
Z_dad = [35]
Y_dad = [10, 12, 37]
X_dad = [16, 27, 40]
Z_da-ad = [37]
Y_da-ad = [29, 35, 40]
X_da-ad = [23, 31, 32]
