no              #fail
15.102          #totTm
2.873           #lastADTm
10              #itDAD
3.444           #avItADGoal
16              #itADOpt
12              #opt
9               #optDA-AD
0.562           #tmDA
25.0            #relGain

V = [1, 2, 3, 4, 5, 6, 7, 8, 9, 10, 11, 12, 13, 14, 15, 16, 17, 18, 19, 20, 21, 22, 23, 24, 25, 26, 27, 28, 29, 30, 31, 32, 33, 34, 35, 36, 37, 38, 39, 40]
A = [(1, 8), (8, 1), (2, 4), (4, 2), (3, 4), (4, 3), (3, 36), (36, 3), (4, 6), (6, 4), (4, 9), (9, 4), (4, 21), (21, 4), (4, 30), (30, 4), (4, 34), (34, 4), (4, 38), (38, 4), (5, 16), (16, 5), (6, 15), (15, 6), (6, 20), (20, 6), (6, 30), (30, 6), (7, 27), (27, 7), (7, 30), (30, 7), (7, 34), (34, 7), (8, 33), (33, 8), (8, 36), (36, 8), (8, 40), (40, 8), (9, 24), (24, 9), (10, 21), (21, 10), (11, 26), (26, 11), (12, 23), (23, 12), (12, 24), (24, 12), (13, 18), (18, 13), (13, 29), (29, 13), (14, 33), (33, 14), (16, 21), (21, 16), (16, 22), (22, 16), (17, 23), (23, 17), (19, 25), (25, 19), (19, 30), (30, 19), (19, 31), (31, 19), (20, 32), (32, 20), (21, 23), (23, 21), (23, 39), (39, 23), (24, 26), (26, 24), (24, 31), (31, 24), (24, 38), (38, 24), (25, 31), (31, 25), (25, 37), (37, 25), (26, 28), (28, 26), (26, 40), (40, 26), (27, 40), (40, 27), (28, 37), (37, 28), (29, 39), (39, 29), (29, 40), (40, 29), (34, 35), (35, 34), (34, 38), (38, 34), (34, 39), (39, 34), (35, 37), (37, 35), (36, 38), (38, 36), (36, 40), (40, 36)]
Z_dad = [40]
Y_dad = [8, 21, 34]
X_dad = [4, 30, 39]
Z_da-ad = [20]
Y_da-ad = [8, 16, 18]
X_da-ad = [4, 30, 36]
