no              #fail
15.677          #totTm
7.676           #lastADTm
5               #itDAD
8.250           #avItADGoal
49              #itADOpt
13              #opt
12              #optDA-AD
0.37            #tmDA
7.7             #relGain

V = [1, 2, 3, 4, 5, 6, 7, 8, 9, 10, 11, 12, 13, 14, 15, 16, 17, 18, 19, 20, 21, 22, 23, 24, 25, 26, 27, 28, 29, 30, 31, 32, 33, 34, 35, 36, 37, 38, 39, 40]
A = [(1, 5), (5, 1), (1, 10), (10, 1), (2, 11), (11, 2), (2, 12), (12, 2), (3, 4), (4, 3), (3, 5), (5, 3), (3, 10), (10, 3), (3, 20), (20, 3), (3, 24), (24, 3), (4, 20), (20, 4), (4, 25), (25, 4), (5, 21), (21, 5), (5, 30), (30, 5), (5, 32), (32, 5), (5, 37), (37, 5), (6, 11), (11, 6), (6, 27), (27, 6), (7, 24), (24, 7), (7, 32), (32, 7), (8, 11), (11, 8), (9, 17), (17, 9), (9, 38), (38, 9), (10, 15), (15, 10), (10, 30), (30, 10), (11, 14), (14, 11), (11, 16), (16, 11), (11, 25), (25, 11), (11, 26), (26, 11), (12, 13), (13, 12), (13, 26), (26, 13), (13, 40), (40, 13), (14, 25), (25, 14), (14, 29), (29, 14), (14, 37), (37, 14), (16, 25), (25, 16), (16, 38), (38, 16), (19, 27), (27, 19), (20, 27), (27, 20), (20, 28), (28, 20), (20, 34), (34, 20), (22, 33), (33, 22), (22, 34), (34, 22), (23, 29), (29, 23), (23, 40), (40, 23), (25, 27), (27, 25), (25, 40), (40, 25), (26, 28), (28, 26), (26, 35), (35, 26), (27, 28), (28, 27), (27, 29), (29, 27), (27, 34), (34, 27), (28, 38), (38, 28), (31, 36), (36, 31), (31, 37), (37, 31)]
Z_dad = [11]
Y_dad = [5, 13, 27]
X_dad = [25, 28, 37]
Z_da-ad = [38]
Y_da-ad = [10, 14, 17]
X_da-ad = [20, 26, 27]
