no              #fail
49.029          #totTm
13.451          #lastADTm
11              #itDAD
10.400          #avItADGoal
64              #itADOpt
12              #opt
12              #optDA-AD
0.73            #tmDA
0.0             #relGain

V = [1, 2, 3, 4, 5, 6, 7, 8, 9, 10, 11, 12, 13, 14, 15, 16, 17, 18, 19, 20, 21, 22, 23, 24, 25, 26, 27, 28, 29, 30, 31, 32, 33, 34, 35, 36, 37, 38, 39, 40]
A = [(1, 7), (7, 1), (2, 13), (13, 2), (2, 17), (17, 2), (2, 23), (23, 2), (2, 34), (34, 2), (3, 9), (9, 3), (4, 24), (24, 4), (4, 38), (38, 4), (5, 9), (9, 5), (5, 35), (35, 5), (5, 38), (38, 5), (5, 40), (40, 5), (6, 24), (24, 6), (6, 34), (34, 6), (6, 40), (40, 6), (7, 18), (18, 7), (7, 20), (20, 7), (7, 37), (37, 7), (8, 10), (10, 8), (8, 15), (15, 8), (8, 17), (17, 8), (9, 11), (11, 9), (9, 16), (16, 9), (9, 27), (27, 9), (9, 29), (29, 9), (9, 32), (32, 9), (9, 39), (39, 9), (10, 22), (22, 10), (11, 26), (26, 11), (12, 21), (21, 12), (13, 15), (15, 13), (13, 19), (19, 13), (14, 26), (26, 14), (14, 33), (33, 14), (16, 22), (22, 16), (16, 37), (37, 16), (17, 30), (30, 17), (17, 33), (33, 17), (18, 32), (32, 18), (19, 38), (38, 19), (19, 39), (39, 19), (20, 24), (24, 20), (20, 37), (37, 20), (22, 35), (35, 22), (26, 32), (32, 26), (27, 29), (29, 27), (27, 34), (34, 27), (27, 35), (35, 27), (28, 29), (29, 28), (29, 35), (35, 29), (31, 36), (36, 31), (32, 37), (37, 32), (33, 38), (38, 33), (34, 37), (37, 34)]
Z_dad = [34]
Y_dad = [9, 17, 20]
X_dad = [2, 7, 29]
Z_da-ad = [2]
Y_da-ad = [3, 8, 31]
X_da-ad = [24, 32, 37]
