no              #fail
67.963          #totTm
20.241          #lastADTm
10              #itDAD
13.222          #avItADGoal
87              #itADOpt
11              #opt
11              #optDA-AD
0.526           #tmDA
0.0             #relGain

V = [1, 2, 3, 4, 5, 6, 7, 8, 9, 10, 11, 12, 13, 14, 15, 16, 17, 18, 19, 20, 21, 22, 23, 24, 25, 26, 27, 28, 29, 30, 31, 32, 33, 34, 35, 36, 37, 38, 39, 40]
A = [(1, 17), (17, 1), (2, 18), (18, 2), (2, 27), (27, 2), (3, 11), (11, 3), (3, 12), (12, 3), (3, 29), (29, 3), (3, 36), (36, 3), (4, 16), (16, 4), (5, 9), (9, 5), (6, 14), (14, 6), (6, 33), (33, 6), (9, 19), (19, 9), (9, 32), (32, 9), (9, 35), (35, 9), (9, 40), (40, 9), (11, 16), (16, 11), (11, 25), (25, 11), (11, 39), (39, 11), (13, 31), (31, 13), (13, 33), (33, 13), (13, 38), (38, 13), (14, 25), (25, 14), (15, 17), (17, 15), (15, 24), (24, 15), (15, 30), (30, 15), (15, 36), (36, 15), (16, 20), (20, 16), (16, 23), (23, 16), (17, 23), (23, 17), (17, 35), (35, 17), (18, 23), (23, 18), (19, 36), (36, 19), (20, 34), (34, 20), (21, 26), (26, 21), (21, 30), (30, 21), (21, 37), (37, 21), (22, 37), (37, 22), (23, 31), (31, 23), (24, 29), (29, 24), (24, 33), (33, 24), (25, 29), (29, 25), (25, 34), (34, 25), (25, 39), (39, 25), (26, 29), (29, 26), (26, 35), (35, 26), (26, 38), (38, 26), (27, 39), (39, 27), (30, 35), (35, 30), (31, 35), (35, 31), (32, 36), (36, 32), (33, 40), (40, 33), (34, 37), (37, 34), (34, 40), (40, 34), (37, 38), (38, 37)]
Z_dad = [16]
Y_dad = [2, 8, 9]
X_dad = [3, 25, 33]
Z_da-ad = [17]
Y_da-ad = [18, 28, 36]
X_da-ad = [3, 9, 16]
