no              #fail
28.449          #totTm
22.762          #lastADTm
6               #itDAD
1.800           #avItADGoal
108             #itADOpt
13              #opt
11              #optDA-AD
0.968           #tmDA
15.4            #relGain

V = [1, 2, 3, 4, 5, 6, 7, 8, 9, 10, 11, 12, 13, 14, 15, 16, 17, 18, 19, 20, 21, 22, 23, 24, 25, 26, 27, 28, 29, 30, 31, 32, 33, 34, 35, 36, 37, 38, 39, 40]
A = [(1, 7), (7, 1), (1, 14), (14, 1), (1, 16), (16, 1), (2, 4), (4, 2), (2, 9), (9, 2), (4, 8), (8, 4), (4, 13), (13, 4), (4, 17), (17, 4), (5, 7), (7, 5), (5, 34), (34, 5), (5, 35), (35, 5), (6, 8), (8, 6), (6, 22), (22, 6), (6, 37), (37, 6), (7, 19), (19, 7), (7, 27), (27, 7), (7, 39), (39, 7), (8, 13), (13, 8), (8, 35), (35, 8), (8, 38), (38, 8), (9, 17), (17, 9), (9, 23), (23, 9), (9, 28), (28, 9), (9, 34), (34, 9), (10, 34), (34, 10), (11, 40), (40, 11), (13, 28), (28, 13), (14, 21), (21, 14), (14, 23), (23, 14), (15, 17), (17, 15), (16, 18), (18, 16), (16, 37), (37, 16), (16, 38), (38, 16), (17, 24), (24, 17), (17, 33), (33, 17), (17, 39), (39, 17), (19, 30), (30, 19), (19, 35), (35, 19), (19, 38), (38, 19), (22, 27), (27, 22), (22, 32), (32, 22), (23, 26), (26, 23), (23, 27), (27, 23), (24, 29), (29, 24), (24, 30), (30, 24), (24, 39), (39, 24), (25, 27), (27, 25), (26, 35), (35, 26), (27, 32), (32, 27), (27, 33), (33, 27), (28, 40), (40, 28), (29, 39), (39, 29), (32, 33), (33, 32), (36, 38), (38, 36)]
Z_dad = [17]
Y_dad = [6, 7, 28]
X_dad = [16, 19, 39]
Z_da-ad = [28]
Y_da-ad = [11, 16, 17]
X_da-ad = [5, 9, 38]
