no              #fail
525.927         #totTm
228.298         #lastADTm
13              #itDAD
7.000           #avItADGoal
404             #itADOpt
21              #opt
20              #optDA-AD
5.824           #tmDA
4.8             #relGain

V = [1, 2, 3, 4, 5, 6, 7, 8, 9, 10, 11, 12, 13, 14, 15, 16, 17, 18, 19, 20, 21, 22, 23, 24, 25, 26, 27, 28, 29, 30, 31, 32, 33, 34, 35, 36, 37, 38, 39, 40, 41, 42, 43, 44, 45, 46, 47, 48, 49, 50, 51, 52, 53, 54, 55, 56, 57, 58, 59, 60]
A = [(1, 20), (20, 1), (1, 21), (21, 1), (1, 42), (42, 1), (2, 4), (4, 2), (2, 24), (24, 2), (2, 25), (25, 2), (2, 31), (31, 2), (3, 24), (24, 3), (4, 27), (27, 4), (4, 28), (28, 4), (5, 17), (17, 5), (5, 22), (22, 5), (7, 18), (18, 7), (7, 51), (51, 7), (7, 55), (55, 7), (8, 20), (20, 8), (9, 30), (30, 9), (11, 21), (21, 11), (11, 37), (37, 11), (11, 38), (38, 11), (11, 44), (44, 11), (12, 45), (45, 12), (12, 54), (54, 12), (13, 25), (25, 13), (13, 32), (32, 13), (13, 35), (35, 13), (13, 42), (42, 13), (13, 55), (55, 13), (14, 15), (15, 14), (14, 31), (31, 14), (16, 33), (33, 16), (16, 39), (39, 16), (16, 57), (57, 16), (17, 25), (25, 17), (17, 37), (37, 17), (17, 48), (48, 17), (17, 49), (49, 17), (17, 53), (53, 17), (19, 39), (39, 19), (19, 48), (48, 19), (20, 26), (26, 20), (20, 28), (28, 20), (20, 41), (41, 20), (20, 46), (46, 20), (20, 47), (47, 20), (20, 57), (57, 20), (21, 22), (22, 21), (21, 38), (38, 21), (22, 47), (47, 22), (24, 38), (38, 24), (24, 49), (49, 24), (24, 52), (52, 24), (24, 56), (56, 24), (27, 53), (53, 27), (28, 45), (45, 28), (29, 32), (32, 29), (29, 49), (49, 29), (30, 38), (38, 30), (30, 48), (48, 30), (31, 36), (36, 31), (31, 38), (38, 31), (31, 42), (42, 31), (31, 44), (44, 31), (31, 51), (51, 31), (31, 52), (52, 31), (31, 54), (54, 31), (33, 35), (35, 33), (33, 46), (46, 33), (33, 48), (48, 33), (34, 52), (52, 34), (34, 58), (58, 34), (35, 42), (42, 35), (35, 50), (50, 35), (35, 53), (53, 35), (36, 51), (51, 36), (36, 53), (53, 36), (38, 51), (51, 38), (38, 52), (52, 38), (40, 41), (41, 40), (40, 58), (58, 40), (41, 44), (44, 41), (41, 47), (47, 41), (41, 51), (51, 41), (42, 54), (54, 42), (45, 59), (59, 45), (46, 48), (48, 46), (47, 59), (59, 47), (51, 53), (53, 51)]
Z_dad = [13, 20, 24]
Y_dad = [17, 31, 48]
X_dad = [14, 49, 51]
Z_da-ad = [20, 24, 31]
Y_da-ad = [14, 18, 48]
X_da-ad = [4, 42, 47]
