no              #fail
1096.581        #totTm
58.780          #lastADTm
14              #itDAD
2.154           #avItADGoal
156             #itADOpt
18              #opt
16              #optDA-AD
23.65           #tmDA
11.1            #relGain

V = [1, 2, 3, 4, 5, 6, 7, 8, 9, 10, 11, 12, 13, 14, 15, 16, 17, 18, 19, 20, 21, 22, 23, 24, 25, 26, 27, 28, 29, 30, 31, 32, 33, 34, 35, 36, 37, 38, 39, 40, 41, 42, 43, 44, 45, 46, 47, 48, 49, 50, 51, 52, 53, 54, 55, 56, 57, 58, 59, 60]
A = [(1, 55), (55, 1), (2, 25), (25, 2), (2, 33), (33, 2), (2, 41), (41, 2), (2, 49), (49, 2), (3, 28), (28, 3), (4, 18), (18, 4), (5, 46), (46, 5), (6, 17), (17, 6), (6, 21), (21, 6), (6, 46), (46, 6), (7, 23), (23, 7), (7, 28), (28, 7), (7, 57), (57, 7), (9, 21), (21, 9), (9, 35), (35, 9), (10, 15), (15, 10), (10, 17), (17, 10), (10, 24), (24, 10), (10, 43), (43, 10), (11, 26), (26, 11), (11, 28), (28, 11), (11, 35), (35, 11), (11, 56), (56, 11), (11, 58), (58, 11), (12, 42), (42, 12), (13, 28), (28, 13), (13, 36), (36, 13), (14, 59), (59, 14), (15, 17), (17, 15), (15, 21), (21, 15), (15, 45), (45, 15), (15, 47), (47, 15), (15, 50), (50, 15), (15, 53), (53, 15), (17, 18), (18, 17), (17, 45), (45, 17), (17, 59), (59, 17), (18, 19), (19, 18), (18, 31), (31, 18), (18, 52), (52, 18), (18, 59), (59, 18), (19, 31), (31, 19), (19, 52), (52, 19), (19, 54), (54, 19), (20, 40), (40, 20), (20, 50), (50, 20), (20, 57), (57, 20), (21, 40), (40, 21), (21, 45), (45, 21), (22, 43), (43, 22), (23, 57), (57, 23), (24, 48), (48, 24), (24, 51), (51, 24), (25, 35), (35, 25), (25, 42), (42, 25), (25, 55), (55, 25), (26, 35), (35, 26), (27, 37), (37, 27), (28, 51), (51, 28), (29, 34), (34, 29), (29, 36), (36, 29), (29, 57), (57, 29), (29, 59), (59, 29), (30, 54), (54, 30), (31, 36), (36, 31), (31, 60), (60, 31), (32, 37), (37, 32), (32, 39), (39, 32), (33, 58), (58, 33), (34, 36), (36, 34), (34, 42), (42, 34), (34, 58), (58, 34), (36, 44), (44, 36), (36, 47), (47, 36), (36, 52), (52, 36), (37, 48), (48, 37), (39, 53), (53, 39), (40, 53), (53, 40), (40, 54), (54, 40), (41, 54), (54, 41), (41, 57), (57, 41), (42, 43), (43, 42), (44, 54), (54, 44), (46, 55), (55, 46), (47, 55), (55, 47), (52, 56), (56, 52), (59, 60), (60, 59)]
Z_dad = [28, 36, 54]
Y_dad = [25, 37, 59]
X_dad = [11, 18, 60]
Z_da-ad = [24, 28, 37]
Y_da-ad = [3, 8, 40]
X_da-ad = [6, 53, 55]
