no              #fail
5.128           #totTm
4.759           #lastADTm
5               #itDAD
1.000           #avItADGoal
79              #itADOpt
16              #opt
15              #optDA-AD
0.432           #tmDA
6.2             #relGain

V = [1, 2, 3, 4, 5, 6, 7, 8, 9, 10, 11, 12, 13, 14, 15, 16, 17, 18, 19, 20]
A = [(2, 1), (1, 2), (3, 2), (2, 3), (4, 3), (3, 4), (5, 1), (1, 5), (6, 2), (2, 6), (7, 2), (2, 7), (8, 4), (4, 8), (9, 3), (3, 9), (10, 3), (3, 10), (11, 6), (6, 11), (12, 7), (7, 12), (13, 4), (4, 13), (14, 13), (13, 14), (15, 14), (14, 15), (16, 8), (8, 16), (17, 6), (6, 17), (18, 10), (10, 18), (19, 15), (15, 19), (20, 10), (10, 20)]
Z_dad = [2, 3]
Y_dad = [6, 10]
X_dad = [11, 17]
Z_da-ad = [2, 4]
Y_da-ad = [6, 10]
X_da-ad = [3, 11]
