no              #fail
2.694           #totTm
2.289           #lastADTm
8               #itDAD
1.000           #avItADGoal
54              #itADOpt
14              #opt
13              #optDA-AD
0.670           #tmDA
7.1             #relGain

V = [1, 2, 3, 4, 5, 6, 7, 8, 9, 10, 11, 12, 13, 14, 15, 16, 17, 18, 19, 20]
A = [(2, 1), (1, 2), (3, 1), (1, 3), (4, 3), (3, 4), (5, 3), (3, 5), (6, 5), (5, 6), (7, 5), (5, 7), (8, 4), (4, 8), (9, 5), (5, 9), (10, 4), (4, 10), (11, 8), (8, 11), (12, 2), (2, 12), (13, 9), (9, 13), (14, 11), (11, 14), (15, 8), (8, 15), (16, 10), (10, 16), (17, 6), (6, 17), (18, 2), (2, 18), (19, 12), (12, 19), (20, 14), (14, 20)]
Z_dad = [1, 5]
Y_dad = [8, 12]
X_dad = [4, 11]
Z_da-ad = [3, 8]
Y_da-ad = [2, 5]
X_da-ad = [9, 12]
