no              #fail
4.233           #totTm
3.934           #lastADTm
7               #itDAD
1.000           #avItADGoal
101             #itADOpt
14              #opt
14              #optDA-AD
0.473           #tmDA
0.0             #relGain

V = [1, 2, 3, 4, 5, 6, 7, 8, 9, 10, 11, 12, 13, 14, 15, 16, 17, 18, 19, 20]
A = [(2, 1), (1, 2), (3, 1), (1, 3), (4, 1), (1, 4), (5, 3), (3, 5), (6, 1), (1, 6), (7, 5), (5, 7), (8, 3), (3, 8), (9, 4), (4, 9), (10, 1), (1, 10), (11, 4), (4, 11), (12, 8), (8, 12), (13, 7), (7, 13), (14, 8), (8, 14), (15, 1), (1, 15), (16, 4), (4, 16), (17, 5), (5, 17), (18, 2), (2, 18), (19, 11), (11, 19), (20, 8), (8, 20)]
Z_dad = [1, 8]
Y_dad = [4, 5]
X_dad = [7, 11]
Z_da-ad = [1, 3]
Y_da-ad = [4, 8]
X_da-ad = [9, 11]
