no              #fail
6.397           #totTm
6.257           #lastADTm
4               #itDAD
1.000           #avItADGoal
113             #itADOpt
16              #opt
16              #optDA-AD
1.337           #tmDA
0.0             #relGain

V = [1, 2, 3, 4, 5, 6, 7, 8, 9, 10, 11, 12, 13, 14, 15, 16, 17, 18, 19, 20]
A = [(2, 1), (1, 2), (3, 2), (2, 3), (4, 1), (1, 4), (5, 1), (1, 5), (6, 4), (4, 6), (7, 4), (4, 7), (8, 6), (6, 8), (9, 4), (4, 9), (10, 2), (2, 10), (11, 7), (7, 11), (12, 3), (3, 12), (13, 4), (4, 13), (14, 3), (3, 14), (15, 13), (13, 15), (16, 5), (5, 16), (17, 7), (7, 17), (18, 11), (11, 18), (19, 2), (2, 19), (20, 4), (4, 20)]
Z_dad = [2, 4]
Y_dad = [3, 5]
X_dad = [1, 12]
Z_da-ad = [2, 4]
Y_da-ad = [3, 5]
X_da-ad = [1, 12]
