no              #fail
4.554           #totTm
4.322           #lastADTm
6               #itDAD
1.000           #avItADGoal
89              #itADOpt
14              #opt
14              #optDA-AD
1.691           #tmDA
0.0             #relGain

V = [1, 2, 3, 4, 5, 6, 7, 8, 9, 10, 11, 12, 13, 14, 15, 16, 17, 18, 19, 20]
A = [(2, 1), (1, 2), (3, 2), (2, 3), (4, 2), (2, 4), (5, 4), (4, 5), (6, 3), (3, 6), (7, 5), (5, 7), (8, 5), (5, 8), (9, 5), (5, 9), (10, 6), (6, 10), (11, 7), (7, 11), (12, 7), (7, 12), (13, 1), (1, 13), (14, 6), (6, 14), (15, 6), (6, 15), (16, 14), (14, 16), (17, 15), (15, 17), (18, 5), (5, 18), (19, 7), (7, 19), (20, 1), (1, 20)]
Z_dad = [5, 6]
Y_dad = [2, 7]
X_dad = [1, 3]
Z_da-ad = [5, 6]
Y_da-ad = [2, 7]
X_da-ad = [1, 3]
