no              #fail
5.080           #totTm
4.839           #lastADTm
5               #itDAD
1.000           #avItADGoal
83              #itADOpt
15              #opt
15              #optDA-AD
0.931           #tmDA
0.0             #relGain

V = [1, 2, 3, 4, 5, 6, 7, 8, 9, 10, 11, 12, 13, 14, 15, 16, 17, 18, 19, 20]
A = [(2, 1), (1, 2), (3, 2), (2, 3), (4, 2), (2, 4), (5, 4), (4, 5), (6, 3), (3, 6), (7, 5), (5, 7), (8, 5), (5, 8), (9, 1), (1, 9), (10, 9), (9, 10), (11, 2), (2, 11), (12, 2), (2, 12), (13, 1), (1, 13), (14, 9), (9, 14), (15, 10), (10, 15), (16, 1), (1, 16), (17, 11), (11, 17), (18, 9), (9, 18), (19, 13), (13, 19), (20, 12), (12, 20)]
Z_dad = [2, 5]
Y_dad = [9, 17]
X_dad = [1, 10]
Z_da-ad = [2, 9]
Y_da-ad = [1, 5]
X_da-ad = [4, 13]
