no              #fail
5.513           #totTm
5.298           #lastADTm
5               #itDAD
1.000           #avItADGoal
83              #itADOpt
15              #opt
15              #optDA-AD
0.661           #tmDA
0.0             #relGain

V = [1, 2, 3, 4, 5, 6, 7, 8, 9, 10, 11, 12, 13, 14, 15, 16, 17, 18, 19, 20]
A = [(2, 1), (1, 2), (3, 1), (1, 3), (4, 1), (1, 4), (5, 2), (2, 5), (6, 1), (1, 6), (7, 5), (5, 7), (8, 4), (4, 8), (9, 4), (4, 9), (10, 4), (4, 10), (11, 8), (8, 11), (12, 11), (11, 12), (13, 6), (6, 13), (14, 11), (11, 14), (15, 13), (13, 15), (16, 15), (15, 16), (17, 14), (14, 17), (18, 1), (1, 18), (19, 14), (14, 19), (20, 17), (17, 20)]
Z_dad = [1, 14]
Y_dad = [4, 5]
X_dad = [2, 8]
Z_da-ad = [1, 11]
Y_da-ad = [4, 14]
X_da-ad = [8, 17]
