no              #fail
6.320           #totTm
6.068           #lastADTm
6               #itDAD
1.000           #avItADGoal
105             #itADOpt
15              #opt
15              #optDA-AD
0.664           #tmDA
0.0             #relGain

V = [1, 2, 3, 4, 5, 6, 7, 8, 9, 10, 11, 12, 13, 14, 15, 16, 17, 18, 19, 20]
A = [(2, 1), (1, 2), (3, 1), (1, 3), (4, 1), (1, 4), (5, 2), (2, 5), (6, 2), (2, 6), (7, 6), (6, 7), (8, 2), (2, 8), (9, 6), (6, 9), (10, 4), (4, 10), (11, 5), (5, 11), (12, 2), (2, 12), (13, 4), (4, 13), (14, 4), (4, 14), (15, 6), (6, 15), (16, 13), (13, 16), (17, 5), (5, 17), (18, 14), (14, 18), (19, 7), (7, 19), (20, 8), (8, 20)]
Z_dad = [2, 4]
Y_dad = [5, 6]
X_dad = [7, 9]
Z_da-ad = [2, 4]
Y_da-ad = [5, 6]
X_da-ad = [7, 9]
