no              #fail
5.056           #totTm
4.826           #lastADTm
6               #itDAD
1.000           #avItADGoal
99              #itADOpt
16              #opt
16              #optDA-AD
1.091           #tmDA
0.0             #relGain

V = [1, 2, 3, 4, 5, 6, 7, 8, 9, 10, 11, 12, 13, 14, 15, 16, 17, 18, 19, 20]
A = [(2, 1), (1, 2), (3, 2), (2, 3), (4, 3), (3, 4), (5, 4), (4, 5), (6, 5), (5, 6), (7, 2), (2, 7), (8, 7), (7, 8), (9, 6), (6, 9), (10, 4), (4, 10), (11, 2), (2, 11), (12, 8), (8, 12), (13, 2), (2, 13), (14, 6), (6, 14), (15, 2), (2, 15), (16, 5), (5, 16), (17, 9), (9, 17), (18, 11), (11, 18), (19, 18), (18, 19), (20, 19), (19, 20)]
Z_dad = [2, 5]
Y_dad = [4, 8]
X_dad = [3, 7]
Z_da-ad = [2, 5]
Y_da-ad = [4, 8]
X_da-ad = [3, 7]
