no              #fail
4.071           #totTm
3.736           #lastADTm
7               #itDAD
1.000           #avItADGoal
95              #itADOpt
15              #opt
15              #optDA-AD
0.634           #tmDA
0.0             #relGain

V = [1, 2, 3, 4, 5, 6, 7, 8, 9, 10, 11, 12, 13, 14, 15, 16, 17, 18, 19, 20]
A = [(2, 1), (1, 2), (3, 1), (1, 3), (4, 3), (3, 4), (5, 4), (4, 5), (6, 5), (5, 6), (7, 6), (6, 7), (8, 4), (4, 8), (9, 4), (4, 9), (10, 1), (1, 10), (11, 6), (6, 11), (12, 4), (4, 12), (13, 8), (8, 13), (14, 2), (2, 14), (15, 12), (12, 15), (16, 10), (10, 16), (17, 6), (6, 17), (18, 17), (17, 18), (19, 18), (18, 19), (20, 8), (8, 20)]
Z_dad = [4, 6]
Y_dad = [1, 20]
X_dad = [2, 8]
Z_da-ad = [4, 6]
Y_da-ad = [1, 20]
X_da-ad = [2, 8]
