no              #fail
27.105          #totTm
26.563          #lastADTm
5               #itDAD
1.000           #avItADGoal
230             #itADOpt
31              #opt
31              #optDA-AD
1.677           #tmDA
0.0             #relGain

V = [1, 2, 3, 4, 5, 6, 7, 8, 9, 10, 11, 12, 13, 14, 15, 16, 17, 18, 19, 20, 21, 22, 23, 24, 25, 26, 27, 28, 29, 30, 31, 32, 33, 34, 35, 36, 37, 38, 39, 40]
A = [(2, 1), (1, 2), (3, 2), (2, 3), (4, 1), (1, 4), (5, 3), (3, 5), (6, 1), (1, 6), (7, 4), (4, 7), (8, 1), (1, 8), (9, 4), (4, 9), (10, 6), (6, 10), (11, 10), (10, 11), (12, 5), (5, 12), (13, 10), (10, 13), (14, 10), (10, 14), (15, 10), (10, 15), (16, 9), (9, 16), (17, 14), (14, 17), (18, 12), (12, 18), (19, 17), (17, 19), (20, 10), (10, 20), (21, 5), (5, 21), (22, 5), (5, 22), (23, 11), (11, 23), (24, 4), (4, 24), (25, 5), (5, 25), (26, 25), (25, 26), (27, 22), (22, 27), (28, 23), (23, 28), (29, 21), (21, 29), (30, 22), (22, 30), (31, 26), (26, 31), (32, 26), (26, 32), (33, 17), (17, 33), (34, 10), (10, 34), (35, 28), (28, 35), (36, 32), (32, 36), (37, 23), (23, 37), (38, 22), (22, 38), (39, 6), (6, 39), (40, 16), (16, 40)]
Z_dad = [5, 10]
Y_dad = [1, 23]
X_dad = [2, 4]
Z_da-ad = [5, 10]
Y_da-ad = [1, 23]
X_da-ad = [2, 4]
