no              #fail
18.935          #totTm
18.239          #lastADTm
6               #itDAD
1.000           #avItADGoal
148             #itADOpt
29              #opt
24              #optDA-AD
1.336           #tmDA
17.2            #relGain

V = [1, 2, 3, 4, 5, 6, 7, 8, 9, 10, 11, 12, 13, 14, 15, 16, 17, 18, 19, 20, 21, 22, 23, 24, 25, 26, 27, 28, 29, 30, 31, 32, 33, 34, 35, 36, 37, 38, 39, 40]
A = [(2, 1), (1, 2), (3, 2), (2, 3), (4, 2), (2, 4), (5, 1), (1, 5), (6, 5), (5, 6), (7, 6), (6, 7), (8, 7), (7, 8), (9, 6), (6, 9), (10, 6), (6, 10), (11, 3), (3, 11), (12, 4), (4, 12), (13, 8), (8, 13), (14, 8), (8, 14), (15, 14), (14, 15), (16, 1), (1, 16), (17, 15), (15, 17), (18, 14), (14, 18), (19, 9), (9, 19), (20, 4), (4, 20), (21, 7), (7, 21), (22, 4), (4, 22), (23, 1), (1, 23), (24, 6), (6, 24), (25, 19), (19, 25), (26, 8), (8, 26), (27, 20), (20, 27), (28, 13), (13, 28), (29, 5), (5, 29), (30, 18), (18, 30), (31, 12), (12, 31), (32, 24), (24, 32), (33, 13), (13, 33), (34, 18), (18, 34), (35, 34), (34, 35), (36, 1), (1, 36), (37, 33), (33, 37), (38, 14), (14, 38), (39, 5), (5, 39), (40, 21), (21, 40)]
Z_dad = [6, 8]
Y_dad = [1, 14]
X_dad = [2, 18]
Z_da-ad = [1, 8]
Y_da-ad = [4, 6]
X_da-ad = [2, 9]
