no              #fail
22.367          #totTm
21.228          #lastADTm
7               #itDAD
1.000           #avItADGoal
167             #itADOpt
28              #opt
27              #optDA-AD
1.06            #tmDA
3.6             #relGain

V = [1, 2, 3, 4, 5, 6, 7, 8, 9, 10, 11, 12, 13, 14, 15, 16, 17, 18, 19, 20, 21, 22, 23, 24, 25, 26, 27, 28, 29, 30, 31, 32, 33, 34, 35, 36, 37, 38, 39, 40]
A = [(2, 1), (1, 2), (3, 1), (1, 3), (4, 2), (2, 4), (5, 2), (2, 5), (6, 1), (1, 6), (7, 6), (6, 7), (8, 7), (7, 8), (9, 1), (1, 9), (10, 5), (5, 10), (11, 5), (5, 11), (12, 7), (7, 12), (13, 8), (8, 13), (14, 13), (13, 14), (15, 6), (6, 15), (16, 10), (10, 16), (17, 14), (14, 17), (18, 8), (8, 18), (19, 12), (12, 19), (20, 13), (13, 20), (21, 9), (9, 21), (22, 4), (4, 22), (23, 5), (5, 23), (24, 5), (5, 24), (25, 20), (20, 25), (26, 3), (3, 26), (27, 21), (21, 27), (28, 8), (8, 28), (29, 1), (1, 29), (30, 6), (6, 30), (31, 28), (28, 31), (32, 6), (6, 32), (33, 21), (21, 33), (34, 11), (11, 34), (35, 21), (21, 35), (36, 33), (33, 36), (37, 33), (33, 37), (38, 6), (6, 38), (39, 17), (17, 39), (40, 30), (30, 40)]
Z_dad = [1, 5]
Y_dad = [6, 13]
X_dad = [7, 8]
Z_da-ad = [1, 8]
Y_da-ad = [5, 6]
X_da-ad = [2, 7]
