no              #fail
25.836          #totTm
24.639          #lastADTm
8               #itDAD
1.000           #avItADGoal
198             #itADOpt
29              #opt
29              #optDA-AD
1.501           #tmDA
0.0             #relGain

V = [1, 2, 3, 4, 5, 6, 7, 8, 9, 10, 11, 12, 13, 14, 15, 16, 17, 18, 19, 20, 21, 22, 23, 24, 25, 26, 27, 28, 29, 30, 31, 32, 33, 34, 35, 36, 37, 38, 39, 40]
A = [(2, 1), (1, 2), (3, 2), (2, 3), (4, 3), (3, 4), (5, 2), (2, 5), (6, 1), (1, 6), (7, 1), (1, 7), (8, 6), (6, 8), (9, 7), (7, 9), (10, 8), (8, 10), (11, 2), (2, 11), (12, 7), (7, 12), (13, 2), (2, 13), (14, 12), (12, 14), (15, 14), (14, 15), (16, 7), (7, 16), (17, 16), (16, 17), (18, 8), (8, 18), (19, 1), (1, 19), (20, 3), (3, 20), (21, 1), (1, 21), (22, 6), (6, 22), (23, 20), (20, 23), (24, 12), (12, 24), (25, 8), (8, 25), (26, 1), (1, 26), (27, 6), (6, 27), (28, 7), (7, 28), (29, 1), (1, 29), (30, 25), (25, 30), (31, 22), (22, 31), (32, 22), (22, 32), (33, 27), (27, 33), (34, 15), (15, 34), (35, 30), (30, 35), (36, 3), (3, 36), (37, 20), (20, 37), (38, 10), (10, 38), (39, 13), (13, 39), (40, 25), (25, 40)]
Z_dad = [1, 8]
Y_dad = [3, 7]
X_dad = [2, 12]
Z_da-ad = [1, 6]
Y_da-ad = [3, 7]
X_da-ad = [2, 12]
