no              #fail
20.201          #totTm
19.293          #lastADTm
7               #itDAD
1.000           #avItADGoal
157             #itADOpt
30              #opt
29              #optDA-AD
0.874           #tmDA
3.3             #relGain

V = [1, 2, 3, 4, 5, 6, 7, 8, 9, 10, 11, 12, 13, 14, 15, 16, 17, 18, 19, 20, 21, 22, 23, 24, 25, 26, 27, 28, 29, 30, 31, 32, 33, 34, 35, 36, 37, 38, 39, 40]
A = [(2, 1), (1, 2), (3, 2), (2, 3), (4, 3), (3, 4), (5, 2), (2, 5), (6, 5), (5, 6), (7, 2), (2, 7), (8, 4), (4, 8), (9, 5), (5, 9), (10, 3), (3, 10), (11, 2), (2, 11), (12, 1), (1, 12), (13, 11), (11, 13), (14, 9), (9, 14), (15, 9), (9, 15), (16, 8), (8, 16), (17, 10), (10, 17), (18, 12), (12, 18), (19, 4), (4, 19), (20, 2), (2, 20), (21, 10), (10, 21), (22, 3), (3, 22), (23, 11), (11, 23), (24, 11), (11, 24), (25, 22), (22, 25), (26, 23), (23, 26), (27, 8), (8, 27), (28, 11), (11, 28), (29, 26), (26, 29), (30, 9), (9, 30), (31, 26), (26, 31), (32, 16), (16, 32), (33, 17), (17, 33), (34, 32), (32, 34), (35, 21), (21, 35), (36, 16), (16, 36), (37, 23), (23, 37), (38, 22), (22, 38), (39, 26), (26, 39), (40, 37), (37, 40)]
Z_dad = [2, 23]
Y_dad = [3, 5]
X_dad = [4, 10]
Z_da-ad = [2, 3]
Y_da-ad = [16, 23]
X_da-ad = [11, 26]
