no              #fail
30.832          #totTm
29.914          #lastADTm
7               #itDAD
1.000           #avItADGoal
231             #itADOpt
29              #opt
29              #optDA-AD
1.466           #tmDA
0.0             #relGain

V = [1, 2, 3, 4, 5, 6, 7, 8, 9, 10, 11, 12, 13, 14, 15, 16, 17, 18, 19, 20, 21, 22, 23, 24, 25, 26, 27, 28, 29, 30, 31, 32, 33, 34, 35, 36, 37, 38, 39, 40]
A = [(2, 1), (1, 2), (3, 1), (1, 3), (4, 2), (2, 4), (5, 4), (4, 5), (6, 1), (1, 6), (7, 6), (6, 7), (8, 4), (4, 8), (9, 7), (7, 9), (10, 7), (7, 10), (11, 6), (6, 11), (12, 9), (9, 12), (13, 1), (1, 13), (14, 4), (4, 14), (15, 7), (7, 15), (16, 13), (13, 16), (17, 2), (2, 17), (18, 2), (2, 18), (19, 11), (11, 19), (20, 16), (16, 20), (21, 8), (8, 21), (22, 3), (3, 22), (23, 16), (16, 23), (24, 10), (10, 24), (25, 2), (2, 25), (26, 20), (20, 26), (27, 4), (4, 27), (28, 2), (2, 28), (29, 6), (6, 29), (30, 18), (18, 30), (31, 12), (12, 31), (32, 2), (2, 32), (33, 19), (19, 33), (34, 4), (4, 34), (35, 27), (27, 35), (36, 34), (34, 36), (37, 28), (28, 37), (38, 36), (36, 38), (39, 37), (37, 39), (40, 39), (39, 40)]
Z_dad = [2, 4]
Y_dad = [7, 16]
X_dad = [6, 13]
Z_da-ad = [2, 6]
Y_da-ad = [4, 7]
X_da-ad = [9, 34]
