no              #fail
27.059          #totTm
26.170          #lastADTm
7               #itDAD
1.000           #avItADGoal
229             #itADOpt
30              #opt
30              #optDA-AD
1.784           #tmDA
0.0             #relGain

V = [1, 2, 3, 4, 5, 6, 7, 8, 9, 10, 11, 12, 13, 14, 15, 16, 17, 18, 19, 20, 21, 22, 23, 24, 25, 26, 27, 28, 29, 30, 31, 32, 33, 34, 35, 36, 37, 38, 39, 40]
A = [(2, 1), (1, 2), (3, 1), (1, 3), (4, 1), (1, 4), (5, 2), (2, 5), (6, 2), (2, 6), (7, 2), (2, 7), (8, 4), (4, 8), (9, 4), (4, 9), (10, 1), (1, 10), (11, 5), (5, 11), (12, 9), (9, 12), (13, 3), (3, 13), (14, 2), (2, 14), (15, 8), (8, 15), (16, 9), (9, 16), (17, 13), (13, 17), (18, 17), (17, 18), (19, 17), (17, 19), (20, 18), (18, 20), (21, 14), (14, 21), (22, 4), (4, 22), (23, 1), (1, 23), (24, 21), (21, 24), (25, 1), (1, 25), (26, 10), (10, 26), (27, 12), (12, 27), (28, 13), (13, 28), (29, 21), (21, 29), (30, 17), (17, 30), (31, 28), (28, 31), (32, 22), (22, 32), (33, 2), (2, 33), (34, 31), (31, 34), (35, 22), (22, 35), (36, 4), (4, 36), (37, 6), (6, 37), (38, 4), (4, 38), (39, 30), (30, 39), (40, 37), (37, 40)]
Z_dad = [2, 4]
Y_dad = [1, 17]
X_dad = [13, 18]
Z_da-ad = [2, 4]
Y_da-ad = [1, 17]
X_da-ad = [13, 18]
