no              #fail
19.531          #totTm
18.178          #lastADTm
8               #itDAD
1.000           #avItADGoal
137             #itADOpt
29              #opt
29              #optDA-AD
1.248           #tmDA
0.0             #relGain

V = [1, 2, 3, 4, 5, 6, 7, 8, 9, 10, 11, 12, 13, 14, 15, 16, 17, 18, 19, 20, 21, 22, 23, 24, 25, 26, 27, 28, 29, 30, 31, 32, 33, 34, 35, 36, 37, 38, 39, 40]
A = [(2, 1), (1, 2), (3, 1), (1, 3), (4, 3), (3, 4), (5, 1), (1, 5), (6, 4), (4, 6), (7, 5), (5, 7), (8, 5), (5, 8), (9, 8), (8, 9), (10, 2), (2, 10), (11, 6), (6, 11), (12, 2), (2, 12), (13, 3), (3, 13), (14, 3), (3, 14), (15, 4), (4, 15), (16, 7), (7, 16), (17, 12), (12, 17), (18, 4), (4, 18), (19, 11), (11, 19), (20, 2), (2, 20), (21, 16), (16, 21), (22, 2), (2, 22), (23, 19), (19, 23), (24, 6), (6, 24), (25, 1), (1, 25), (26, 10), (10, 26), (27, 17), (17, 27), (28, 12), (12, 28), (29, 10), (10, 29), (30, 6), (6, 30), (31, 28), (28, 31), (32, 17), (17, 32), (33, 11), (11, 33), (34, 30), (30, 34), (35, 11), (11, 35), (36, 13), (13, 36), (37, 24), (24, 37), (38, 9), (9, 38), (39, 38), (38, 39), (40, 39), (39, 40)]
Z_dad = [1, 6]
Y_dad = [2, 8]
X_dad = [5, 12]
Z_da-ad = [1, 6]
Y_da-ad = [2, 8]
X_da-ad = [5, 12]
