no              #fail
20.293          #totTm
19.057          #lastADTm
7               #itDAD
1.000           #avItADGoal
141             #itADOpt
30              #opt
30              #optDA-AD
0.956           #tmDA
0.0             #relGain

V = [1, 2, 3, 4, 5, 6, 7, 8, 9, 10, 11, 12, 13, 14, 15, 16, 17, 18, 19, 20, 21, 22, 23, 24, 25, 26, 27, 28, 29, 30, 31, 32, 33, 34, 35, 36, 37, 38, 39, 40]
A = [(2, 1), (1, 2), (3, 2), (2, 3), (4, 3), (3, 4), (5, 3), (3, 5), (6, 5), (5, 6), (7, 4), (4, 7), (8, 5), (5, 8), (9, 4), (4, 9), (10, 2), (2, 10), (11, 4), (4, 11), (12, 7), (7, 12), (13, 3), (3, 13), (14, 7), (7, 14), (15, 6), (6, 15), (16, 12), (12, 16), (17, 9), (9, 17), (18, 5), (5, 18), (19, 14), (14, 19), (20, 19), (19, 20), (21, 20), (20, 21), (22, 6), (6, 22), (23, 4), (4, 23), (24, 7), (7, 24), (25, 12), (12, 25), (26, 8), (8, 26), (27, 2), (2, 27), (28, 18), (18, 28), (29, 1), (1, 29), (30, 13), (13, 30), (31, 12), (12, 31), (32, 25), (25, 32), (33, 16), (16, 33), (34, 4), (4, 34), (35, 7), (7, 35), (36, 17), (17, 36), (37, 27), (27, 37), (38, 12), (12, 38), (39, 14), (14, 39), (40, 9), (9, 40)]
Z_dad = [3, 7]
Y_dad = [5, 12]
X_dad = [6, 8]
Z_da-ad = [3, 7]
Y_da-ad = [5, 12]
X_da-ad = [6, 8]
