no              #fail
21.330          #totTm
20.345          #lastADTm
7               #itDAD
1.000           #avItADGoal
150             #itADOpt
29              #opt
28              #optDA-AD
1.317           #tmDA
3.4             #relGain

V = [1, 2, 3, 4, 5, 6, 7, 8, 9, 10, 11, 12, 13, 14, 15, 16, 17, 18, 19, 20, 21, 22, 23, 24, 25, 26, 27, 28, 29, 30, 31, 32, 33, 34, 35, 36, 37, 38, 39, 40]
A = [(2, 1), (1, 2), (3, 1), (1, 3), (4, 3), (3, 4), (5, 2), (2, 5), (6, 1), (1, 6), (7, 2), (2, 7), (8, 1), (1, 8), (9, 3), (3, 9), (10, 6), (6, 10), (11, 10), (10, 11), (12, 3), (3, 12), (13, 10), (10, 13), (14, 5), (5, 14), (15, 2), (2, 15), (16, 9), (9, 16), (17, 12), (12, 17), (18, 9), (9, 18), (19, 15), (15, 19), (20, 19), (19, 20), (21, 12), (12, 21), (22, 12), (12, 22), (23, 1), (1, 23), (24, 3), (3, 24), (25, 11), (11, 25), (26, 10), (10, 26), (27, 13), (13, 27), (28, 6), (6, 28), (29, 15), (15, 29), (30, 4), (4, 30), (31, 19), (19, 31), (32, 12), (12, 32), (33, 5), (5, 33), (34, 30), (30, 34), (35, 32), (32, 35), (36, 35), (35, 36), (37, 24), (24, 37), (38, 6), (6, 38), (39, 17), (17, 39), (40, 35), (35, 40)]
Z_dad = [1, 3]
Y_dad = [10, 12]
X_dad = [6, 32]
Z_da-ad = [1, 12]
Y_da-ad = [3, 10]
X_da-ad = [4, 9]
