no              #fail
16.183          #totTm
14.830          #lastADTm
6               #itDAD
1.000           #avItADGoal
117             #itADOpt
30              #opt
30              #optDA-AD
1.128           #tmDA
0.0             #relGain

V = [1, 2, 3, 4, 5, 6, 7, 8, 9, 10, 11, 12, 13, 14, 15, 16, 17, 18, 19, 20, 21, 22, 23, 24, 25, 26, 27, 28, 29, 30, 31, 32, 33, 34, 35, 36, 37, 38, 39, 40]
A = [(2, 1), (1, 2), (3, 2), (2, 3), (4, 3), (3, 4), (5, 3), (3, 5), (6, 5), (5, 6), (7, 1), (1, 7), (8, 1), (1, 8), (9, 6), (6, 9), (10, 2), (2, 10), (11, 10), (10, 11), (12, 11), (11, 12), (13, 12), (12, 13), (14, 11), (11, 14), (15, 6), (6, 15), (16, 8), (8, 16), (17, 7), (7, 17), (18, 16), (16, 18), (19, 2), (2, 19), (20, 12), (12, 20), (21, 2), (2, 21), (22, 14), (14, 22), (23, 18), (18, 23), (24, 16), (16, 24), (25, 4), (4, 25), (26, 17), (17, 26), (27, 22), (22, 27), (28, 2), (2, 28), (29, 14), (14, 29), (30, 28), (28, 30), (31, 28), (28, 31), (32, 14), (14, 32), (33, 30), (30, 33), (34, 31), (31, 34), (35, 14), (14, 35), (36, 13), (13, 36), (37, 28), (28, 37), (38, 24), (24, 38), (39, 23), (23, 39), (40, 6), (6, 40)]
Z_dad = [2, 8]
Y_dad = [6, 11]
X_dad = [5, 14]
Z_da-ad = [2, 11]
Y_da-ad = [6, 16]
X_da-ad = [5, 8]
