no              #fail
42.258          #totTm
41.575          #lastADTm
6               #itDAD
1.000           #avItADGoal
282             #itADOpt
31              #opt
31              #optDA-AD
1.44            #tmDA
0.0             #relGain

V = [1, 2, 3, 4, 5, 6, 7, 8, 9, 10, 11, 12, 13, 14, 15, 16, 17, 18, 19, 20, 21, 22, 23, 24, 25, 26, 27, 28, 29, 30, 31, 32, 33, 34, 35, 36, 37, 38, 39, 40]
A = [(2, 1), (1, 2), (3, 2), (2, 3), (4, 3), (3, 4), (5, 4), (4, 5), (6, 3), (3, 6), (7, 2), (2, 7), (8, 5), (5, 8), (9, 2), (2, 9), (10, 4), (4, 10), (11, 4), (4, 11), (12, 4), (4, 12), (13, 5), (5, 13), (14, 1), (1, 14), (15, 12), (12, 15), (16, 1), (1, 16), (17, 9), (9, 17), (18, 5), (5, 18), (19, 1), (1, 19), (20, 9), (9, 20), (21, 10), (10, 21), (22, 9), (9, 22), (23, 22), (22, 23), (24, 8), (8, 24), (25, 11), (11, 25), (26, 16), (16, 26), (27, 14), (14, 27), (28, 1), (1, 28), (29, 8), (8, 29), (30, 18), (18, 30), (31, 10), (10, 31), (32, 28), (28, 32), (33, 24), (24, 33), (34, 19), (19, 34), (35, 4), (4, 35), (36, 31), (31, 36), (37, 4), (4, 37), (38, 21), (21, 38), (39, 12), (12, 39), (40, 35), (35, 40)]
Z_dad = [1, 4]
Y_dad = [8, 9]
X_dad = [2, 5]
Z_da-ad = [1, 4]
Y_da-ad = [8, 9]
X_da-ad = [2, 5]
