no              #fail
18.200          #totTm
17.057          #lastADTm
7               #itDAD
1.000           #avItADGoal
140             #itADOpt
29              #opt
29              #optDA-AD
1.18            #tmDA
0.0             #relGain

V = [1, 2, 3, 4, 5, 6, 7, 8, 9, 10, 11, 12, 13, 14, 15, 16, 17, 18, 19, 20, 21, 22, 23, 24, 25, 26, 27, 28, 29, 30, 31, 32, 33, 34, 35, 36, 37, 38, 39, 40]
A = [(2, 1), (1, 2), (3, 2), (2, 3), (4, 3), (3, 4), (5, 3), (3, 5), (6, 4), (4, 6), (7, 3), (3, 7), (8, 7), (7, 8), (9, 1), (1, 9), (10, 3), (3, 10), (11, 7), (7, 11), (12, 1), (1, 12), (13, 4), (4, 13), (14, 8), (8, 14), (15, 4), (4, 15), (16, 12), (12, 16), (17, 8), (8, 17), (18, 9), (9, 18), (19, 2), (2, 19), (20, 17), (17, 20), (21, 15), (15, 21), (22, 6), (6, 22), (23, 17), (17, 23), (24, 6), (6, 24), (25, 17), (17, 25), (26, 8), (8, 26), (27, 7), (7, 27), (28, 20), (20, 28), (29, 5), (5, 29), (30, 15), (15, 30), (31, 20), (20, 31), (32, 19), (19, 32), (33, 5), (5, 33), (34, 29), (29, 34), (35, 33), (33, 35), (36, 30), (30, 36), (37, 2), (2, 37), (38, 28), (28, 38), (39, 4), (4, 39), (40, 29), (29, 40)]
Z_dad = [3, 8]
Y_dad = [1, 4]
X_dad = [2, 15]
Z_da-ad = [3, 8]
Y_da-ad = [1, 4]
X_da-ad = [2, 15]
