no              #fail
20.483          #totTm
19.092          #lastADTm
8               #itDAD
1.000           #avItADGoal
157             #itADOpt
29              #opt
29              #optDA-AD
1.674           #tmDA
0.0             #relGain

V = [1, 2, 3, 4, 5, 6, 7, 8, 9, 10, 11, 12, 13, 14, 15, 16, 17, 18, 19, 20, 21, 22, 23, 24, 25, 26, 27, 28, 29, 30, 31, 32, 33, 34, 35, 36, 37, 38, 39, 40]
A = [(2, 1), (1, 2), (3, 1), (1, 3), (4, 2), (2, 4), (5, 1), (1, 5), (6, 2), (2, 6), (7, 6), (6, 7), (8, 5), (5, 8), (9, 2), (2, 9), (10, 6), (6, 10), (11, 4), (4, 11), (12, 7), (7, 12), (13, 4), (4, 13), (14, 10), (10, 14), (15, 6), (6, 15), (16, 10), (10, 16), (17, 9), (9, 17), (18, 12), (12, 18), (19, 11), (11, 19), (20, 11), (11, 20), (21, 6), (6, 21), (22, 10), (10, 22), (23, 16), (16, 23), (24, 21), (21, 24), (25, 8), (8, 25), (26, 2), (2, 26), (27, 16), (16, 27), (28, 27), (27, 28), (29, 18), (18, 29), (30, 22), (22, 30), (31, 15), (15, 31), (32, 6), (6, 32), (33, 2), (2, 33), (34, 4), (4, 34), (35, 11), (11, 35), (36, 11), (11, 36), (37, 28), (28, 37), (38, 25), (25, 38), (39, 19), (19, 39), (40, 8), (8, 40)]
Z_dad = [6, 16]
Y_dad = [5, 11]
X_dad = [1, 4]
Z_da-ad = [2, 6]
Y_da-ad = [11, 16]
X_da-ad = [10, 27]
