no              #fail
21.271          #totTm
20.184          #lastADTm
7               #itDAD
1.000           #avItADGoal
148             #itADOpt
31              #opt
31              #optDA-AD
0.855           #tmDA
0.0             #relGain

V = [1, 2, 3, 4, 5, 6, 7, 8, 9, 10, 11, 12, 13, 14, 15, 16, 17, 18, 19, 20, 21, 22, 23, 24, 25, 26, 27, 28, 29, 30, 31, 32, 33, 34, 35, 36, 37, 38, 39, 40]
A = [(2, 1), (1, 2), (3, 1), (1, 3), (4, 2), (2, 4), (5, 2), (2, 5), (6, 3), (3, 6), (7, 4), (4, 7), (8, 4), (4, 8), (9, 7), (7, 9), (10, 7), (7, 10), (11, 2), (2, 11), (12, 8), (8, 12), (13, 2), (2, 13), (14, 12), (12, 14), (15, 1), (1, 15), (16, 12), (12, 16), (17, 12), (12, 17), (18, 6), (6, 18), (19, 14), (14, 19), (20, 3), (3, 20), (21, 7), (7, 21), (22, 5), (5, 22), (23, 8), (8, 23), (24, 5), (5, 24), (25, 13), (13, 25), (26, 10), (10, 26), (27, 8), (8, 27), (28, 17), (17, 28), (29, 17), (17, 29), (30, 23), (23, 30), (31, 30), (30, 31), (32, 24), (24, 32), (33, 11), (11, 33), (34, 14), (14, 34), (35, 22), (22, 35), (36, 5), (5, 36), (37, 22), (22, 37), (38, 1), (1, 38), (39, 19), (19, 39), (40, 14), (14, 40)]
Z_dad = [2, 8]
Y_dad = [5, 14]
X_dad = [12, 22]
Z_da-ad = [2, 8]
Y_da-ad = [5, 14]
X_da-ad = [12, 22]
