no              #fail
7.833           #totTm
7.476           #lastADTm
8               #itDAD
1.000           #avItADGoal
192             #itADOpt
13              #opt
13              #optDA-AD
1.947           #tmDA
0.0             #relGain

V = [1, 2, 3, 4, 5, 6, 7, 8, 9, 10, 11, 12, 13, 14, 15, 16, 17, 18, 19, 20]
A = [(2, 1), (1, 2), (3, 2), (2, 3), (4, 2), (2, 4), (5, 2), (2, 5), (6, 3), (3, 6), (7, 3), (3, 7), (8, 4), (4, 8), (9, 4), (4, 9), (10, 4), (4, 10), (11, 6), (6, 11), (12, 5), (5, 12), (13, 12), (12, 13), (14, 13), (13, 14), (15, 4), (4, 15), (16, 8), (8, 16), (17, 16), (16, 17), (18, 10), (10, 18), (19, 15), (15, 19), (20, 12), (12, 20)]
Z_dad = [3, 4, 12]
Y_dad = [2, 16, 19]
X_dad = [1]
Z_da-ad = [3, 4, 12]
Y_da-ad = [2, 16, 19]
X_da-ad = [1]
