no              #fail
8.274           #totTm
8.111           #lastADTm
5               #itDAD
1.000           #avItADGoal
268             #itADOpt
15              #opt
15              #optDA-AD
2.236           #tmDA
0.0             #relGain

V = [1, 2, 3, 4, 5, 6, 7, 8, 9, 10, 11, 12, 13, 14, 15, 16, 17, 18, 19, 20]
A = [(2, 1), (1, 2), (3, 1), (1, 3), (4, 3), (3, 4), (5, 2), (2, 5), (6, 5), (5, 6), (7, 6), (6, 7), (8, 6), (6, 8), (9, 2), (2, 9), (10, 1), (1, 10), (11, 8), (8, 11), (12, 9), (9, 12), (13, 9), (9, 13), (14, 12), (12, 14), (15, 6), (6, 15), (16, 9), (9, 16), (17, 7), (7, 17), (18, 15), (15, 18), (19, 10), (10, 19), (20, 6), (6, 20)]
Z_dad = [1, 6, 9]
Y_dad = [2, 3, 15]
X_dad = [4]
Z_da-ad = [1, 6, 9]
Y_da-ad = [2, 3, 15]
X_da-ad = [4]
