no              #fail
18.077          #totTm
17.808          #lastADTm
7               #itDAD
1.000           #avItADGoal
399             #itADOpt
14              #opt
14              #optDA-AD
5.072           #tmDA
0.0             #relGain

V = [1, 2, 3, 4, 5, 6, 7, 8, 9, 10, 11, 12, 13, 14, 15, 16, 17, 18, 19, 20]
A = [(2, 1), (1, 2), (3, 2), (2, 3), (4, 2), (2, 4), (5, 3), (3, 5), (6, 4), (4, 6), (7, 6), (6, 7), (8, 2), (2, 8), (9, 6), (6, 9), (10, 4), (4, 10), (11, 6), (6, 11), (12, 1), (1, 12), (13, 8), (8, 13), (14, 11), (11, 14), (15, 1), (1, 15), (16, 6), (6, 16), (17, 2), (2, 17), (18, 1), (1, 18), (19, 6), (6, 19), (20, 11), (11, 20)]
Z_dad = [1, 2, 6]
Y_dad = [4, 8, 11]
X_dad = [10]
Z_da-ad = [1, 2, 6]
Y_da-ad = [4, 8, 11]
X_da-ad = [10]
