no              #fail
5.316           #totTm
4.945           #lastADTm
8               #itDAD
1.000           #avItADGoal
134             #itADOpt
13              #opt
13              #optDA-AD
1.249           #tmDA
0.0             #relGain

V = [1, 2, 3, 4, 5, 6, 7, 8, 9, 10, 11, 12, 13, 14, 15, 16, 17, 18, 19, 20]
A = [(2, 1), (1, 2), (3, 2), (2, 3), (4, 1), (1, 4), (5, 4), (4, 5), (6, 3), (3, 6), (7, 1), (1, 7), (8, 7), (7, 8), (9, 3), (3, 9), (10, 3), (3, 10), (11, 9), (9, 11), (12, 6), (6, 12), (13, 10), (10, 13), (14, 3), (3, 14), (15, 7), (7, 15), (16, 11), (11, 16), (17, 12), (12, 17), (18, 8), (8, 18), (19, 2), (2, 19), (20, 9), (9, 20)]
Z_dad = [1, 3, 7]
Y_dad = [6, 11, 13]
X_dad = [12]
Z_da-ad = [1, 3, 7]
Y_da-ad = [6, 11, 13]
X_da-ad = [12]
