no              #fail
9.299           #totTm
9.070           #lastADTm
7               #itDAD
1.000           #avItADGoal
257             #itADOpt
14              #opt
14              #optDA-AD
2.258           #tmDA
0.0             #relGain

V = [1, 2, 3, 4, 5, 6, 7, 8, 9, 10, 11, 12, 13, 14, 15, 16, 17, 18, 19, 20]
A = [(2, 1), (1, 2), (3, 1), (1, 3), (4, 3), (3, 4), (5, 4), (4, 5), (6, 3), (3, 6), (7, 3), (3, 7), (8, 4), (4, 8), (9, 1), (1, 9), (10, 7), (7, 10), (11, 3), (3, 11), (12, 6), (6, 12), (13, 8), (8, 13), (14, 1), (1, 14), (15, 1), (1, 15), (16, 2), (2, 16), (17, 8), (8, 17), (18, 17), (17, 18), (19, 11), (11, 19), (20, 16), (16, 20)]
Z_dad = [1, 3, 8]
Y_dad = [11, 16, 17]
X_dad = [2]
Z_da-ad = [1, 3, 8]
Y_da-ad = [11, 16, 17]
X_da-ad = [2]
