no              #fail
5.550           #totTm
4.757           #lastADTm
12              #itDAD
1.000           #avItADGoal
132             #itADOpt
12              #opt
12              #optDA-AD
2.095           #tmDA
0.0             #relGain

V = [1, 2, 3, 4, 5, 6, 7, 8, 9, 10, 11, 12, 13, 14, 15, 16, 17, 18, 19, 20]
A = [(2, 1), (1, 2), (3, 2), (2, 3), (4, 2), (2, 4), (5, 2), (2, 5), (6, 3), (3, 6), (7, 2), (2, 7), (8, 7), (7, 8), (9, 5), (5, 9), (10, 5), (5, 10), (11, 4), (4, 11), (12, 8), (8, 12), (13, 8), (8, 13), (14, 4), (4, 14), (15, 6), (6, 15), (16, 5), (5, 16), (17, 14), (14, 17), (18, 15), (15, 18), (19, 18), (18, 19), (20, 7), (7, 20)]
Z_dad = [2, 8, 15]
Y_dad = [4, 5, 20]
X_dad = [14]
Z_da-ad = [2, 8, 15]
Y_da-ad = [4, 5, 20]
X_da-ad = [14]
