no              #fail
15.175          #totTm
14.687          #lastADTm
9               #itDAD
1.000           #avItADGoal
321             #itADOpt
14              #opt
14              #optDA-AD
3.399           #tmDA
0.0             #relGain

V = [1, 2, 3, 4, 5, 6, 7, 8, 9, 10, 11, 12, 13, 14, 15, 16, 17, 18, 19, 20]
A = [(2, 1), (1, 2), (3, 1), (1, 3), (4, 3), (3, 4), (5, 3), (3, 5), (6, 3), (3, 6), (7, 5), (5, 7), (8, 3), (3, 8), (9, 3), (3, 9), (10, 7), (7, 10), (11, 5), (5, 11), (12, 10), (10, 12), (13, 8), (8, 13), (14, 8), (8, 14), (15, 10), (10, 15), (16, 11), (11, 16), (17, 11), (11, 17), (18, 6), (6, 18), (19, 14), (14, 19), (20, 3), (3, 20)]
Z_dad = [3, 10, 11]
Y_dad = [7, 8, 18]
X_dad = [14]
Z_da-ad = [3, 10, 11]
Y_da-ad = [7, 8, 18]
X_da-ad = [14]
