no              #fail
5.233           #totTm
4.256           #lastADTm
13              #itDAD
1.000           #avItADGoal
131             #itADOpt
12              #opt
12              #optDA-AD
1.072           #tmDA
0.0             #relGain

V = [1, 2, 3, 4, 5, 6, 7, 8, 9, 10, 11, 12, 13, 14, 15, 16, 17, 18, 19, 20]
A = [(2, 1), (1, 2), (3, 1), (1, 3), (4, 1), (1, 4), (5, 3), (3, 5), (6, 5), (5, 6), (7, 6), (6, 7), (8, 3), (3, 8), (9, 4), (4, 9), (10, 5), (5, 10), (11, 10), (10, 11), (12, 9), (9, 12), (13, 12), (12, 13), (14, 1), (1, 14), (15, 11), (11, 15), (16, 13), (13, 16), (17, 3), (3, 17), (18, 13), (13, 18), (19, 1), (1, 19), (20, 9), (9, 20)]
Z_dad = [1, 9, 13]
Y_dad = [2, 5, 12]
X_dad = [10]
Z_da-ad = [1, 5, 12]
Y_da-ad = [3, 11, 13]
X_da-ad = [8]
