no              #fail
7.275           #totTm
7.006           #lastADTm
6               #itDAD
1.000           #avItADGoal
193             #itADOpt
13              #opt
13              #optDA-AD
1.580           #tmDA
0.0             #relGain

V = [1, 2, 3, 4, 5, 6, 7, 8, 9, 10, 11, 12, 13, 14, 15, 16, 17, 18, 19, 20]
A = [(2, 1), (1, 2), (3, 2), (2, 3), (4, 2), (2, 4), (5, 4), (4, 5), (6, 1), (1, 6), (7, 5), (5, 7), (8, 4), (4, 8), (9, 4), (4, 9), (10, 4), (4, 10), (11, 10), (10, 11), (12, 3), (3, 12), (13, 3), (3, 13), (14, 11), (11, 14), (15, 14), (14, 15), (16, 10), (10, 16), (17, 12), (12, 17), (18, 12), (12, 18), (19, 17), (17, 19), (20, 4), (4, 20)]
Z_dad = [2, 4, 12]
Y_dad = [3, 5, 11]
X_dad = [14]
Z_da-ad = [2, 4, 12]
Y_da-ad = [3, 5, 11]
X_da-ad = [14]
