no              #fail
6.732           #totTm
6.101           #lastADTm
11              #itDAD
1.000           #avItADGoal
167             #itADOpt
12              #opt
12              #optDA-AD
1.523           #tmDA
0.0             #relGain

V = [1, 2, 3, 4, 5, 6, 7, 8, 9, 10, 11, 12, 13, 14, 15, 16, 17, 18, 19, 20]
A = [(2, 1), (1, 2), (3, 1), (1, 3), (4, 1), (1, 4), (5, 3), (3, 5), (6, 1), (1, 6), (7, 3), (3, 7), (8, 4), (4, 8), (9, 3), (3, 9), (10, 5), (5, 10), (11, 2), (2, 11), (12, 4), (4, 12), (13, 2), (2, 13), (14, 10), (10, 14), (15, 11), (11, 15), (16, 6), (6, 16), (17, 15), (15, 17), (18, 9), (9, 18), (19, 3), (3, 19), (20, 10), (10, 20)]
Z_dad = [2, 3, 10]
Y_dad = [1, 9, 17]
X_dad = [4]
Z_da-ad = [1, 3, 11]
Y_da-ad = [4, 10, 15]
X_da-ad = [5]
