no              #fail
5.625           #totTm
5.116           #lastADTm
9               #itDAD
1.000           #avItADGoal
132             #itADOpt
12              #opt
12              #optDA-AD
1.342           #tmDA
0.0             #relGain

V = [1, 2, 3, 4, 5, 6, 7, 8, 9, 10, 11, 12, 13, 14, 15, 16, 17, 18, 19, 20]
A = [(2, 1), (1, 2), (3, 1), (1, 3), (4, 2), (2, 4), (5, 3), (3, 5), (6, 5), (5, 6), (7, 2), (2, 7), (8, 5), (5, 8), (9, 8), (8, 9), (10, 5), (5, 10), (11, 7), (7, 11), (12, 6), (6, 12), (13, 10), (10, 13), (14, 4), (4, 14), (15, 3), (3, 15), (16, 3), (3, 16), (17, 9), (9, 17), (18, 10), (10, 18), (19, 13), (13, 19), (20, 6), (6, 20)]
Z_dad = [2, 3, 5]
Y_dad = [6, 9, 10]
X_dad = [13]
Z_da-ad = [2, 3, 5]
Y_da-ad = [6, 9, 10]
X_da-ad = [13]
