no              #fail
0.437           #totTm
0.304           #lastADTm
5               #itDAD
1.000           #avItADGoal
18              #itADOpt
19              #opt
19              #optDA-AD
0.262           #tmDA
0.0             #relGain

V = [1, 2, 3, 4, 5, 6, 7, 8, 9, 10, 11, 12, 13, 14, 15, 16, 17, 18, 19, 20]
A = [(5, 14), (14, 5), (5, 16), (16, 5), (6, 12), (12, 6), (8, 10), (10, 8), (8, 15), (15, 8), (10, 17), (17, 10), (12, 15), (15, 12), (13, 15), (15, 13), (17, 18), (18, 17)]
Z_dad = [1, 2, 3]
Y_dad = [4]
X_dad = []
Z_da-ad = [5, 15, 17]
Y_da-ad = [1]
X_da-ad = []
