no              #fail
0.367           #totTm
0.244           #lastADTm
5               #itDAD
1.000           #avItADGoal
18              #itADOpt
19              #opt
19              #optDA-AD
0.233           #tmDA
0.0             #relGain

V = [1, 2, 3, 4, 5, 6, 7, 8, 9, 10, 11, 12, 13, 14, 15, 16, 17, 18, 19, 20]
A = [(1, 19), (19, 1), (2, 11), (11, 2), (4, 9), (9, 4), (4, 19), (19, 4), (6, 7), (7, 6), (7, 19), (19, 7), (8, 20), (20, 8), (9, 12), (12, 9), (10, 15), (15, 10)]
Z_dad = [1, 2, 3]
Y_dad = [4]
X_dad = [9, 19]
Z_da-ad = [6, 9, 19]
Y_da-ad = [1]
X_da-ad = []
