no              #fail
0.393           #totTm
0.267           #lastADTm
5               #itDAD
1.000           #avItADGoal
18              #itADOpt
19              #opt
19              #optDA-AD
0.239           #tmDA
0.0             #relGain

V = [1, 2, 3, 4, 5, 6, 7, 8, 9, 10, 11, 12, 13, 14, 15, 16, 17, 18, 19, 20]
A = [(2, 7), (7, 2), (5, 14), (14, 5), (5, 19), (19, 5), (6, 19), (19, 6), (7, 17), (17, 7), (9, 11), (11, 9), (9, 14), (14, 9), (9, 18), (18, 9), (16, 17), (17, 16)]
Z_dad = [1, 2, 3]
Y_dad = [4]
X_dad = []
Z_da-ad = [7, 9, 19]
Y_da-ad = [1]
X_da-ad = []
