no              #fail
0.366           #totTm
0.241           #lastADTm
5               #itDAD
1.000           #avItADGoal
18              #itADOpt
19              #opt
19              #optDA-AD
0.230           #tmDA
0.0             #relGain

V = [1, 2, 3, 4, 5, 6, 7, 8, 9, 10, 11, 12, 13, 14, 15, 16, 17, 18, 19, 20]
A = [(1, 5), (5, 1), (1, 8), (8, 1), (1, 14), (14, 1), (4, 20), (20, 4), (5, 6), (6, 5), (8, 9), (9, 8), (8, 10), (10, 8), (11, 15), (15, 11), (14, 20), (20, 14)]
Z_dad = [1, 2, 3]
Y_dad = [4]
X_dad = [20]
Z_da-ad = [1, 10, 20]
Y_da-ad = [2]
X_da-ad = []
