no              #fail
0.361           #totTm
0.239           #lastADTm
5               #itDAD
1.000           #avItADGoal
18              #itADOpt
19              #opt
19              #optDA-AD
0.259           #tmDA
0.0             #relGain

V = [1, 2, 3, 4, 5, 6, 7, 8, 9, 10, 11, 12, 13, 14, 15, 16, 17, 18, 19, 20]
A = [(1, 9), (9, 1), (2, 16), (16, 2), (5, 18), (18, 5), (8, 18), (18, 8), (10, 17), (17, 10), (10, 20), (20, 10), (16, 19), (19, 16), (17, 18), (18, 17), (17, 19), (19, 17)]
Z_dad = [1, 2, 3]
Y_dad = [4]
X_dad = []
Z_da-ad = [16, 17, 18]
Y_da-ad = [1]
X_da-ad = [9, 10, 20]
