no              #fail
0.320           #totTm
0.207           #lastADTm
5               #itDAD
1.000           #avItADGoal
18              #itADOpt
19              #opt
19              #optDA-AD
0.230           #tmDA
0.0             #relGain

V = [1, 2, 3, 4, 5, 6, 7, 8, 9, 10, 11, 12, 13, 14, 15, 16, 17, 18, 19, 20]
A = [(1, 10), (10, 1), (1, 12), (12, 1), (2, 3), (3, 2), (2, 9), (9, 2), (2, 14), (14, 2), (6, 11), (11, 6), (6, 18), (18, 6), (7, 17), (17, 7), (13, 18), (18, 13)]
Z_dad = [1, 2, 3]
Y_dad = [4]
X_dad = []
Z_da-ad = [2, 12, 18]
Y_da-ad = [1]
X_da-ad = [10]
