no              #fail
0.339           #totTm
0.220           #lastADTm
5               #itDAD
1.000           #avItADGoal
18              #itADOpt
19              #opt
19              #optDA-AD
0.235           #tmDA
0.0             #relGain

V = [1, 2, 3, 4, 5, 6, 7, 8, 9, 10, 11, 12, 13, 14, 15, 16, 17, 18, 19, 20]
A = [(1, 4), (4, 1), (1, 5), (5, 1), (3, 6), (6, 3), (3, 18), (18, 3), (6, 12), (12, 6), (7, 9), (9, 7), (10, 14), (14, 10), (11, 16), (16, 11), (12, 16), (16, 12)]
Z_dad = [1, 2, 3]
Y_dad = [4]
X_dad = []
Z_da-ad = [1, 6, 16]
Y_da-ad = [2]
X_da-ad = []
