no              #fail
0.340           #totTm
0.226           #lastADTm
5               #itDAD
1.000           #avItADGoal
18              #itADOpt
19              #opt
19              #optDA-AD
0.262           #tmDA
0.0             #relGain

V = [1, 2, 3, 4, 5, 6, 7, 8, 9, 10, 11, 12, 13, 14, 15, 16, 17, 18, 19, 20]
A = [(3, 13), (13, 3), (5, 19), (19, 5), (7, 9), (9, 7), (9, 10), (10, 9), (9, 12), (12, 9), (9, 19), (19, 9), (10, 15), (15, 10), (10, 19), (19, 10), (16, 19), (19, 16)]
Z_dad = [1, 2, 9]
Y_dad = [3]
X_dad = [13]
Z_da-ad = [7, 10, 19]
Y_da-ad = [1]
X_da-ad = []
