no              #fail
0.772           #totTm
0.312           #lastADTm
3               #itDAD
1.000           #avItADGoal
9               #itADOpt
11              #opt
11              #optDA-AD
0.459           #tmDA
0.0             #relGain

V = [1, 2, 3, 4, 5, 6, 7, 8, 9, 10, 11, 12, 13, 14, 15, 16, 17, 18, 19, 20, 21, 22, 23, 24, 25, 26, 27, 28, 29, 30, 31, 32, 33, 34, 35, 36, 37, 38, 39, 40, 41, 42, 43, 44, 45, 46, 47, 48, 49, 50, 51, 52, 53, 54, 55, 56, 57, 58, 59, 60]
A = [(1, 27), (27, 1), (1, 38), (38, 1), (1, 51), (51, 1), (2, 8), (8, 2), (2, 33), (33, 2), (2, 56), (56, 2), (2, 58), (58, 2), (3, 36), (36, 3), (3, 45), (45, 3), (4, 35), (35, 4), (4, 49), (49, 4), (4, 60), (60, 4), (5, 12), (12, 5), (5, 21), (21, 5), (6, 27), (27, 6), (6, 41), (41, 6), (6, 44), (44, 6), (7, 39), (39, 7), (8, 54), (54, 8), (9, 29), (29, 9), (9, 33), (33, 9), (9, 54), (54, 9), (10, 38), (38, 10), (10, 44), (44, 10), (10, 51), (51, 10), (11, 21), (21, 11), (11, 40), (40, 11), (12, 56), (56, 12), (13, 37), (37, 13), (13, 46), (46, 13), (13, 51), (51, 13), (13, 56), (56, 13), (14, 36), (36, 14), (15, 22), (22, 15), (15, 24), (24, 15), (15, 36), (36, 15), (15, 37), (37, 15), (15, 46), (46, 15), (16, 26), (26, 16), (16, 33), (33, 16), (17, 49), (49, 17), (18, 19), (19, 18), (18, 30), (30, 18), (20, 55), (55, 20), (21, 23), (23, 21), (21, 34), (34, 21), (22, 42), (42, 22), (23, 54), (54, 23), (24, 26), (26, 24), (24, 28), (28, 24), (24, 34), (34, 24), (25, 29), (29, 25), (25, 38), (38, 25), (25, 42), (42, 25), (25, 44), (44, 25), (25, 46), (46, 25), (25, 53), (53, 25), (26, 36), (36, 26), (26, 56), (56, 26), (27, 46), (46, 27), (27, 52), (52, 27), (28, 33), (33, 28), (28, 50), (50, 28), (30, 34), (34, 30), (30, 42), (42, 30), (31, 41), (41, 31), (32, 55), (55, 32), (36, 37), (37, 36), (36, 43), (43, 36), (36, 47), (47, 36), (37, 38), (38, 37), (37, 58), (58, 37), (38, 44), (44, 38), (38, 46), (46, 38), (39, 51), (51, 39), (40, 49), (49, 40), (40, 56), (56, 40), (41, 58), (58, 41), (42, 49), (49, 42), (43, 46), (46, 43), (43, 60), (60, 43), (45, 46), (46, 45), (45, 50), (50, 45), (46, 49), (49, 46), (49, 59), (59, 49), (49, 60), (60, 49), (53, 59), (59, 53), (56, 58), (58, 56)]
Z_dad = [36]
Y_dad = [46]
X_dad = [30]
Z_da-ad = [36]
Y_da-ad = [51]
X_da-ad = [30]
