no              #fail
1.987           #totTm
0.260           #lastADTm
5               #itDAD
1.500           #avItADGoal
8               #itADOpt
9               #opt
9               #optDA-AD
0.506           #tmDA
0.0             #relGain

V = [1, 2, 3, 4, 5, 6, 7, 8, 9, 10, 11, 12, 13, 14, 15, 16, 17, 18, 19, 20, 21, 22, 23, 24, 25, 26, 27, 28, 29, 30, 31, 32, 33, 34, 35, 36, 37, 38, 39, 40, 41, 42, 43, 44, 45, 46, 47, 48, 49, 50, 51, 52, 53, 54, 55, 56, 57, 58, 59, 60]
A = [(1, 3), (3, 1), (1, 16), (16, 1), (1, 19), (19, 1), (1, 20), (20, 1), (1, 35), (35, 1), (1, 60), (60, 1), (2, 27), (27, 2), (2, 35), (35, 2), (3, 6), (6, 3), (4, 22), (22, 4), (4, 33), (33, 4), (5, 20), (20, 5), (6, 39), (39, 6), (7, 33), (33, 7), (7, 35), (35, 7), (7, 36), (36, 7), (7, 39), (39, 7), (8, 24), (24, 8), (8, 26), (26, 8), (9, 19), (19, 9), (9, 32), (32, 9), (9, 57), (57, 9), (10, 31), (31, 10), (10, 33), (33, 10), (10, 49), (49, 10), (11, 32), (32, 11), (11, 39), (39, 11), (11, 56), (56, 11), (12, 20), (20, 12), (13, 26), (26, 13), (13, 43), (43, 13), (13, 46), (46, 13), (13, 51), (51, 13), (13, 57), (57, 13), (14, 17), (17, 14), (15, 52), (52, 15), (16, 28), (28, 16), (17, 19), (19, 17), (17, 21), (21, 17), (17, 40), (40, 17), (17, 44), (44, 17), (18, 43), (43, 18), (18, 55), (55, 18), (19, 23), (23, 19), (19, 50), (50, 19), (20, 31), (31, 20), (20, 39), (39, 20), (21, 29), (29, 21), (22, 34), (34, 22), (22, 37), (37, 22), (22, 39), (39, 22), (22, 46), (46, 22), (22, 54), (54, 22), (23, 27), (27, 23), (23, 37), (37, 23), (24, 38), (38, 24), (25, 29), (29, 25), (25, 36), (36, 25), (25, 54), (54, 25), (26, 53), (53, 26), (27, 50), (50, 27), (29, 56), (56, 29), (30, 33), (33, 30), (31, 38), (38, 31), (31, 41), (41, 31), (32, 33), (33, 32), (32, 43), (43, 32), (33, 57), (57, 33), (34, 50), (50, 34), (34, 58), (58, 34), (35, 46), (46, 35), (36, 37), (37, 36), (36, 53), (53, 36), (37, 55), (55, 37), (38, 57), (57, 38), (39, 60), (60, 39), (40, 47), (47, 40), (40, 50), (50, 40), (43, 44), (44, 43), (44, 48), (48, 44), (46, 56), (56, 46), (47, 49), (49, 47), (50, 57), (57, 50), (50, 58), (58, 50), (52, 54), (54, 52), (52, 57), (57, 52), (55, 57), (57, 55), (56, 58), (58, 56)]
Z_dad = [1]
Y_dad = [39]
X_dad = [20]
Z_da-ad = [1]
Y_da-ad = [39]
X_da-ad = [20]
