no              #fail
2.292           #totTm
0.204           #lastADTm
5               #itDAD
1.500           #avItADGoal
7               #itADOpt
8               #opt
8               #optDA-AD
0.701           #tmDA
0.0             #relGain

V = [1, 2, 3, 4, 5, 6, 7, 8, 9, 10, 11, 12, 13, 14, 15, 16, 17, 18, 19, 20, 21, 22, 23, 24, 25, 26, 27, 28, 29, 30, 31, 32, 33, 34, 35, 36, 37, 38, 39, 40, 41, 42, 43, 44, 45, 46, 47, 48, 49, 50, 51, 52, 53, 54, 55, 56, 57, 58, 59, 60]
A = [(1, 3), (3, 1), (1, 31), (31, 1), (1, 35), (35, 1), (2, 23), (23, 2), (2, 47), (47, 2), (2, 48), (48, 2), (3, 29), (29, 3), (4, 43), (43, 4), (6, 12), (12, 6), (6, 54), (54, 6), (7, 14), (14, 7), (7, 57), (57, 7), (8, 9), (9, 8), (8, 16), (16, 8), (8, 22), (22, 8), (8, 32), (32, 8), (8, 36), (36, 8), (8, 39), (39, 8), (8, 58), (58, 8), (9, 15), (15, 9), (9, 41), (41, 9), (10, 19), (19, 10), (10, 38), (38, 10), (10, 47), (47, 10), (10, 52), (52, 10), (12, 47), (47, 12), (13, 29), (29, 13), (13, 58), (58, 13), (14, 15), (15, 14), (14, 21), (21, 14), (14, 41), (41, 14), (15, 17), (17, 15), (15, 28), (28, 15), (15, 45), (45, 15), (16, 17), (17, 16), (16, 23), (23, 16), (16, 49), (49, 16), (16, 56), (56, 16), (16, 58), (58, 16), (17, 31), (31, 17), (17, 54), (54, 17), (18, 34), (34, 18), (18, 38), (38, 18), (18, 45), (45, 18), (19, 22), (22, 19), (19, 52), (52, 19), (20, 43), (43, 20), (21, 45), (45, 21), (21, 59), (59, 21), (22, 56), (56, 22), (23, 34), (34, 23), (23, 36), (36, 23), (24, 27), (27, 24), (24, 50), (50, 24), (24, 56), (56, 24), (24, 59), (59, 24), (25, 42), (42, 25), (25, 58), (58, 25), (26, 30), (30, 26), (26, 33), (33, 26), (27, 41), (41, 27), (27, 48), (48, 27), (27, 53), (53, 27), (27, 55), (55, 27), (27, 56), (56, 27), (28, 34), (34, 28), (29, 30), (30, 29), (29, 57), (57, 29), (30, 42), (42, 30), (30, 60), (60, 30), (34, 41), (41, 34), (36, 43), (43, 36), (37, 43), (43, 37), (37, 45), (45, 37), (37, 51), (51, 37), (37, 56), (56, 37), (38, 57), (57, 38), (39, 43), (43, 39), (39, 44), (44, 39), (40, 42), (42, 40), (40, 59), (59, 40), (40, 60), (60, 40), (41, 46), (46, 41), (43, 49), (49, 43), (43, 58), (58, 43), (45, 51), (51, 45), (47, 56), (56, 47), (55, 60), (60, 55)]
Z_dad = [43]
Y_dad = [8]
X_dad = [30]
Z_da-ad = [43]
Y_da-ad = [8]
X_da-ad = [30]
