no              #fail
1.724           #totTm
0.376           #lastADTm
5               #itDAD
1.500           #avItADGoal
11              #itADOpt
12              #opt
12              #optDA-AD
0.519           #tmDA
0.0             #relGain

V = [1, 2, 3, 4, 5, 6, 7, 8, 9, 10, 11, 12, 13, 14, 15, 16, 17, 18, 19, 20, 21, 22, 23, 24, 25, 26, 27, 28, 29, 30, 31, 32, 33, 34, 35, 36, 37, 38, 39, 40, 41, 42, 43, 44, 45, 46, 47, 48, 49, 50, 51, 52, 53, 54, 55, 56, 57, 58, 59, 60]
A = [(1, 7), (7, 1), (1, 13), (13, 1), (1, 18), (18, 1), (1, 55), (55, 1), (2, 10), (10, 2), (2, 13), (13, 2), (2, 15), (15, 2), (2, 18), (18, 2), (2, 27), (27, 2), (2, 49), (49, 2), (3, 27), (27, 3), (3, 43), (43, 3), (3, 56), (56, 3), (3, 58), (58, 3), (4, 11), (11, 4), (4, 24), (24, 4), (4, 27), (27, 4), (4, 58), (58, 4), (5, 16), (16, 5), (6, 9), (9, 6), (7, 16), (16, 7), (7, 47), (47, 7), (8, 12), (12, 8), (8, 13), (13, 8), (8, 22), (22, 8), (8, 26), (26, 8), (8, 45), (45, 8), (8, 52), (52, 8), (9, 26), (26, 9), (9, 27), (27, 9), (10, 16), (16, 10), (10, 27), (27, 10), (10, 29), (29, 10), (10, 52), (52, 10), (11, 18), (18, 11), (11, 38), (38, 11), (11, 48), (48, 11), (12, 47), (47, 12), (13, 30), (30, 13), (13, 42), (42, 13), (13, 47), (47, 13), (14, 36), (36, 14), (14, 56), (56, 14), (15, 31), (31, 15), (16, 19), (19, 16), (16, 58), (58, 16), (17, 31), (31, 17), (17, 47), (47, 17), (17, 52), (52, 17), (18, 22), (22, 18), (18, 34), (34, 18), (18, 52), (52, 18), (19, 46), (46, 19), (20, 21), (21, 20), (20, 27), (27, 20), (20, 42), (42, 20), (21, 34), (34, 21), (21, 46), (46, 21), (22, 49), (49, 22), (23, 31), (31, 23), (23, 37), (37, 23), (23, 44), (44, 23), (23, 46), (46, 23), (23, 54), (54, 23), (25, 31), (31, 25), (25, 45), (45, 25), (26, 53), (53, 26), (27, 46), (46, 27), (28, 57), (57, 28), (29, 42), (42, 29), (29, 50), (50, 29), (31, 38), (38, 31), (31, 54), (54, 31), (32, 36), (36, 32), (32, 60), (60, 32), (35, 56), (56, 35), (37, 47), (47, 37), (37, 48), (48, 37), (38, 43), (43, 38), (39, 48), (48, 39), (40, 56), (56, 40), (41, 59), (59, 41), (43, 59), (59, 43), (44, 46), (46, 44), (44, 55), (55, 44), (47, 51), (51, 47), (48, 52), (52, 48), (56, 58), (58, 56)]
Z_dad = [56]
Y_dad = [43]
X_dad = [59]
Z_da-ad = [56]
Y_da-ad = [43]
X_da-ad = [9]
