no              #fail
1.086           #totTm
0.200           #lastADTm
4               #itDAD
1.333           #avItADGoal
7               #itADOpt
8               #opt
8               #optDA-AD
0.689           #tmDA
0.0             #relGain

V = [1, 2, 3, 4, 5, 6, 7, 8, 9, 10, 11, 12, 13, 14, 15, 16, 17, 18, 19, 20, 21, 22, 23, 24, 25, 26, 27, 28, 29, 30, 31, 32, 33, 34, 35, 36, 37, 38, 39, 40, 41, 42, 43, 44, 45, 46, 47, 48, 49, 50, 51, 52, 53, 54, 55, 56, 57, 58, 59, 60]
A = [(1, 3), (3, 1), (1, 6), (6, 1), (1, 34), (34, 1), (1, 40), (40, 1), (1, 59), (59, 1), (2, 4), (4, 2), (2, 13), (13, 2), (2, 55), (55, 2), (3, 33), (33, 3), (5, 48), (48, 5), (6, 48), (48, 6), (6, 54), (54, 6), (7, 45), (45, 7), (7, 56), (56, 7), (8, 33), (33, 8), (9, 15), (15, 9), (9, 16), (16, 9), (9, 40), (40, 9), (10, 34), (34, 10), (10, 50), (50, 10), (10, 53), (53, 10), (10, 56), (56, 10), (11, 20), (20, 11), (12, 16), (16, 12), (12, 27), (27, 12), (12, 32), (32, 12), (12, 44), (44, 12), (13, 16), (16, 13), (13, 21), (21, 13), (13, 23), (23, 13), (13, 25), (25, 13), (13, 30), (30, 13), (13, 37), (37, 13), (13, 46), (46, 13), (13, 49), (49, 13), (13, 57), (57, 13), (14, 16), (16, 14), (14, 26), (26, 14), (15, 29), (29, 15), (16, 47), (47, 16), (16, 53), (53, 16), (19, 26), (26, 19), (19, 28), (28, 19), (19, 31), (31, 19), (19, 33), (33, 19), (19, 58), (58, 19), (20, 23), (23, 20), (20, 24), (24, 20), (20, 28), (28, 20), (20, 37), (37, 20), (21, 32), (32, 21), (22, 30), (30, 22), (22, 54), (54, 22), (24, 38), (38, 24), (24, 55), (55, 24), (27, 28), (28, 27), (27, 32), (32, 27), (27, 41), (41, 27), (27, 59), (59, 27), (28, 35), (35, 28), (30, 32), (32, 30), (30, 55), (55, 30), (30, 57), (57, 30), (31, 50), (50, 31), (31, 56), (56, 31), (32, 40), (40, 32), (33, 39), (39, 33), (34, 40), (40, 34), (34, 46), (46, 34), (36, 41), (41, 36), (38, 47), (47, 38), (38, 59), (59, 38), (41, 57), (57, 41), (42, 58), (58, 42), (43, 44), (44, 43), (44, 51), (51, 44), (45, 56), (56, 45), (47, 50), (50, 47), (48, 49), (49, 48), (48, 54), (54, 48), (48, 60), (60, 48), (49, 58), (58, 49), (50, 52), (52, 50), (51, 56), (56, 51), (51, 58), (58, 51), (52, 53), (53, 52), (56, 57), (57, 56), (58, 59), (59, 58)]
Z_dad = [56]
Y_dad = [13]
X_dad = [33]
Z_da-ad = [33]
Y_da-ad = [56]
X_da-ad = [9]
