no              #fail
1.118           #totTm
0.261           #lastADTm
4               #itDAD
1.333           #avItADGoal
8               #itADOpt
9               #opt
8               #optDA-AD
0.446           #tmDA
11.1            #relGain

V = [1, 2, 3, 4, 5, 6, 7, 8, 9, 10, 11, 12, 13, 14, 15, 16, 17, 18, 19, 20, 21, 22, 23, 24, 25, 26, 27, 28, 29, 30, 31, 32, 33, 34, 35, 36, 37, 38, 39, 40, 41, 42, 43, 44, 45, 46, 47, 48, 49, 50, 51, 52, 53, 54, 55, 56, 57, 58, 59, 60]
A = [(1, 20), (20, 1), (1, 38), (38, 1), (1, 44), (44, 1), (1, 45), (45, 1), (1, 47), (47, 1), (2, 17), (17, 2), (2, 24), (24, 2), (3, 34), (34, 3), (4, 33), (33, 4), (4, 38), (38, 4), (5, 24), (24, 5), (5, 52), (52, 5), (5, 58), (58, 5), (6, 36), (36, 6), (6, 39), (39, 6), (7, 12), (12, 7), (7, 20), (20, 7), (7, 54), (54, 7), (8, 31), (31, 8), (9, 17), (17, 9), (9, 21), (21, 9), (10, 41), (41, 10), (10, 54), (54, 10), (11, 22), (22, 11), (11, 25), (25, 11), (11, 40), (40, 11), (11, 46), (46, 11), (12, 36), (36, 12), (13, 24), (24, 13), (13, 42), (42, 13), (13, 44), (44, 13), (16, 20), (20, 16), (16, 24), (24, 16), (16, 41), (41, 16), (16, 60), (60, 16), (17, 26), (26, 17), (17, 29), (29, 17), (17, 44), (44, 17), (17, 48), (48, 17), (17, 54), (54, 17), (18, 25), (25, 18), (18, 31), (31, 18), (19, 49), (49, 19), (19, 53), (53, 19), (19, 56), (56, 19), (19, 59), (59, 19), (20, 44), (44, 20), (21, 27), (27, 21), (21, 40), (40, 21), (22, 27), (27, 22), (22, 45), (45, 22), (23, 56), (56, 23), (24, 39), (39, 24), (24, 40), (40, 24), (24, 46), (46, 24), (24, 48), (48, 24), (24, 53), (53, 24), (25, 30), (30, 25), (25, 32), (32, 25), (25, 40), (40, 25), (25, 41), (41, 25), (25, 51), (51, 25), (26, 54), (54, 26), (27, 34), (34, 27), (27, 51), (51, 27), (28, 48), (48, 28), (29, 41), (41, 29), (31, 43), (43, 31), (32, 59), (59, 32), (33, 46), (46, 33), (34, 47), (47, 34), (34, 49), (49, 34), (35, 47), (47, 35), (36, 44), (44, 36), (37, 52), (52, 37), (37, 57), (57, 37), (38, 56), (56, 38), (39, 45), (45, 39), (39, 52), (52, 39), (40, 52), (52, 40), (41, 43), (43, 41), (42, 49), (49, 42), (44, 50), (50, 44), (47, 56), (56, 47), (48, 58), (58, 48), (49, 50), (50, 49), (51, 54), (54, 51), (51, 58), (58, 51)]
Z_dad = [25]
Y_dad = [41]
X_dad = [43]
Z_da-ad = [52]
Y_da-ad = [34]
X_da-ad = [31]
