no              #fail
4.322           #totTm
0.225           #lastADTm
7               #itDAD
1.667           #avItADGoal
6               #itADOpt
10              #opt
10              #optDA-AD
0.684           #tmDA
0.0             #relGain

V = [1, 2, 3, 4, 5, 6, 7, 8, 9, 10, 11, 12, 13, 14, 15, 16, 17, 18, 19, 20, 21, 22, 23, 24, 25, 26, 27, 28, 29, 30, 31, 32, 33, 34, 35, 36, 37, 38, 39, 40, 41, 42, 43, 44, 45, 46, 47, 48, 49, 50, 51, 52, 53, 54, 55, 56, 57, 58, 59, 60]
A = [(1, 6), (6, 1), (1, 8), (8, 1), (2, 12), (12, 2), (2, 13), (13, 2), (2, 19), (19, 2), (2, 24), (24, 2), (3, 22), (22, 3), (3, 29), (29, 3), (3, 31), (31, 3), (3, 58), (58, 3), (4, 29), (29, 4), (4, 42), (42, 4), (5, 11), (11, 5), (5, 15), (15, 5), (7, 19), (19, 7), (7, 51), (51, 7), (8, 33), (33, 8), (9, 18), (18, 9), (9, 31), (31, 9), (9, 42), (42, 9), (9, 44), (44, 9), (9, 48), (48, 9), (9, 49), (49, 9), (9, 59), (59, 9), (10, 38), (38, 10), (10, 43), (43, 10), (10, 46), (46, 10), (10, 51), (51, 10), (11, 12), (12, 11), (11, 34), (34, 11), (11, 52), (52, 11), (11, 55), (55, 11), (13, 47), (47, 13), (13, 59), (59, 13), (13, 60), (60, 13), (14, 27), (27, 14), (14, 45), (45, 14), (14, 56), (56, 14), (14, 58), (58, 14), (15, 35), (35, 15), (15, 55), (55, 15), (15, 57), (57, 15), (16, 18), (18, 16), (16, 44), (44, 16), (17, 26), (26, 17), (17, 28), (28, 17), (19, 20), (20, 19), (19, 41), (41, 19), (20, 24), (24, 20), (20, 29), (29, 20), (20, 58), (58, 20), (21, 22), (22, 21), (22, 58), (58, 22), (23, 36), (36, 23), (24, 51), (51, 24), (25, 39), (39, 25), (25, 60), (60, 25), (27, 28), (28, 27), (27, 58), (58, 27), (28, 36), (36, 28), (28, 54), (54, 28), (29, 50), (50, 29), (30, 34), (34, 30), (30, 60), (60, 30), (32, 43), (43, 32), (32, 54), (54, 32), (34, 49), (49, 34), (34, 51), (51, 34), (34, 53), (53, 34), (36, 43), (43, 36), (36, 50), (50, 36), (36, 51), (51, 36), (36, 59), (59, 36), (37, 55), (55, 37), (39, 44), (44, 39), (40, 44), (44, 40), (41, 59), (59, 41), (42, 60), (60, 42), (43, 50), (50, 43), (43, 60), (60, 43), (44, 49), (49, 44), (48, 58), (58, 48), (49, 52), (52, 49), (50, 52), (52, 50), (50, 57), (57, 50), (52, 54), (54, 52), (53, 54), (54, 53), (57, 59), (59, 57)]
Z_dad = [11]
Y_dad = [57]
X_dad = [15]
Z_da-ad = [10]
Y_da-ad = [22]
X_da-ad = [14]
