no              #fail
1.922           #totTm
0.322           #lastADTm
5               #itDAD
1.500           #avItADGoal
9               #itADOpt
10              #opt
10              #optDA-AD
0.611           #tmDA
0.0             #relGain

V = [1, 2, 3, 4, 5, 6, 7, 8, 9, 10, 11, 12, 13, 14, 15, 16, 17, 18, 19, 20, 21, 22, 23, 24, 25, 26, 27, 28, 29, 30, 31, 32, 33, 34, 35, 36, 37, 38, 39, 40, 41, 42, 43, 44, 45, 46, 47, 48, 49, 50, 51, 52, 53, 54, 55, 56, 57, 58, 59, 60]
A = [(1, 25), (25, 1), (1, 29), (29, 1), (1, 36), (36, 1), (2, 30), (30, 2), (2, 37), (37, 2), (2, 42), (42, 2), (3, 14), (14, 3), (4, 25), (25, 4), (4, 49), (49, 4), (4, 52), (52, 4), (4, 60), (60, 4), (5, 29), (29, 5), (5, 35), (35, 5), (5, 55), (55, 5), (5, 58), (58, 5), (6, 15), (15, 6), (6, 21), (21, 6), (6, 45), (45, 6), (6, 55), (55, 6), (7, 33), (33, 7), (8, 9), (9, 8), (8, 41), (41, 8), (8, 56), (56, 8), (9, 18), (18, 9), (9, 33), (33, 9), (9, 53), (53, 9), (10, 14), (14, 10), (10, 37), (37, 10), (11, 29), (29, 11), (11, 30), (30, 11), (11, 37), (37, 11), (11, 57), (57, 11), (12, 22), (22, 12), (12, 23), (23, 12), (12, 27), (27, 12), (12, 44), (44, 12), (12, 46), (46, 12), (13, 19), (19, 13), (14, 37), (37, 14), (15, 21), (21, 15), (15, 35), (35, 15), (15, 45), (45, 15), (16, 40), (40, 16), (16, 41), (41, 16), (17, 34), (34, 17), (18, 21), (21, 18), (18, 28), (28, 18), (19, 30), (30, 19), (22, 26), (26, 22), (22, 44), (44, 22), (23, 26), (26, 23), (23, 36), (36, 23), (23, 44), (44, 23), (24, 30), (30, 24), (24, 43), (43, 24), (25, 45), (45, 25), (26, 27), (27, 26), (26, 37), (37, 26), (26, 50), (50, 26), (26, 52), (52, 26), (27, 28), (28, 27), (27, 32), (32, 27), (28, 38), (38, 28), (28, 47), (47, 28), (28, 49), (49, 28), (28, 51), (51, 28), (29, 50), (50, 29), (29, 60), (60, 29), (30, 33), (33, 30), (30, 42), (42, 30), (31, 60), (60, 31), (32, 36), (36, 32), (32, 53), (53, 32), (32, 57), (57, 32), (32, 58), (58, 32), (33, 44), (44, 33), (34, 56), (56, 34), (36, 54), (54, 36), (36, 56), (56, 36), (37, 46), (46, 37), (37, 59), (59, 37), (41, 48), (48, 41), (44, 48), (48, 44), (46, 50), (50, 46), (47, 52), (52, 47), (49, 52), (52, 49), (49, 53), (53, 49), (52, 54), (54, 52)]
Z_dad = [30]
Y_dad = [37]
X_dad = [41]
Z_da-ad = [30]
Y_da-ad = [37]
X_da-ad = [56]
