no              #fail
2.528           #totTm
0.255           #lastADTm
5               #itDAD
1.500           #avItADGoal
7               #itADOpt
7               #opt
7               #optDA-AD
0.655           #tmDA
0.0             #relGain

V = [1, 2, 3, 4, 5, 6, 7, 8, 9, 10, 11, 12, 13, 14, 15, 16, 17, 18, 19, 20, 21, 22, 23, 24, 25, 26, 27, 28, 29, 30, 31, 32, 33, 34, 35, 36, 37, 38, 39, 40, 41, 42, 43, 44, 45, 46, 47, 48, 49, 50, 51, 52, 53, 54, 55, 56, 57, 58, 59, 60]
A = [(1, 20), (20, 1), (1, 37), (37, 1), (1, 40), (40, 1), (1, 50), (50, 1), (1, 60), (60, 1), (2, 10), (10, 2), (2, 52), (52, 2), (2, 55), (55, 2), (3, 11), (11, 3), (3, 27), (27, 3), (4, 39), (39, 4), (5, 7), (7, 5), (5, 8), (8, 5), (5, 44), (44, 5), (5, 52), (52, 5), (5, 58), (58, 5), (6, 24), (24, 6), (7, 9), (9, 7), (7, 18), (18, 7), (7, 56), (56, 7), (8, 12), (12, 8), (8, 13), (13, 8), (8, 33), (33, 8), (8, 39), (39, 8), (8, 43), (43, 8), (8, 46), (46, 8), (9, 17), (17, 9), (9, 27), (27, 9), (9, 32), (32, 9), (9, 39), (39, 9), (9, 56), (56, 9), (10, 38), (38, 10), (10, 44), (44, 10), (11, 28), (28, 11), (11, 40), (40, 11), (12, 26), (26, 12), (13, 38), (38, 13), (13, 45), (45, 13), (14, 31), (31, 14), (14, 35), (35, 14), (14, 51), (51, 14), (14, 54), (54, 14), (16, 18), (18, 16), (16, 42), (42, 16), (17, 18), (18, 17), (17, 58), (58, 17), (18, 29), (29, 18), (18, 41), (41, 18), (18, 48), (48, 18), (18, 53), (53, 18), (19, 25), (25, 19), (20, 24), (24, 20), (20, 34), (34, 20), (21, 52), (52, 21), (21, 58), (58, 21), (22, 26), (26, 22), (22, 48), (48, 22), (22, 51), (51, 22), (23, 54), (54, 23), (24, 52), (52, 24), (25, 35), (35, 25), (26, 43), (43, 26), (27, 34), (34, 27), (27, 58), (58, 27), (29, 30), (30, 29), (29, 31), (31, 29), (29, 56), (56, 29), (30, 40), (40, 30), (30, 41), (41, 30), (31, 47), (47, 31), (33, 37), (37, 33), (34, 44), (44, 34), (34, 54), (54, 34), (35, 39), (39, 35), (35, 44), (44, 35), (36, 48), (48, 36), (37, 54), (54, 37), (38, 53), (53, 38), (39, 60), (60, 39), (41, 57), (57, 41), (42, 54), (54, 42), (44, 45), (45, 44), (44, 46), (46, 44), (50, 52), (52, 50), (51, 55), (55, 51), (53, 59), (59, 53), (54, 57), (57, 54), (54, 59), (59, 54)]
Z_dad = [35]
Y_dad = [18]
X_dad = [48]
Z_da-ad = [35]
Y_da-ad = [3]
X_da-ad = [11]
