no              #fail
2.334           #totTm
0.293           #lastADTm
5               #itDAD
1.500           #avItADGoal
8               #itADOpt
8               #opt
8               #optDA-AD
0.666           #tmDA
0.0             #relGain

V = [1, 2, 3, 4, 5, 6, 7, 8, 9, 10, 11, 12, 13, 14, 15, 16, 17, 18, 19, 20, 21, 22, 23, 24, 25, 26, 27, 28, 29, 30, 31, 32, 33, 34, 35, 36, 37, 38, 39, 40, 41, 42, 43, 44, 45, 46, 47, 48, 49, 50, 51, 52, 53, 54, 55, 56, 57, 58, 59, 60]
A = [(1, 2), (2, 1), (1, 22), (22, 1), (2, 20), (20, 2), (2, 25), (25, 2), (2, 31), (31, 2), (2, 46), (46, 2), (3, 28), (28, 3), (3, 39), (39, 3), (3, 44), (44, 3), (3, 53), (53, 3), (4, 57), (57, 4), (5, 7), (7, 5), (5, 15), (15, 5), (5, 43), (43, 5), (6, 8), (8, 6), (6, 19), (19, 6), (6, 25), (25, 6), (7, 20), (20, 7), (7, 25), (25, 7), (7, 47), (47, 7), (7, 60), (60, 7), (8, 56), (56, 8), (9, 10), (10, 9), (9, 14), (14, 9), (9, 20), (20, 9), (9, 29), (29, 9), (10, 23), (23, 10), (10, 24), (24, 10), (10, 28), (28, 10), (10, 49), (49, 10), (10, 57), (57, 10), (11, 28), (28, 11), (11, 46), (46, 11), (12, 59), (59, 12), (13, 39), (39, 13), (13, 52), (52, 13), (13, 53), (53, 13), (14, 36), (36, 14), (14, 50), (50, 14), (15, 36), (36, 15), (16, 17), (17, 16), (16, 36), (36, 16), (17, 29), (29, 17), (17, 48), (48, 17), (17, 56), (56, 17), (18, 48), (48, 18), (19, 22), (22, 19), (19, 32), (32, 19), (20, 28), (28, 20), (20, 59), (59, 20), (21, 41), (41, 21), (22, 37), (37, 22), (22, 38), (38, 22), (23, 38), (38, 23), (23, 53), (53, 23), (23, 56), (56, 23), (24, 40), (40, 24), (24, 44), (44, 24), (24, 49), (49, 24), (24, 60), (60, 24), (25, 40), (40, 25), (25, 44), (44, 25), (26, 58), (58, 26), (27, 50), (50, 27), (28, 45), (45, 28), (29, 42), (42, 29), (29, 44), (44, 29), (31, 54), (54, 31), (32, 35), (35, 32), (32, 38), (38, 32), (33, 42), (42, 33), (33, 44), (44, 33), (33, 54), (54, 33), (34, 58), (58, 34), (38, 59), (59, 38), (41, 54), (54, 41), (42, 59), (59, 42), (43, 50), (50, 43), (44, 49), (49, 44), (44, 54), (54, 44), (46, 52), (52, 46), (46, 59), (59, 46), (47, 53), (53, 47), (48, 53), (53, 48), (52, 55), (55, 52), (52, 57), (57, 52), (52, 60), (60, 52), (58, 60), (60, 58)]
Z_dad = [60]
Y_dad = [54]
X_dad = [41]
Z_da-ad = [60]
Y_da-ad = [54]
X_da-ad = [41]
