no              #fail
0.793           #totTm
0.280           #lastADTm
3               #itDAD
1.000           #avItADGoal
7               #itADOpt
8               #opt
8               #optDA-AD
0.618           #tmDA
0.0             #relGain

V = [1, 2, 3, 4, 5, 6, 7, 8, 9, 10, 11, 12, 13, 14, 15, 16, 17, 18, 19, 20, 21, 22, 23, 24, 25, 26, 27, 28, 29, 30, 31, 32, 33, 34, 35, 36, 37, 38, 39, 40, 41, 42, 43, 44, 45, 46, 47, 48, 49, 50, 51, 52, 53, 54, 55, 56, 57, 58, 59, 60]
A = [(1, 10), (10, 1), (1, 12), (12, 1), (1, 18), (18, 1), (1, 35), (35, 1), (1, 41), (41, 1), (2, 20), (20, 2), (2, 22), (22, 2), (2, 40), (40, 2), (3, 10), (10, 3), (4, 8), (8, 4), (4, 12), (12, 4), (4, 22), (22, 4), (4, 31), (31, 4), (4, 48), (48, 4), (4, 52), (52, 4), (5, 22), (22, 5), (5, 51), (51, 5), (6, 17), (17, 6), (6, 18), (18, 6), (7, 11), (11, 7), (7, 47), (47, 7), (7, 55), (55, 7), (8, 24), (24, 8), (8, 53), (53, 8), (9, 11), (11, 9), (9, 14), (14, 9), (9, 44), (44, 9), (9, 49), (49, 9), (9, 59), (59, 9), (10, 29), (29, 10), (10, 47), (47, 10), (11, 16), (16, 11), (11, 38), (38, 11), (11, 60), (60, 11), (12, 39), (39, 12), (13, 20), (20, 13), (13, 23), (23, 13), (14, 26), (26, 14), (14, 57), (57, 14), (14, 59), (59, 14), (14, 60), (60, 14), (15, 38), (38, 15), (15, 60), (60, 15), (17, 34), (34, 17), (18, 21), (21, 18), (18, 41), (41, 18), (18, 49), (49, 18), (18, 50), (50, 18), (19, 21), (21, 19), (19, 28), (28, 19), (20, 32), (32, 20), (20, 60), (60, 20), (21, 29), (29, 21), (21, 32), (32, 21), (21, 34), (34, 21), (21, 37), (37, 21), (23, 46), (46, 23), (23, 50), (50, 23), (24, 28), (28, 24), (24, 39), (39, 24), (25, 47), (47, 25), (25, 55), (55, 25), (27, 48), (48, 27), (28, 49), (49, 28), (29, 46), (46, 29), (31, 41), (41, 31), (31, 44), (44, 31), (32, 43), (43, 32), (32, 49), (49, 32), (32, 59), (59, 32), (33, 44), (44, 33), (33, 52), (52, 33), (34, 36), (36, 34), (34, 38), (38, 34), (34, 42), (42, 34), (34, 48), (48, 34), (35, 44), (44, 35), (35, 51), (51, 35), (35, 58), (58, 35), (35, 59), (59, 35), (37, 44), (44, 37), (37, 47), (47, 37), (39, 40), (40, 39), (45, 54), (54, 45), (46, 50), (50, 46), (50, 54), (54, 50), (52, 55), (55, 52), (52, 59), (59, 52)]
Z_dad = [50]
Y_dad = [4]
X_dad = [34]
Z_da-ad = [50]
Y_da-ad = [34]
X_da-ad = [14]
