no              #fail
2.267           #totTm
1.768           #lastADTm
6               #itDAD
1.000           #avItADGoal
37              #itADOpt
38              #opt
36              #optDA-AD
0.554           #tmDA
5.3             #relGain

V = [1, 2, 3, 4, 5, 6, 7, 8, 9, 10, 11, 12, 13, 14, 15, 16, 17, 18, 19, 20, 21, 22, 23, 24, 25, 26, 27, 28, 29, 30, 31, 32, 33, 34, 35, 36, 37, 38, 39, 40]
A = [(1, 11), (11, 1), (1, 18), (18, 1), (1, 34), (34, 1), (1, 39), (39, 1), (2, 14), (14, 2), (2, 18), (18, 2), (2, 20), (20, 2), (3, 18), (18, 3), (4, 39), (39, 4), (6, 28), (28, 6), (6, 29), (29, 6), (7, 14), (14, 7), (7, 26), (26, 7), (7, 27), (27, 7), (9, 32), (32, 9), (9, 35), (35, 9), (9, 37), (37, 9), (10, 15), (15, 10), (10, 31), (31, 10), (10, 40), (40, 10), (11, 25), (25, 11), (11, 35), (35, 11), (12, 13), (13, 12), (12, 37), (37, 12), (15, 16), (16, 15), (15, 19), (19, 15), (15, 25), (25, 15), (15, 35), (35, 15), (15, 39), (39, 15), (16, 22), (22, 16), (16, 24), (24, 16), (17, 37), (37, 17), (17, 40), (40, 17), (20, 29), (29, 20), (21, 23), (23, 21), (21, 28), (28, 21), (21, 32), (32, 21), (22, 38), (38, 22), (23, 38), (38, 23), (24, 35), (35, 24), (27, 30), (30, 27), (27, 40), (40, 27), (29, 37), (37, 29), (31, 40), (40, 31), (34, 35), (35, 34), (37, 40), (40, 37)]
Z_dad = [11, 15, 37]
Y_dad = [40]
X_dad = [10, 17, 27]
Z_da-ad = [2, 15, 37]
Y_da-ad = [35]
X_da-ad = [1, 9, 24]
