no              #fail
1.794           #totTm
1.456           #lastADTm
5               #itDAD
1.000           #avItADGoal
36              #itADOpt
38              #opt
34              #optDA-AD
0.456           #tmDA
10.5            #relGain

V = [1, 2, 3, 4, 5, 6, 7, 8, 9, 10, 11, 12, 13, 14, 15, 16, 17, 18, 19, 20, 21, 22, 23, 24, 25, 26, 27, 28, 29, 30, 31, 32, 33, 34, 35, 36, 37, 38, 39, 40]
A = [(1, 12), (12, 1), (2, 7), (7, 2), (3, 10), (10, 3), (3, 31), (31, 3), (3, 32), (32, 3), (4, 33), (33, 4), (6, 24), (24, 6), (6, 28), (28, 6), (6, 34), (34, 6), (7, 15), (15, 7), (7, 31), (31, 7), (8, 33), (33, 8), (9, 16), (16, 9), (9, 21), (21, 9), (9, 31), (31, 9), (9, 38), (38, 9), (9, 40), (40, 9), (11, 26), (26, 11), (12, 23), (23, 12), (12, 24), (24, 12), (12, 26), (26, 12), (12, 36), (36, 12), (13, 16), (16, 13), (13, 27), (27, 13), (13, 36), (36, 13), (14, 15), (15, 14), (14, 18), (18, 14), (14, 21), (21, 14), (14, 36), (36, 14), (14, 40), (40, 14), (15, 20), (20, 15), (16, 37), (37, 16), (17, 26), (26, 17), (17, 37), (37, 17), (18, 22), (22, 18), (18, 27), (27, 18), (19, 31), (31, 19), (19, 34), (34, 19), (20, 23), (23, 20), (21, 39), (39, 21), (22, 27), (27, 22), (22, 31), (31, 22), (25, 37), (37, 25), (26, 32), (32, 26), (29, 31), (31, 29), (35, 37), (37, 35)]
Z_dad = [12, 14, 31]
Y_dad = [9]
X_dad = [16, 21, 38]
Z_da-ad = [12, 16, 31]
Y_da-ad = [14]
X_da-ad = [15, 18, 36]
