no              #fail
2.262           #totTm
1.770           #lastADTm
6               #itDAD
1.000           #avItADGoal
37              #itADOpt
38              #opt
38              #optDA-AD
0.566           #tmDA
0.0             #relGain

V = [1, 2, 3, 4, 5, 6, 7, 8, 9, 10, 11, 12, 13, 14, 15, 16, 17, 18, 19, 20, 21, 22, 23, 24, 25, 26, 27, 28, 29, 30, 31, 32, 33, 34, 35, 36, 37, 38, 39, 40]
A = [(1, 7), (7, 1), (1, 23), (23, 1), (1, 28), (28, 1), (1, 30), (30, 1), (1, 37), (37, 1), (3, 4), (4, 3), (3, 10), (10, 3), (3, 12), (12, 3), (3, 21), (21, 3), (3, 37), (37, 3), (4, 14), (14, 4), (5, 16), (16, 5), (5, 26), (26, 5), (6, 30), (30, 6), (7, 22), (22, 7), (7, 23), (23, 7), (8, 30), (30, 8), (9, 13), (13, 9), (9, 23), (23, 9), (9, 25), (25, 9), (9, 32), (32, 9), (9, 33), (33, 9), (11, 23), (23, 11), (12, 16), (16, 12), (12, 19), (19, 12), (13, 17), (17, 13), (14, 34), (34, 14), (16, 31), (31, 16), (18, 21), (21, 18), (18, 36), (36, 18), (19, 26), (26, 19), (20, 21), (21, 20), (20, 24), (24, 20), (21, 25), (25, 21), (22, 25), (25, 22), (22, 38), (38, 22), (22, 40), (40, 22), (23, 31), (31, 23), (23, 38), (38, 23), (24, 38), (38, 24), (26, 32), (32, 26), (27, 37), (37, 27), (29, 33), (33, 29), (29, 37), (37, 29), (35, 36), (36, 35), (38, 40), (40, 38)]
Z_dad = [3, 23, 25]
Y_dad = [1]
X_dad = [7, 30, 37]
Z_da-ad = [3, 9, 23]
Y_da-ad = [1]
X_da-ad = [7, 30, 37]
