no              #fail
2.217           #totTm
1.423           #lastADTm
8               #itDAD
1.000           #avItADGoal
33              #itADOpt
38              #opt
32              #optDA-AD
0.759           #tmDA
15.8            #relGain

V = [1, 2, 3, 4, 5, 6, 7, 8, 9, 10, 11, 12, 13, 14, 15, 16, 17, 18, 19, 20, 21, 22, 23, 24, 25, 26, 27, 28, 29, 30, 31, 32, 33, 34, 35, 36, 37, 38, 39, 40]
A = [(1, 6), (6, 1), (1, 8), (8, 1), (1, 33), (33, 1), (1, 39), (39, 1), (2, 14), (14, 2), (2, 18), (18, 2), (2, 22), (22, 2), (2, 28), (28, 2), (2, 29), (29, 2), (2, 39), (39, 2), (3, 11), (11, 3), (3, 17), (17, 3), (4, 32), (32, 4), (5, 38), (38, 5), (6, 9), (9, 6), (6, 36), (36, 6), (7, 28), (28, 7), (8, 29), (29, 8), (8, 35), (35, 8), (9, 26), (26, 9), (9, 36), (36, 9), (11, 21), (21, 11), (12, 15), (15, 12), (12, 34), (34, 12), (12, 39), (39, 12), (12, 40), (40, 12), (13, 37), (37, 13), (14, 32), (32, 14), (16, 30), (30, 16), (16, 37), (37, 16), (17, 22), (22, 17), (17, 23), (23, 17), (17, 32), (32, 17), (17, 33), (33, 17), (19, 22), (22, 19), (19, 39), (39, 19), (20, 29), (29, 20), (20, 40), (40, 20), (22, 38), (38, 22), (23, 38), (38, 23), (26, 40), (40, 26), (28, 38), (38, 28), (29, 30), (30, 29), (29, 39), (39, 29), (33, 34), (34, 33), (38, 40), (40, 38)]
Z_dad = [22, 29, 33]
Y_dad = [12]
X_dad = [15, 39, 40]
Z_da-ad = [2, 17, 38]
Y_da-ad = [1]
X_da-ad = [6, 12, 29]
