no              #fail
2871.494        #totTm
3.697           #lastADTm
7               #itDAD
5.667           #avItADGoal
16              #itADOpt
7               #opt
7               #optDA-AD
9.817           #tmDA
0.0             #relGain

V = [1, 2, 3, 4, 5, 6, 7, 8, 9, 10, 11, 12, 13, 14, 15, 16, 17, 18, 19, 20, 21, 22, 23, 24, 25, 26, 27, 28, 29, 30, 31, 32, 33, 34, 35, 36, 37, 38, 39, 40, 41, 42, 43, 44, 45, 46, 47, 48, 49, 50, 51, 52, 53, 54, 55, 56, 57, 58, 59, 60, 61, 62, 63, 64, 65, 66, 67, 68, 69, 70, 71, 72, 73, 74, 75, 76, 77, 78, 79, 80]
A = [(1, 3), (3, 1), (1, 5), (5, 1), (1, 27), (27, 1), (1, 32), (32, 1), (1, 56), (56, 1), (2, 25), (25, 2), (2, 30), (30, 2), (2, 52), (52, 2), (3, 4), (4, 3), (3, 22), (22, 3), (3, 35), (35, 3), (4, 18), (18, 4), (4, 58), (58, 4), (4, 60), (60, 4), (4, 61), (61, 4), (4, 65), (65, 4), (4, 74), (74, 4), (5, 30), (30, 5), (5, 34), (34, 5), (5, 36), (36, 5), (6, 29), (29, 6), (7, 10), (10, 7), (7, 23), (23, 7), (7, 70), (70, 7), (7, 71), (71, 7), (7, 76), (76, 7), (8, 28), (28, 8), (8, 79), (79, 8), (9, 14), (14, 9), (9, 23), (23, 9), (9, 33), (33, 9), (9, 43), (43, 9), (9, 51), (51, 9), (9, 60), (60, 9), (9, 67), (67, 9), (9, 69), (69, 9), (9, 70), (70, 9), (9, 73), (73, 9), (10, 15), (15, 10), (10, 54), (54, 10), (10, 76), (76, 10), (11, 24), (24, 11), (11, 27), (27, 11), (12, 20), (20, 12), (12, 60), (60, 12), (12, 69), (69, 12), (12, 78), (78, 12), (13, 16), (16, 13), (13, 31), (31, 13), (13, 34), (34, 13), (13, 73), (73, 13), (13, 76), (76, 13), (14, 19), (19, 14), (14, 43), (43, 14), (14, 56), (56, 14), (14, 65), (65, 14), (15, 62), (62, 15), (15, 80), (80, 15), (16, 46), (46, 16), (16, 57), (57, 16), (17, 59), (59, 17), (18, 31), (31, 18), (18, 56), (56, 18), (19, 40), (40, 19), (19, 55), (55, 19), (20, 27), (27, 20), (20, 41), (41, 20), (20, 67), (67, 20), (20, 68), (68, 20), (21, 35), (35, 21), (21, 70), (70, 21), (21, 72), (72, 21), (22, 29), (29, 22), (22, 58), (58, 22), (23, 38), (38, 23), (23, 40), (40, 23), (23, 42), (42, 23), (23, 47), (47, 23), (24, 42), (42, 24), (24, 54), (54, 24), (24, 73), (73, 24), (24, 80), (80, 24), (25, 29), (29, 25), (25, 43), (43, 25), (25, 46), (46, 25), (25, 64), (64, 25), (25, 71), (71, 25), (25, 74), (74, 25), (26, 36), (36, 26), (26, 74), (74, 26), (27, 62), (62, 27), (27, 72), (72, 27), (29, 41), (41, 29), (29, 50), (50, 29), (30, 44), (44, 30), (30, 61), (61, 30), (30, 77), (77, 30), (31, 47), (47, 31), (31, 69), (69, 31), (32, 42), (42, 32), (32, 63), (63, 32), (32, 75), (75, 32), (33, 41), (41, 33), (33, 69), (69, 33), (34, 37), (37, 34), (34, 49), (49, 34), (34, 73), (73, 34), (35, 56), (56, 35), (35, 69), (69, 35), (36, 39), (39, 36), (36, 40), (40, 36), (36, 48), (48, 36), (36, 56), (56, 36), (36, 58), (58, 36), (36, 59), (59, 36), (36, 71), (71, 36), (37, 73), (73, 37), (38, 55), (55, 38), (38, 57), (57, 38), (38, 80), (80, 38), (39, 58), (58, 39), (39, 61), (61, 39), (39, 79), (79, 39), (40, 68), (68, 40), (41, 45), (45, 41), (41, 50), (50, 41), (41, 53), (53, 41), (41, 54), (54, 41), (41, 64), (64, 41), (43, 59), (59, 43), (45, 54), (54, 45), (45, 77), (77, 45), (46, 49), (49, 46), (46, 59), (59, 46), (49, 55), (55, 49), (49, 78), (78, 49), (50, 72), (72, 50), (51, 70), (70, 51), (52, 55), (55, 52), (53, 77), (77, 53), (54, 56), (56, 54), (54, 71), (71, 54), (56, 62), (62, 56), (56, 68), (68, 56), (59, 69), (69, 59), (59, 78), (78, 59), (63, 71), (71, 63), (63, 79), (79, 63), (64, 68), (68, 64), (66, 68), (68, 66), (66, 72), (72, 66), (69, 71), (71, 69), (71, 79), (79, 71), (71, 80), (80, 71), (73, 75), (75, 73), (73, 77), (77, 73), (74, 76), (76, 74), (77, 79), (79, 77)]
Z_dad = [36, 59]
Y_dad = [48, 79]
X_dad = [8, 74]
Z_da-ad = [30, 36]
Y_da-ad = [48, 79]
X_da-ad = [29, 59]
