no              #fail
312.057         #totTm
5.907           #lastADTm
10              #itDAD
3.000           #avItADGoal
25              #itADOpt
10              #opt
9               #optDA-AD
2.847           #tmDA
10.0            #relGain

V = [1, 2, 3, 4, 5, 6, 7, 8, 9, 10, 11, 12, 13, 14, 15, 16, 17, 18, 19, 20, 21, 22, 23, 24, 25, 26, 27, 28, 29, 30, 31, 32, 33, 34, 35, 36, 37, 38, 39, 40, 41, 42, 43, 44, 45, 46, 47, 48, 49, 50, 51, 52, 53, 54, 55, 56, 57, 58, 59, 60, 61, 62, 63, 64, 65, 66, 67, 68, 69, 70, 71, 72, 73, 74, 75, 76, 77, 78, 79, 80]
A = [(1, 2), (2, 1), (1, 17), (17, 1), (1, 42), (42, 1), (1, 53), (53, 1), (1, 61), (61, 1), (2, 12), (12, 2), (2, 78), (78, 2), (3, 19), (19, 3), (3, 26), (26, 3), (3, 31), (31, 3), (3, 33), (33, 3), (3, 55), (55, 3), (4, 9), (9, 4), (4, 12), (12, 4), (4, 17), (17, 4), (4, 42), (42, 4), (4, 44), (44, 4), (5, 10), (10, 5), (5, 56), (56, 5), (5, 69), (69, 5), (6, 16), (16, 6), (7, 37), (37, 7), (8, 12), (12, 8), (8, 52), (52, 8), (9, 14), (14, 9), (9, 35), (35, 9), (9, 40), (40, 9), (9, 44), (44, 9), (9, 45), (45, 9), (9, 72), (72, 9), (10, 22), (22, 10), (10, 67), (67, 10), (10, 68), (68, 10), (10, 69), (69, 10), (11, 29), (29, 11), (11, 32), (32, 11), (11, 35), (35, 11), (11, 76), (76, 11), (12, 29), (29, 12), (12, 30), (30, 12), (12, 58), (58, 12), (12, 63), (63, 12), (13, 27), (27, 13), (13, 37), (37, 13), (13, 48), (48, 13), (13, 50), (50, 13), (13, 79), (79, 13), (14, 32), (32, 14), (14, 36), (36, 14), (14, 51), (51, 14), (15, 20), (20, 15), (15, 33), (33, 15), (15, 76), (76, 15), (15, 78), (78, 15), (16, 25), (25, 16), (16, 27), (27, 16), (16, 29), (29, 16), (16, 32), (32, 16), (16, 56), (56, 16), (17, 28), (28, 17), (17, 44), (44, 17), (17, 65), (65, 17), (17, 67), (67, 17), (17, 75), (75, 17), (19, 20), (20, 19), (19, 52), (52, 19), (20, 35), (35, 20), (20, 44), (44, 20), (20, 80), (80, 20), (21, 37), (37, 21), (22, 25), (25, 22), (22, 41), (41, 22), (23, 35), (35, 23), (23, 67), (67, 23), (24, 30), (30, 24), (24, 49), (49, 24), (25, 71), (71, 25), (26, 30), (30, 26), (26, 41), (41, 26), (26, 53), (53, 26), (27, 51), (51, 27), (27, 60), (60, 27), (27, 68), (68, 27), (27, 75), (75, 27), (28, 50), (50, 28), (28, 74), (74, 28), (29, 32), (32, 29), (29, 63), (63, 29), (30, 59), (59, 30), (30, 72), (72, 30), (30, 77), (77, 30), (31, 34), (34, 31), (31, 55), (55, 31), (31, 64), (64, 31), (31, 68), (68, 31), (31, 72), (72, 31), (31, 73), (73, 31), (32, 33), (33, 32), (32, 45), (45, 32), (32, 51), (51, 32), (32, 55), (55, 32), (33, 77), (77, 33), (34, 35), (35, 34), (34, 50), (50, 34), (34, 55), (55, 34), (34, 74), (74, 34), (35, 36), (36, 35), (35, 72), (72, 35), (36, 58), (58, 36), (36, 67), (67, 36), (36, 79), (79, 36), (37, 74), (74, 37), (38, 46), (46, 38), (38, 50), (50, 38), (38, 54), (54, 38), (38, 72), (72, 38), (39, 47), (47, 39), (39, 53), (53, 39), (39, 66), (66, 39), (39, 79), (79, 39), (40, 77), (77, 40), (41, 44), (44, 41), (41, 45), (45, 41), (41, 48), (48, 41), (41, 51), (51, 41), (41, 66), (66, 41), (41, 73), (73, 41), (43, 53), (53, 43), (43, 59), (59, 43), (43, 70), (70, 43), (44, 45), (45, 44), (44, 55), (55, 44), (44, 56), (56, 44), (45, 48), (48, 45), (45, 49), (49, 45), (45, 50), (50, 45), (45, 60), (60, 45), (48, 60), (60, 48), (48, 79), (79, 48), (51, 77), (77, 51), (52, 76), (76, 52), (53, 69), (69, 53), (53, 78), (78, 53), (54, 66), (66, 54), (54, 78), (78, 54), (55, 61), (61, 55), (57, 62), (62, 57), (57, 72), (72, 57), (59, 62), (62, 59), (59, 64), (64, 59), (59, 74), (74, 59), (60, 69), (69, 60), (61, 67), (67, 61), (61, 75), (75, 61), (64, 75), (75, 64), (68, 69), (69, 68), (69, 73), (73, 69), (75, 76), (76, 75)]
Z_dad = [16, 37]
Y_dad = [22, 35]
X_dad = [20, 25]
Z_da-ad = [20, 37]
Y_da-ad = [7, 16]
X_da-ad = [25, 43]
