no              #fail
334.968         #totTm
3.159           #lastADTm
11              #itDAD
2.400           #avItADGoal
13              #itADOpt
9               #opt
8               #optDA-AD
2.684           #tmDA
11.1            #relGain

V = [1, 2, 3, 4, 5, 6, 7, 8, 9, 10, 11, 12, 13, 14, 15, 16, 17, 18, 19, 20, 21, 22, 23, 24, 25, 26, 27, 28, 29, 30, 31, 32, 33, 34, 35, 36, 37, 38, 39, 40, 41, 42, 43, 44, 45, 46, 47, 48, 49, 50, 51, 52, 53, 54, 55, 56, 57, 58, 59, 60, 61, 62, 63, 64, 65, 66, 67, 68, 69, 70, 71, 72, 73, 74, 75, 76, 77, 78, 79, 80]
A = [(1, 50), (50, 1), (1, 79), (79, 1), (2, 43), (43, 2), (2, 45), (45, 2), (2, 63), (63, 2), (3, 26), (26, 3), (3, 56), (56, 3), (3, 66), (66, 3), (3, 76), (76, 3), (4, 39), (39, 4), (4, 41), (41, 4), (4, 55), (55, 4), (5, 18), (18, 5), (5, 26), (26, 5), (5, 30), (30, 5), (5, 60), (60, 5), (6, 24), (24, 6), (6, 48), (48, 6), (6, 49), (49, 6), (6, 68), (68, 6), (6, 71), (71, 6), (7, 15), (15, 7), (7, 36), (36, 7), (7, 72), (72, 7), (8, 63), (63, 8), (9, 15), (15, 9), (9, 26), (26, 9), (9, 32), (32, 9), (9, 67), (67, 9), (9, 75), (75, 9), (10, 16), (16, 10), (10, 23), (23, 10), (10, 25), (25, 10), (10, 42), (42, 10), (10, 43), (43, 10), (10, 66), (66, 10), (10, 74), (74, 10), (10, 79), (79, 10), (10, 80), (80, 10), (11, 14), (14, 11), (11, 23), (23, 11), (11, 27), (27, 11), (11, 75), (75, 11), (11, 79), (79, 11), (12, 38), (38, 12), (12, 63), (63, 12), (12, 70), (70, 12), (13, 15), (15, 13), (13, 23), (23, 13), (13, 45), (45, 13), (13, 50), (50, 13), (13, 68), (68, 13), (14, 22), (22, 14), (14, 46), (46, 14), (14, 53), (53, 14), (14, 57), (57, 14), (15, 18), (18, 15), (15, 26), (26, 15), (15, 43), (43, 15), (15, 50), (50, 15), (15, 71), (71, 15), (16, 21), (21, 16), (16, 31), (31, 16), (16, 56), (56, 16), (16, 62), (62, 16), (16, 72), (72, 16), (16, 79), (79, 16), (17, 25), (25, 17), (17, 34), (34, 17), (17, 35), (35, 17), (17, 37), (37, 17), (17, 59), (59, 17), (17, 71), (71, 17), (18, 24), (24, 18), (19, 31), (31, 19), (20, 31), (31, 20), (20, 42), (42, 20), (20, 52), (52, 20), (20, 68), (68, 20), (20, 76), (76, 20), (21, 37), (37, 21), (21, 47), (47, 21), (23, 66), (66, 23), (24, 25), (25, 24), (25, 70), (70, 25), (25, 78), (78, 25), (26, 49), (49, 26), (26, 70), (70, 26), (27, 38), (38, 27), (27, 59), (59, 27), (27, 70), (70, 27), (28, 43), (43, 28), (28, 44), (44, 28), (28, 68), (68, 28), (28, 69), (69, 28), (28, 75), (75, 28), (29, 60), (60, 29), (29, 73), (73, 29), (30, 32), (32, 30), (30, 33), (33, 30), (30, 52), (52, 30), (30, 69), (69, 30), (31, 50), (50, 31), (31, 77), (77, 31), (32, 53), (53, 32), (33, 45), (45, 33), (33, 51), (51, 33), (33, 61), (61, 33), (33, 68), (68, 33), (34, 48), (48, 34), (34, 65), (65, 34), (35, 46), (46, 35), (35, 49), (49, 35), (35, 61), (61, 35), (36, 76), (76, 36), (37, 64), (64, 37), (38, 60), (60, 38), (38, 61), (61, 38), (39, 55), (55, 39), (39, 67), (67, 39), (40, 44), (44, 40), (40, 56), (56, 40), (40, 62), (62, 40), (40, 77), (77, 40), (41, 42), (42, 41), (41, 45), (45, 41), (41, 67), (67, 41), (41, 76), (76, 41), (42, 79), (79, 42), (43, 74), (74, 43), (46, 60), (60, 46), (46, 61), (61, 46), (46, 64), (64, 46), (46, 68), (68, 46), (47, 61), (61, 47), (47, 77), (77, 47), (48, 51), (51, 48), (51, 76), (76, 51), (52, 64), (64, 52), (52, 71), (71, 52), (53, 73), (73, 53), (55, 57), (57, 55), (55, 65), (65, 55), (56, 59), (59, 56), (56, 64), (64, 56), (56, 78), (78, 56), (58, 59), (59, 58), (58, 70), (70, 58), (60, 63), (63, 60), (61, 76), (76, 61), (61, 78), (78, 61), (63, 65), (65, 63), (63, 74), (74, 63), (68, 71), (71, 68), (69, 74), (74, 69), (70, 76), (76, 70), (72, 77), (77, 72), (75, 76), (76, 75)]
Z_dad = [14, 55]
Y_dad = [9, 60]
X_dad = [10, 63]
Z_da-ad = [10, 31]
Y_da-ad = [14, 54]
X_da-ad = [53, 60]
