no              #fail
783.210         #totTm
4.425           #lastADTm
12              #itDAD
5.364           #avItADGoal
28              #itADOpt
10              #opt
10              #optDA-AD
2.283           #tmDA
0.0             #relGain

V = [1, 2, 3, 4, 5, 6, 7, 8, 9, 10, 11, 12, 13, 14, 15, 16, 17, 18, 19, 20, 21, 22, 23, 24, 25, 26, 27, 28, 29, 30, 31, 32, 33, 34, 35, 36, 37, 38, 39, 40, 41, 42, 43, 44, 45, 46, 47, 48, 49, 50, 51, 52, 53, 54, 55, 56, 57, 58, 59, 60, 61, 62, 63, 64, 65, 66, 67, 68, 69, 70, 71, 72, 73, 74, 75, 76, 77, 78, 79, 80]
A = [(1, 33), (33, 1), (1, 34), (34, 1), (2, 13), (13, 2), (2, 25), (25, 2), (2, 27), (27, 2), (2, 37), (37, 2), (2, 43), (43, 2), (2, 55), (55, 2), (2, 60), (60, 2), (2, 79), (79, 2), (3, 30), (30, 3), (3, 33), (33, 3), (3, 45), (45, 3), (3, 51), (51, 3), (3, 62), (62, 3), (3, 76), (76, 3), (4, 25), (25, 4), (4, 28), (28, 4), (4, 34), (34, 4), (4, 40), (40, 4), (4, 61), (61, 4), (4, 67), (67, 4), (4, 68), (68, 4), (5, 14), (14, 5), (5, 38), (38, 5), (5, 39), (39, 5), (5, 55), (55, 5), (5, 74), (74, 5), (6, 44), (44, 6), (7, 65), (65, 7), (7, 67), (67, 7), (7, 72), (72, 7), (8, 38), (38, 8), (9, 25), (25, 9), (9, 28), (28, 9), (9, 54), (54, 9), (9, 80), (80, 9), (10, 23), (23, 10), (10, 36), (36, 10), (10, 53), (53, 10), (10, 65), (65, 10), (11, 22), (22, 11), (11, 26), (26, 11), (11, 47), (47, 11), (11, 77), (77, 11), (12, 15), (15, 12), (13, 26), (26, 13), (13, 33), (33, 13), (13, 65), (65, 13), (13, 78), (78, 13), (14, 21), (21, 14), (14, 47), (47, 14), (14, 56), (56, 14), (14, 58), (58, 14), (14, 62), (62, 14), (15, 47), (47, 15), (15, 61), (61, 15), (15, 64), (64, 15), (16, 18), (18, 16), (16, 25), (25, 16), (16, 60), (60, 16), (17, 19), (19, 17), (17, 22), (22, 17), (17, 64), (64, 17), (18, 44), (44, 18), (18, 46), (46, 18), (18, 54), (54, 18), (18, 64), (64, 18), (18, 69), (69, 18), (18, 74), (74, 18), (19, 52), (52, 19), (20, 43), (43, 20), (20, 53), (53, 20), (21, 34), (34, 21), (21, 55), (55, 21), (21, 76), (76, 21), (22, 33), (33, 22), (22, 48), (48, 22), (22, 50), (50, 22), (22, 52), (52, 22), (23, 58), (58, 23), (23, 79), (79, 23), (23, 80), (80, 23), (24, 25), (25, 24), (25, 27), (27, 25), (25, 33), (33, 25), (25, 66), (66, 25), (26, 43), (43, 26), (26, 58), (58, 26), (27, 28), (28, 27), (27, 45), (45, 27), (27, 54), (54, 27), (28, 34), (34, 28), (28, 38), (38, 28), (28, 53), (53, 28), (30, 58), (58, 30), (30, 65), (65, 30), (30, 75), (75, 30), (31, 34), (34, 31), (31, 44), (44, 31), (31, 52), (52, 31), (32, 35), (35, 32), (32, 69), (69, 32), (33, 36), (36, 33), (33, 63), (63, 33), (33, 68), (68, 33), (33, 71), (71, 33), (34, 55), (55, 34), (34, 62), (62, 34), (34, 66), (66, 34), (34, 74), (74, 34), (35, 43), (43, 35), (35, 46), (46, 35), (37, 43), (43, 37), (37, 51), (51, 37), (37, 59), (59, 37), (39, 41), (41, 39), (39, 66), (66, 39), (40, 42), (42, 40), (40, 66), (66, 40), (43, 47), (47, 43), (43, 48), (48, 43), (43, 68), (68, 43), (43, 79), (79, 43), (44, 47), (47, 44), (44, 48), (48, 44), (45, 55), (55, 45), (45, 59), (59, 45), (45, 71), (71, 45), (46, 52), (52, 46), (46, 75), (75, 46), (48, 65), (65, 48), (49, 52), (52, 49), (49, 54), (54, 49), (49, 76), (76, 49), (51, 59), (59, 51), (51, 70), (70, 51), (52, 61), (61, 52), (52, 74), (74, 52), (52, 79), (79, 52), (54, 63), (63, 54), (55, 62), (62, 55), (55, 69), (69, 55), (56, 67), (67, 56), (58, 64), (64, 58), (58, 66), (66, 58), (58, 77), (77, 58), (58, 79), (79, 58), (60, 61), (61, 60), (60, 75), (75, 60), (61, 80), (80, 61), (64, 80), (80, 64), (65, 79), (79, 65), (66, 72), (72, 66), (67, 78), (78, 67), (70, 77), (77, 70), (70, 80), (80, 70), (75, 76), (76, 75)]
Z_dad = [5, 44]
Y_dad = [28, 66]
X_dad = [38, 39]
Z_da-ad = [22, 44]
Y_da-ad = [57, 66]
X_da-ad = [15, 38]
