no              #fail
407.376         #totTm
10.998          #lastADTm
11              #itDAD
3.700           #avItADGoal
61              #itADOpt
13              #opt
12              #optDA-AD
5.779           #tmDA
7.7             #relGain

V = [1, 2, 3, 4, 5, 6, 7, 8, 9, 10, 11, 12, 13, 14, 15, 16, 17, 18, 19, 20, 21, 22, 23, 24, 25, 26, 27, 28, 29, 30, 31, 32, 33, 34, 35, 36, 37, 38, 39, 40, 41, 42, 43, 44, 45, 46, 47, 48, 49, 50, 51, 52, 53, 54, 55, 56, 57, 58, 59, 60, 61, 62, 63, 64, 65, 66, 67, 68, 69, 70, 71, 72, 73, 74, 75, 76, 77, 78, 79, 80]
A = [(1, 10), (10, 1), (1, 11), (11, 1), (2, 13), (13, 2), (3, 10), (10, 3), (3, 29), (29, 3), (3, 55), (55, 3), (4, 15), (15, 4), (4, 26), (26, 4), (4, 29), (29, 4), (4, 52), (52, 4), (4, 59), (59, 4), (4, 61), (61, 4), (4, 80), (80, 4), (5, 61), (61, 5), (5, 67), (67, 5), (6, 63), (63, 6), (6, 65), (65, 6), (7, 37), (37, 7), (7, 66), (66, 7), (7, 69), (69, 7), (8, 14), (14, 8), (8, 17), (17, 8), (8, 43), (43, 8), (8, 51), (51, 8), (8, 53), (53, 8), (8, 61), (61, 8), (9, 12), (12, 9), (9, 40), (40, 9), (10, 19), (19, 10), (10, 33), (33, 10), (10, 76), (76, 10), (10, 79), (79, 10), (11, 37), (37, 11), (11, 60), (60, 11), (12, 48), (48, 12), (12, 49), (49, 12), (12, 56), (56, 12), (12, 76), (76, 12), (13, 32), (32, 13), (13, 62), (62, 13), (14, 20), (20, 14), (14, 27), (27, 14), (14, 67), (67, 14), (15, 32), (32, 15), (15, 53), (53, 15), (15, 70), (70, 15), (15, 71), (71, 15), (15, 79), (79, 15), (16, 19), (19, 16), (16, 29), (29, 16), (16, 36), (36, 16), (16, 39), (39, 16), (16, 43), (43, 16), (17, 30), (30, 17), (17, 49), (49, 17), (17, 52), (52, 17), (18, 28), (28, 18), (18, 50), (50, 18), (18, 79), (79, 18), (19, 29), (29, 19), (19, 62), (62, 19), (20, 36), (36, 20), (20, 59), (59, 20), (21, 27), (27, 21), (21, 31), (31, 21), (21, 60), (60, 21), (21, 73), (73, 21), (22, 25), (25, 22), (22, 32), (32, 22), (22, 53), (53, 22), (22, 61), (61, 22), (23, 31), (31, 23), (23, 42), (42, 23), (23, 55), (55, 23), (23, 79), (79, 23), (24, 30), (30, 24), (24, 57), (57, 24), (25, 53), (53, 25), (25, 62), (62, 25), (26, 34), (34, 26), (26, 73), (73, 26), (27, 50), (50, 27), (27, 52), (52, 27), (27, 55), (55, 27), (27, 62), (62, 27), (28, 39), (39, 28), (28, 59), (59, 28), (29, 42), (42, 29), (29, 48), (48, 29), (29, 52), (52, 29), (29, 72), (72, 29), (29, 79), (79, 29), (30, 61), (61, 30), (30, 66), (66, 30), (31, 53), (53, 31), (31, 54), (54, 31), (31, 70), (70, 31), (31, 71), (71, 31), (31, 73), (73, 31), (32, 36), (36, 32), (32, 52), (52, 32), (32, 65), (65, 32), (32, 67), (67, 32), (33, 34), (34, 33), (33, 63), (63, 33), (34, 37), (37, 34), (34, 42), (42, 34), (34, 52), (52, 34), (34, 79), (79, 34), (35, 45), (45, 35), (35, 53), (53, 35), (37, 59), (59, 37), (37, 76), (76, 37), (38, 44), (44, 38), (39, 71), (71, 39), (39, 75), (75, 39), (41, 52), (52, 41), (42, 49), (49, 42), (42, 61), (61, 42), (42, 79), (79, 42), (43, 47), (47, 43), (43, 52), (52, 43), (43, 71), (71, 43), (44, 77), (77, 44), (44, 78), (78, 44), (45, 50), (50, 45), (45, 57), (57, 45), (45, 80), (80, 45), (47, 55), (55, 47), (47, 56), (56, 47), (48, 50), (50, 48), (48, 52), (52, 48), (49, 51), (51, 49), (49, 52), (52, 49), (49, 53), (53, 49), (49, 71), (71, 49), (53, 75), (75, 53), (53, 80), (80, 53), (54, 72), (72, 54), (54, 79), (79, 54), (55, 67), (67, 55), (56, 60), (60, 56), (57, 79), (79, 57), (59, 62), (62, 59), (59, 69), (69, 59), (59, 71), (71, 59), (60, 72), (72, 60), (60, 78), (78, 60), (61, 65), (65, 61), (61, 75), (75, 61), (61, 79), (79, 61), (62, 71), (71, 62), (63, 68), (68, 63), (63, 73), (73, 63), (66, 69), (69, 66), (66, 79), (79, 66), (66, 80), (80, 66), (67, 76), (76, 67)]
Z_dad = [12, 32]
Y_dad = [44, 79]
X_dad = [61, 63]
Z_da-ad = [12, 78]
Y_da-ad = [32, 38]
X_da-ad = [44, 52]
