no              #fail
184.722         #totTm
4.738           #lastADTm
9               #itDAD
4.125           #avItADGoal
24              #itADOpt
10              #opt
10              #optDA-AD
2.116           #tmDA
0.0             #relGain

V = [1, 2, 3, 4, 5, 6, 7, 8, 9, 10, 11, 12, 13, 14, 15, 16, 17, 18, 19, 20, 21, 22, 23, 24, 25, 26, 27, 28, 29, 30, 31, 32, 33, 34, 35, 36, 37, 38, 39, 40, 41, 42, 43, 44, 45, 46, 47, 48, 49, 50, 51, 52, 53, 54, 55, 56, 57, 58, 59, 60, 61, 62, 63, 64, 65, 66, 67, 68, 69, 70, 71, 72, 73, 74, 75, 76, 77, 78, 79, 80]
A = [(1, 11), (11, 1), (1, 26), (26, 1), (1, 49), (49, 1), (1, 55), (55, 1), (1, 66), (66, 1), (2, 28), (28, 2), (2, 55), (55, 2), (2, 59), (59, 2), (2, 74), (74, 2), (3, 24), (24, 3), (3, 63), (63, 3), (3, 70), (70, 3), (3, 79), (79, 3), (4, 14), (14, 4), (4, 42), (42, 4), (4, 44), (44, 4), (4, 61), (61, 4), (4, 78), (78, 4), (6, 23), (23, 6), (6, 24), (24, 6), (6, 49), (49, 6), (6, 75), (75, 6), (7, 57), (57, 7), (8, 12), (12, 8), (8, 18), (18, 8), (8, 19), (19, 8), (8, 32), (32, 8), (8, 47), (47, 8), (8, 49), (49, 8), (8, 76), (76, 8), (9, 24), (24, 9), (9, 27), (27, 9), (9, 75), (75, 9), (10, 22), (22, 10), (10, 66), (66, 10), (10, 74), (74, 10), (10, 80), (80, 10), (11, 12), (12, 11), (11, 15), (15, 11), (11, 23), (23, 11), (11, 27), (27, 11), (11, 38), (38, 11), (11, 56), (56, 11), (11, 63), (63, 11), (12, 39), (39, 12), (13, 14), (14, 13), (13, 36), (36, 13), (14, 15), (15, 14), (14, 49), (49, 14), (15, 36), (36, 15), (15, 42), (42, 15), (15, 45), (45, 15), (15, 73), (73, 15), (16, 44), (44, 16), (17, 36), (36, 17), (17, 63), (63, 17), (18, 80), (80, 18), (19, 40), (40, 19), (20, 33), (33, 20), (20, 48), (48, 20), (20, 49), (49, 20), (20, 64), (64, 20), (21, 52), (52, 21), (21, 58), (58, 21), (21, 73), (73, 21), (21, 77), (77, 21), (22, 78), (78, 22), (23, 44), (44, 23), (24, 29), (29, 24), (24, 32), (32, 24), (25, 26), (26, 25), (25, 36), (36, 25), (25, 52), (52, 25), (25, 74), (74, 25), (26, 48), (48, 26), (26, 66), (66, 26), (26, 72), (72, 26), (27, 29), (29, 27), (27, 68), (68, 27), (28, 48), (48, 28), (29, 62), (62, 29), (29, 66), (66, 29), (30, 34), (34, 30), (30, 39), (39, 30), (31, 40), (40, 31), (31, 43), (43, 31), (31, 54), (54, 31), (31, 79), (79, 31), (32, 63), (63, 32), (33, 38), (38, 33), (33, 51), (51, 33), (34, 43), (43, 34), (34, 50), (50, 34), (34, 62), (62, 34), (34, 67), (67, 34), (34, 77), (77, 34), (36, 64), (64, 36), (36, 68), (68, 36), (36, 77), (77, 36), (38, 51), (51, 38), (39, 40), (40, 39), (39, 51), (51, 39), (40, 41), (41, 40), (40, 64), (64, 40), (41, 63), (63, 41), (41, 65), (65, 41), (41, 78), (78, 41), (42, 56), (56, 42), (42, 73), (73, 42), (42, 74), (74, 42), (42, 79), (79, 42), (43, 80), (80, 43), (44, 62), (62, 44), (44, 76), (76, 44), (45, 63), (63, 45), (45, 69), (69, 45), (45, 72), (72, 45), (46, 60), (60, 46), (47, 48), (48, 47), (50, 57), (57, 50), (50, 61), (61, 50), (50, 74), (74, 50), (51, 53), (53, 51), (51, 58), (58, 51), (51, 60), (60, 51), (51, 64), (64, 51), (51, 68), (68, 51), (52, 75), (75, 52), (52, 76), (76, 52), (53, 55), (55, 53), (53, 64), (64, 53), (53, 71), (71, 53), (53, 77), (77, 53), (54, 61), (61, 54), (55, 65), (65, 55), (55, 74), (74, 55), (55, 80), (80, 55), (56, 57), (57, 56), (56, 58), (58, 56), (57, 65), (65, 57), (57, 69), (69, 57), (58, 59), (59, 58), (58, 73), (73, 58), (60, 63), (63, 60), (60, 67), (67, 60), (60, 73), (73, 60), (61, 62), (62, 61), (61, 66), (66, 61), (62, 75), (75, 62), (63, 71), (71, 63), (63, 76), (76, 63), (66, 75), (75, 66), (66, 80), (80, 66), (70, 73), (73, 70), (71, 76), (76, 71), (73, 76), (76, 73), (73, 79), (79, 73), (77, 80), (80, 77)]
Z_dad = [44, 60]
Y_dad = [34, 45]
X_dad = [36, 63]
Z_da-ad = [57, 60]
Y_da-ad = [36, 46]
X_da-ad = [34, 45]
