no              #fail
3622.261        #totTm
4.727           #lastADTm
14              #itDAD
3.385           #avItADGoal
12              #itADOpt
8               #opt
8               #optDA-AD
3.095           #tmDA
0.0             #relGain

V = [1, 2, 3, 4, 5, 6, 7, 8, 9, 10, 11, 12, 13, 14, 15, 16, 17, 18, 19, 20, 21, 22, 23, 24, 25, 26, 27, 28, 29, 30, 31, 32, 33, 34, 35, 36, 37, 38, 39, 40, 41, 42, 43, 44, 45, 46, 47, 48, 49, 50, 51, 52, 53, 54, 55, 56, 57, 58, 59, 60, 61, 62, 63, 64, 65, 66, 67, 68, 69, 70, 71, 72, 73, 74, 75, 76, 77, 78, 79, 80]
A = [(1, 6), (6, 1), (1, 8), (8, 1), (1, 18), (18, 1), (1, 68), (68, 1), (2, 16), (16, 2), (2, 63), (63, 2), (3, 14), (14, 3), (3, 17), (17, 3), (3, 20), (20, 3), (3, 34), (34, 3), (4, 15), (15, 4), (5, 19), (19, 5), (5, 37), (37, 5), (5, 56), (56, 5), (5, 61), (61, 5), (6, 8), (8, 6), (6, 41), (41, 6), (6, 46), (46, 6), (6, 61), (61, 6), (6, 75), (75, 6), (7, 16), (16, 7), (7, 49), (49, 7), (7, 64), (64, 7), (7, 68), (68, 7), (8, 51), (51, 8), (8, 56), (56, 8), (8, 67), (67, 8), (9, 64), (64, 9), (9, 69), (69, 9), (10, 23), (23, 10), (11, 32), (32, 11), (11, 33), (33, 11), (11, 57), (57, 11), (12, 13), (13, 12), (12, 53), (53, 12), (12, 56), (56, 12), (12, 65), (65, 12), (12, 78), (78, 12), (13, 15), (15, 13), (13, 19), (19, 13), (13, 20), (20, 13), (13, 30), (30, 13), (13, 77), (77, 13), (14, 35), (35, 14), (14, 37), (37, 14), (14, 55), (55, 14), (14, 68), (68, 14), (15, 58), (58, 15), (15, 62), (62, 15), (15, 74), (74, 15), (15, 80), (80, 15), (16, 28), (28, 16), (16, 31), (31, 16), (16, 32), (32, 16), (16, 78), (78, 16), (17, 29), (29, 17), (17, 61), (61, 17), (18, 62), (62, 18), (19, 43), (43, 19), (19, 72), (72, 19), (19, 77), (77, 19), (20, 32), (32, 20), (20, 37), (37, 20), (20, 44), (44, 20), (20, 56), (56, 20), (20, 66), (66, 20), (21, 28), (28, 21), (21, 52), (52, 21), (21, 70), (70, 21), (22, 37), (37, 22), (22, 49), (49, 22), (22, 57), (57, 22), (23, 46), (46, 23), (23, 50), (50, 23), (23, 51), (51, 23), (23, 74), (74, 23), (24, 28), (28, 24), (24, 46), (46, 24), (25, 26), (26, 25), (25, 41), (41, 25), (25, 46), (46, 25), (26, 51), (51, 26), (26, 57), (57, 26), (26, 68), (68, 26), (27, 40), (40, 27), (27, 41), (41, 27), (27, 44), (44, 27), (27, 49), (49, 27), (27, 59), (59, 27), (27, 72), (72, 27), (27, 80), (80, 27), (30, 32), (32, 30), (31, 46), (46, 31), (31, 69), (69, 31), (32, 39), (39, 32), (32, 49), (49, 32), (33, 37), (37, 33), (33, 40), (40, 33), (33, 55), (55, 33), (34, 41), (41, 34), (34, 42), (42, 34), (34, 59), (59, 34), (35, 47), (47, 35), (35, 69), (69, 35), (36, 52), (52, 36), (36, 66), (66, 36), (37, 39), (39, 37), (37, 41), (41, 37), (38, 73), (73, 38), (38, 74), (74, 38), (38, 78), (78, 38), (39, 46), (46, 39), (39, 67), (67, 39), (39, 69), (69, 39), (39, 80), (80, 39), (40, 50), (50, 40), (40, 62), (62, 40), (40, 69), (69, 40), (40, 77), (77, 40), (41, 47), (47, 41), (41, 79), (79, 41), (43, 58), (58, 43), (43, 62), (62, 43), (43, 78), (78, 43), (44, 66), (66, 44), (45, 58), (58, 45), (46, 48), (48, 46), (46, 60), (60, 46), (46, 61), (61, 46), (46, 65), (65, 46), (46, 67), (67, 46), (46, 71), (71, 46), (47, 54), (54, 47), (47, 68), (68, 47), (48, 78), (78, 48), (50, 59), (59, 50), (50, 63), (63, 50), (50, 79), (79, 50), (51, 56), (56, 51), (51, 62), (62, 51), (52, 61), (61, 52), (54, 68), (68, 54), (54, 80), (80, 54), (55, 56), (56, 55), (55, 69), (69, 55), (56, 74), (74, 56), (56, 80), (80, 56), (60, 68), (68, 60), (61, 72), (72, 61), (61, 78), (78, 61), (63, 68), (68, 63), (64, 65), (65, 64), (65, 67), (67, 65), (65, 69), (69, 65), (65, 73), (73, 65), (69, 78), (78, 69), (70, 75), (75, 70), (76, 78), (78, 76)]
Z_dad = [21, 46]
Y_dad = [6, 16]
X_dad = [28, 78]
Z_da-ad = [46, 78]
Y_da-ad = [15, 71]
X_da-ad = [17, 23]
