no              #fail
6951.566        #totTm
4.304           #lastADTm
15              #itDAD
3.714           #avItADGoal
19              #itADOpt
8               #opt
8               #optDA-AD
3.675           #tmDA
0.0             #relGain

V = [1, 2, 3, 4, 5, 6, 7, 8, 9, 10, 11, 12, 13, 14, 15, 16, 17, 18, 19, 20, 21, 22, 23, 24, 25, 26, 27, 28, 29, 30, 31, 32, 33, 34, 35, 36, 37, 38, 39, 40, 41, 42, 43, 44, 45, 46, 47, 48, 49, 50, 51, 52, 53, 54, 55, 56, 57, 58, 59, 60, 61, 62, 63, 64, 65, 66, 67, 68, 69, 70, 71, 72, 73, 74, 75, 76, 77, 78, 79, 80]
A = [(1, 22), (22, 1), (1, 48), (48, 1), (1, 49), (49, 1), (1, 53), (53, 1), (1, 58), (58, 1), (1, 68), (68, 1), (2, 6), (6, 2), (2, 20), (20, 2), (2, 54), (54, 2), (3, 17), (17, 3), (3, 31), (31, 3), (3, 43), (43, 3), (3, 47), (47, 3), (3, 53), (53, 3), (3, 66), (66, 3), (3, 72), (72, 3), (3, 75), (75, 3), (4, 38), (38, 4), (4, 64), (64, 4), (5, 15), (15, 5), (5, 50), (50, 5), (5, 57), (57, 5), (6, 27), (27, 6), (7, 67), (67, 7), (7, 72), (72, 7), (7, 76), (76, 7), (8, 10), (10, 8), (8, 17), (17, 8), (8, 31), (31, 8), (8, 80), (80, 8), (9, 12), (12, 9), (9, 13), (13, 9), (9, 39), (39, 9), (9, 52), (52, 9), (10, 54), (54, 10), (10, 73), (73, 10), (11, 22), (22, 11), (11, 30), (30, 11), (11, 42), (42, 11), (11, 44), (44, 11), (11, 58), (58, 11), (11, 71), (71, 11), (12, 31), (31, 12), (12, 33), (33, 12), (12, 53), (53, 12), (13, 29), (29, 13), (13, 35), (35, 13), (13, 44), (44, 13), (14, 27), (27, 14), (14, 65), (65, 14), (14, 71), (71, 14), (14, 80), (80, 14), (15, 59), (59, 15), (16, 18), (18, 16), (17, 20), (20, 17), (17, 31), (31, 17), (17, 50), (50, 17), (17, 57), (57, 17), (18, 27), (27, 18), (18, 57), (57, 18), (19, 31), (31, 19), (19, 56), (56, 19), (19, 58), (58, 19), (20, 42), (42, 20), (20, 69), (69, 20), (20, 71), (71, 20), (21, 30), (30, 21), (21, 35), (35, 21), (21, 55), (55, 21), (21, 66), (66, 21), (21, 75), (75, 21), (22, 24), (24, 22), (22, 35), (35, 22), (22, 36), (36, 22), (22, 42), (42, 22), (22, 71), (71, 22), (23, 26), (26, 23), (23, 32), (32, 23), (23, 35), (35, 23), (23, 41), (41, 23), (23, 46), (46, 23), (23, 70), (70, 23), (23, 79), (79, 23), (24, 29), (29, 24), (24, 36), (36, 24), (24, 38), (38, 24), (24, 58), (58, 24), (25, 31), (31, 25), (25, 44), (44, 25), (25, 69), (69, 25), (26, 62), (62, 26), (26, 77), (77, 26), (27, 44), (44, 27), (28, 34), (34, 28), (30, 64), (64, 30), (31, 54), (54, 31), (32, 36), (36, 32), (33, 48), (48, 33), (33, 69), (69, 33), (34, 48), (48, 34), (36, 37), (37, 36), (36, 39), (39, 36), (36, 41), (41, 36), (36, 44), (44, 36), (36, 80), (80, 36), (37, 44), (44, 37), (37, 77), (77, 37), (38, 46), (46, 38), (38, 67), (67, 38), (39, 47), (47, 39), (39, 60), (60, 39), (39, 68), (68, 39), (40, 41), (41, 40), (40, 66), (66, 40), (40, 69), (69, 40), (41, 43), (43, 41), (42, 66), (66, 42), (42, 72), (72, 42), (43, 59), (59, 43), (44, 49), (49, 44), (44, 77), (77, 44), (45, 47), (47, 45), (45, 50), (50, 45), (45, 54), (54, 45), (45, 71), (71, 45), (45, 80), (80, 45), (46, 50), (50, 46), (47, 53), (53, 47), (47, 61), (61, 47), (47, 67), (67, 47), (47, 77), (77, 47), (48, 54), (54, 48), (48, 72), (72, 48), (49, 55), (55, 49), (49, 72), (72, 49), (50, 55), (55, 50), (52, 55), (55, 52), (52, 65), (65, 52), (52, 79), (79, 52), (53, 58), (58, 53), (53, 64), (64, 53), (53, 74), (74, 53), (53, 77), (77, 53), (53, 78), (78, 53), (54, 76), (76, 54), (55, 60), (60, 55), (55, 77), (77, 55), (55, 78), (78, 55), (59, 64), (64, 59), (59, 71), (71, 59), (60, 61), (61, 60), (61, 79), (79, 61), (63, 67), (67, 63), (66, 74), (74, 66), (68, 73), (73, 68), (68, 77), (77, 68), (70, 76), (76, 70), (73, 78), (78, 73)]
Z_dad = [18, 19]
Y_dad = [48, 51]
X_dad = [23, 77]
Z_da-ad = [18, 67]
Y_da-ad = [48, 51]
X_da-ad = [19, 26]
