no              #fail
808.648         #totTm
5.312           #lastADTm
12              #itDAD
4.636           #avItADGoal
27              #itADOpt
10              #opt
10              #optDA-AD
2.306           #tmDA
0.0             #relGain

V = [1, 2, 3, 4, 5, 6, 7, 8, 9, 10, 11, 12, 13, 14, 15, 16, 17, 18, 19, 20, 21, 22, 23, 24, 25, 26, 27, 28, 29, 30, 31, 32, 33, 34, 35, 36, 37, 38, 39, 40, 41, 42, 43, 44, 45, 46, 47, 48, 49, 50, 51, 52, 53, 54, 55, 56, 57, 58, 59, 60, 61, 62, 63, 64, 65, 66, 67, 68, 69, 70, 71, 72, 73, 74, 75, 76, 77, 78, 79, 80]
A = [(1, 13), (13, 1), (1, 15), (15, 1), (1, 31), (31, 1), (1, 45), (45, 1), (1, 46), (46, 1), (1, 80), (80, 1), (2, 37), (37, 2), (2, 48), (48, 2), (2, 70), (70, 2), (3, 8), (8, 3), (3, 67), (67, 3), (3, 78), (78, 3), (4, 17), (17, 4), (4, 50), (50, 4), (4, 76), (76, 4), (5, 19), (19, 5), (5, 26), (26, 5), (5, 52), (52, 5), (6, 11), (11, 6), (6, 37), (37, 6), (6, 59), (59, 6), (6, 64), (64, 6), (6, 74), (74, 6), (7, 11), (11, 7), (7, 41), (41, 7), (7, 42), (42, 7), (7, 60), (60, 7), (8, 37), (37, 8), (8, 43), (43, 8), (9, 26), (26, 9), (9, 42), (42, 9), (9, 61), (61, 9), (10, 13), (13, 10), (10, 23), (23, 10), (10, 38), (38, 10), (10, 40), (40, 10), (10, 60), (60, 10), (10, 69), (69, 10), (10, 71), (71, 10), (11, 28), (28, 11), (11, 58), (58, 11), (11, 79), (79, 11), (12, 23), (23, 12), (12, 32), (32, 12), (12, 43), (43, 12), (12, 49), (49, 12), (12, 51), (51, 12), (12, 61), (61, 12), (13, 62), (62, 13), (13, 68), (68, 13), (13, 74), (74, 13), (14, 22), (22, 14), (14, 71), (71, 14), (16, 19), (19, 16), (16, 29), (29, 16), (16, 42), (42, 16), (17, 25), (25, 17), (17, 74), (74, 17), (18, 26), (26, 18), (18, 27), (27, 18), (18, 39), (39, 18), (18, 59), (59, 18), (19, 75), (75, 19), (19, 76), (76, 19), (19, 80), (80, 19), (21, 24), (24, 21), (21, 27), (27, 21), (21, 39), (39, 21), (21, 45), (45, 21), (21, 64), (64, 21), (22, 39), (39, 22), (22, 49), (49, 22), (22, 53), (53, 22), (22, 65), (65, 22), (22, 69), (69, 22), (23, 30), (30, 23), (23, 75), (75, 23), (24, 25), (25, 24), (24, 27), (27, 24), (24, 52), (52, 24), (27, 39), (39, 27), (27, 58), (58, 27), (27, 78), (78, 27), (28, 72), (72, 28), (29, 55), (55, 29), (29, 76), (76, 29), (30, 51), (51, 30), (30, 67), (67, 30), (30, 70), (70, 30), (30, 74), (74, 30), (31, 33), (33, 31), (31, 68), (68, 31), (31, 72), (72, 31), (32, 52), (52, 32), (33, 58), (58, 33), (33, 64), (64, 33), (33, 69), (69, 33), (33, 71), (71, 33), (34, 37), (37, 34), (34, 39), (39, 34), (34, 50), (50, 34), (35, 61), (61, 35), (35, 64), (64, 35), (35, 76), (76, 35), (36, 55), (55, 36), (36, 57), (57, 36), (36, 69), (69, 36), (38, 44), (44, 38), (38, 63), (63, 38), (38, 71), (71, 38), (39, 46), (46, 39), (39, 70), (70, 39), (40, 41), (41, 40), (40, 48), (48, 40), (41, 48), (48, 41), (41, 56), (56, 41), (41, 62), (62, 41), (41, 67), (67, 41), (41, 70), (70, 41), (43, 70), (70, 43), (44, 52), (52, 44), (44, 71), (71, 44), (45, 47), (47, 45), (45, 67), (67, 45), (45, 80), (80, 45), (46, 55), (55, 46), (47, 57), (57, 47), (47, 80), (80, 47), (49, 53), (53, 49), (49, 65), (65, 49), (49, 67), (67, 49), (49, 69), (69, 49), (50, 60), (60, 50), (50, 79), (79, 50), (52, 57), (57, 52), (53, 58), (58, 53), (53, 70), (70, 53), (56, 69), (69, 56), (56, 70), (70, 56), (56, 71), (71, 56), (57, 76), (76, 57), (58, 64), (64, 58), (58, 65), (65, 58), (59, 67), (67, 59), (59, 77), (77, 59), (60, 71), (71, 60), (61, 62), (62, 61), (62, 67), (67, 62), (62, 69), (69, 62), (63, 67), (67, 63), (63, 68), (68, 63), (63, 69), (69, 63), (63, 74), (74, 63), (64, 68), (68, 64), (66, 74), (74, 66), (67, 70), (70, 67), (69, 78), (78, 69), (76, 80), (80, 76)]
Z_dad = [1, 11]
Y_dad = [31, 67]
X_dad = [59, 72]
Z_da-ad = [1, 74]
Y_da-ad = [11, 20]
X_da-ad = [4, 24]
