no              #fail
1.305           #totTm
0.168           #lastADTm
5               #itDAD
1.500           #avItADGoal
6               #itADOpt
5               #opt
5               #optDA-AD
0.187           #tmDA
0.0             #relGain

V = [1, 2, 3, 4, 5, 6, 7, 8, 9, 10, 11, 12, 13, 14, 15, 16, 17, 18, 19, 20, 21, 22, 23, 24, 25, 26, 27, 28, 29, 30, 31, 32, 33, 34, 35, 36, 37, 38, 39, 40]
A = [(1, 11), (11, 1), (1, 24), (24, 1), (2, 3), (3, 2), (2, 22), (22, 2), (2, 24), (24, 2), (2, 33), (33, 2), (2, 39), (39, 2), (3, 8), (8, 3), (3, 21), (21, 3), (3, 37), (37, 3), (3, 38), (38, 3), (4, 7), (7, 4), (4, 13), (13, 4), (4, 14), (14, 4), (4, 18), (18, 4), (4, 23), (23, 4), (4, 30), (30, 4), (4, 32), (32, 4), (4, 36), (36, 4), (5, 8), (8, 5), (5, 30), (30, 5), (5, 32), (32, 5), (6, 13), (13, 6), (6, 17), (17, 6), (6, 19), (19, 6), (6, 28), (28, 6), (6, 32), (32, 6), (6, 34), (34, 6), (7, 10), (10, 7), (7, 11), (11, 7), (7, 24), (24, 7), (7, 26), (26, 7), (8, 13), (13, 8), (8, 31), (31, 8), (8, 33), (33, 8), (8, 36), (36, 8), (8, 38), (38, 8), (9, 15), (15, 9), (9, 17), (17, 9), (9, 18), (18, 9), (9, 35), (35, 9), (11, 25), (25, 11), (11, 26), (26, 11), (11, 32), (32, 11), (12, 21), (21, 12), (12, 32), (32, 12), (13, 20), (20, 13), (14, 35), (35, 14), (15, 31), (31, 15), (15, 32), (32, 15), (17, 21), (21, 17), (17, 23), (23, 17), (17, 24), (24, 17), (17, 30), (30, 17), (17, 33), (33, 17), (17, 37), (37, 17), (17, 38), (38, 17), (18, 31), (31, 18), (18, 37), (37, 18), (18, 40), (40, 18), (19, 25), (25, 19), (19, 31), (31, 19), (19, 34), (34, 19), (20, 40), (40, 20), (21, 35), (35, 21), (22, 27), (27, 22), (22, 38), (38, 22), (23, 24), (24, 23), (23, 28), (28, 23), (23, 31), (31, 23), (24, 34), (34, 24), (24, 38), (38, 24), (29, 37), (37, 29), (30, 31), (31, 30), (30, 33), (33, 30), (31, 33), (33, 31), (33, 38), (38, 33), (33, 40), (40, 33)]
Z_dad = [2]
Y_dad = [38]
X_dad = [22]
Z_da-ad = [37]
Y_da-ad = [17]
X_da-ad = [7]
