no              #fail
2.918           #totTm
0.135           #lastADTm
7               #itDAD
1.667           #avItADGoal
5               #itADOpt
4               #opt
4               #optDA-AD
0.191           #tmDA
0.0             #relGain

V = [1, 2, 3, 4, 5, 6, 7, 8, 9, 10, 11, 12, 13, 14, 15, 16, 17, 18, 19, 20, 21, 22, 23, 24, 25, 26, 27, 28, 29, 30, 31, 32, 33, 34, 35, 36, 37, 38, 39, 40]
A = [(1, 6), (6, 1), (1, 24), (24, 1), (1, 39), (39, 1), (2, 20), (20, 2), (2, 27), (27, 2), (3, 11), (11, 3), (3, 15), (15, 3), (3, 20), (20, 3), (4, 26), (26, 4), (5, 11), (11, 5), (5, 28), (28, 5), (5, 36), (36, 5), (6, 8), (8, 6), (6, 21), (21, 6), (6, 25), (25, 6), (6, 31), (31, 6), (6, 34), (34, 6), (6, 36), (36, 6), (6, 40), (40, 6), (7, 9), (9, 7), (7, 15), (15, 7), (7, 26), (26, 7), (7, 33), (33, 7), (7, 35), (35, 7), (7, 39), (39, 7), (8, 9), (9, 8), (8, 12), (12, 8), (9, 11), (11, 9), (9, 14), (14, 9), (9, 34), (34, 9), (9, 38), (38, 9), (10, 17), (17, 10), (10, 22), (22, 10), (10, 25), (25, 10), (10, 35), (35, 10), (10, 37), (37, 10), (11, 22), (22, 11), (11, 24), (24, 11), (11, 33), (33, 11), (12, 14), (14, 12), (12, 20), (20, 12), (13, 16), (16, 13), (13, 26), (26, 13), (13, 32), (32, 13), (14, 28), (28, 14), (14, 31), (31, 14), (14, 40), (40, 14), (15, 22), (22, 15), (15, 38), (38, 15), (16, 21), (21, 16), (16, 33), (33, 16), (17, 32), (32, 17), (18, 23), (23, 18), (18, 24), (24, 18), (18, 25), (25, 18), (18, 38), (38, 18), (18, 40), (40, 18), (20, 24), (24, 20), (20, 32), (32, 20), (20, 34), (34, 20), (21, 24), (24, 21), (22, 30), (30, 22), (22, 34), (34, 22), (22, 40), (40, 22), (24, 31), (31, 24), (25, 32), (32, 25), (27, 30), (30, 27), (27, 38), (38, 27), (28, 32), (32, 28), (29, 36), (36, 29), (29, 39), (39, 29), (30, 33), (33, 30), (32, 37), (37, 32), (32, 40), (40, 32), (34, 35), (35, 34), (35, 36), (36, 35), (35, 40), (40, 35), (37, 40), (40, 37)]
Z_dad = [26]
Y_dad = [18]
X_dad = [24]
Z_da-ad = [26]
Y_da-ad = [18]
X_da-ad = [24]
