no              #fail
1.360           #totTm
0.121           #lastADTm
5               #itDAD
1.500           #avItADGoal
5               #itADOpt
5               #opt
5               #optDA-AD
0.186           #tmDA
0.0             #relGain

V = [1, 2, 3, 4, 5, 6, 7, 8, 9, 10, 11, 12, 13, 14, 15, 16, 17, 18, 19, 20, 21, 22, 23, 24, 25, 26, 27, 28, 29, 30, 31, 32, 33, 34, 35, 36, 37, 38, 39, 40]
A = [(1, 2), (2, 1), (1, 6), (6, 1), (1, 17), (17, 1), (1, 21), (21, 1), (1, 35), (35, 1), (2, 3), (3, 2), (2, 14), (14, 2), (2, 18), (18, 2), (3, 8), (8, 3), (3, 10), (10, 3), (3, 16), (16, 3), (3, 23), (23, 3), (3, 32), (32, 3), (3, 35), (35, 3), (4, 11), (11, 4), (4, 15), (15, 4), (4, 19), (19, 4), (4, 23), (23, 4), (4, 36), (36, 4), (5, 17), (17, 5), (5, 19), (19, 5), (5, 20), (20, 5), (5, 36), (36, 5), (7, 40), (40, 7), (8, 30), (30, 8), (8, 39), (39, 8), (9, 17), (17, 9), (9, 37), (37, 9), (10, 13), (13, 10), (10, 25), (25, 10), (10, 31), (31, 10), (10, 34), (34, 10), (11, 12), (12, 11), (11, 15), (15, 11), (11, 18), (18, 11), (11, 33), (33, 11), (11, 34), (34, 11), (11, 37), (37, 11), (12, 18), (18, 12), (12, 24), (24, 12), (12, 28), (28, 12), (13, 24), (24, 13), (14, 20), (20, 14), (14, 32), (32, 14), (15, 37), (37, 15), (15, 40), (40, 15), (16, 17), (17, 16), (16, 19), (19, 16), (16, 30), (30, 16), (16, 39), (39, 16), (17, 18), (18, 17), (17, 23), (23, 17), (17, 29), (29, 17), (17, 32), (32, 17), (17, 36), (36, 17), (18, 22), (22, 18), (18, 25), (25, 18), (18, 35), (35, 18), (19, 23), (23, 19), (19, 31), (31, 19), (19, 36), (36, 19), (20, 26), (26, 20), (20, 29), (29, 20), (20, 39), (39, 20), (21, 39), (39, 21), (22, 23), (23, 22), (22, 34), (34, 22), (22, 38), (38, 22), (25, 32), (32, 25), (25, 34), (34, 25), (25, 39), (39, 25), (26, 40), (40, 26), (30, 33), (33, 30), (30, 34), (34, 30), (30, 37), (37, 30), (31, 38), (38, 31), (32, 33), (33, 32), (33, 40), (40, 33)]
Z_dad = [40]
Y_dad = [17]
X_dad = [1]
Z_da-ad = [1]
Y_da-ad = [17]
X_da-ad = [12]
