no              #fail
1.275           #totTm
0.125           #lastADTm
5               #itDAD
1.500           #avItADGoal
5               #itADOpt
5               #opt
5               #optDA-AD
0.206           #tmDA
0.0             #relGain

V = [1, 2, 3, 4, 5, 6, 7, 8, 9, 10, 11, 12, 13, 14, 15, 16, 17, 18, 19, 20, 21, 22, 23, 24, 25, 26, 27, 28, 29, 30, 31, 32, 33, 34, 35, 36, 37, 38, 39, 40]
A = [(1, 2), (2, 1), (1, 18), (18, 1), (1, 19), (19, 1), (1, 22), (22, 1), (1, 40), (40, 1), (2, 36), (36, 2), (4, 5), (5, 4), (4, 9), (9, 4), (4, 10), (10, 4), (4, 21), (21, 4), (4, 24), (24, 4), (5, 6), (6, 5), (5, 18), (18, 5), (5, 23), (23, 5), (5, 28), (28, 5), (5, 36), (36, 5), (6, 7), (7, 6), (6, 21), (21, 6), (6, 29), (29, 6), (6, 33), (33, 6), (7, 14), (14, 7), (7, 21), (21, 7), (7, 23), (23, 7), (7, 31), (31, 7), (8, 9), (9, 8), (8, 31), (31, 8), (8, 39), (39, 8), (9, 14), (14, 9), (9, 23), (23, 9), (9, 28), (28, 9), (9, 29), (29, 9), (9, 31), (31, 9), (9, 34), (34, 9), (10, 15), (15, 10), (10, 17), (17, 10), (10, 18), (18, 10), (11, 22), (22, 11), (11, 25), (25, 11), (11, 37), (37, 11), (12, 22), (22, 12), (12, 23), (23, 12), (12, 34), (34, 12), (13, 18), (18, 13), (13, 23), (23, 13), (14, 19), (19, 14), (14, 20), (20, 14), (14, 35), (35, 14), (15, 25), (25, 15), (17, 29), (29, 17), (17, 30), (30, 17), (18, 27), (27, 18), (18, 38), (38, 18), (20, 33), (33, 20), (20, 36), (36, 20), (21, 35), (35, 21), (22, 36), (36, 22), (22, 37), (37, 22), (23, 28), (28, 23), (23, 32), (32, 23), (24, 29), (29, 24), (25, 35), (35, 25), (25, 37), (37, 25), (25, 38), (38, 25), (26, 28), (28, 26), (26, 33), (33, 26), (26, 35), (35, 26), (27, 38), (38, 27), (28, 37), (37, 28), (29, 34), (34, 29), (29, 35), (35, 29), (30, 31), (31, 30), (30, 36), (36, 30), (31, 39), (39, 31), (33, 40), (40, 33), (34, 35), (35, 34), (34, 38), (38, 34), (36, 40), (40, 36), (38, 39), (39, 38)]
Z_dad = [18]
Y_dad = [23]
X_dad = [38]
Z_da-ad = [23]
Y_da-ad = [18]
X_da-ad = [1]
