no              #fail
0.417           #totTm
0.149           #lastADTm
3               #itDAD
1.000           #avItADGoal
4               #itADOpt
4               #opt
4               #optDA-AD
0.179           #tmDA
0.0             #relGain

V = [1, 2, 3, 4, 5, 6, 7, 8, 9, 10, 11, 12, 13, 14, 15, 16, 17, 18, 19, 20, 21, 22, 23, 24, 25, 26, 27, 28, 29, 30, 31, 32, 33, 34, 35, 36, 37, 38, 39, 40]
A = [(1, 26), (26, 1), (1, 32), (32, 1), (2, 11), (11, 2), (2, 12), (12, 2), (2, 15), (15, 2), (2, 37), (37, 2), (2, 40), (40, 2), (3, 13), (13, 3), (3, 36), (36, 3), (3, 38), (38, 3), (4, 27), (27, 4), (4, 31), (31, 4), (4, 32), (32, 4), (4, 33), (33, 4), (4, 38), (38, 4), (5, 8), (8, 5), (5, 10), (10, 5), (5, 29), (29, 5), (6, 30), (30, 6), (7, 26), (26, 7), (7, 31), (31, 7), (7, 32), (32, 7), (8, 22), (22, 8), (9, 10), (10, 9), (9, 32), (32, 9), (10, 15), (15, 10), (10, 17), (17, 10), (10, 20), (20, 10), (10, 24), (24, 10), (10, 27), (27, 10), (10, 30), (30, 10), (10, 38), (38, 10), (11, 21), (21, 11), (12, 35), (35, 12), (12, 37), (37, 12), (13, 26), (26, 13), (13, 28), (28, 13), (13, 31), (31, 13), (14, 19), (19, 14), (14, 22), (22, 14), (14, 23), (23, 14), (14, 31), (31, 14), (14, 37), (37, 14), (14, 40), (40, 14), (15, 20), (20, 15), (15, 21), (21, 15), (15, 27), (27, 15), (15, 33), (33, 15), (16, 25), (25, 16), (16, 28), (28, 16), (16, 30), (30, 16), (17, 26), (26, 17), (17, 31), (31, 17), (17, 32), (32, 17), (18, 19), (19, 18), (18, 28), (28, 18), (19, 21), (21, 19), (19, 24), (24, 19), (19, 32), (32, 19), (20, 38), (38, 20), (22, 24), (24, 22), (22, 30), (30, 22), (22, 35), (35, 22), (22, 37), (37, 22), (24, 29), (29, 24), (24, 40), (40, 24), (25, 35), (35, 25), (26, 29), (29, 26), (27, 36), (36, 27), (27, 38), (38, 27), (28, 32), (32, 28), (29, 30), (30, 29), (31, 34), (34, 31), (31, 35), (35, 31), (33, 36), (36, 33), (33, 39), (39, 33), (33, 40), (40, 33), (34, 40), (40, 34)]
Z_dad = [30]
Y_dad = [10]
X_dad = [14]
Z_da-ad = [14]
Y_da-ad = [10]
X_da-ad = [30]
