no              #fail
0.635           #totTm
0.153           #lastADTm
4               #itDAD
1.333           #avItADGoal
5               #itADOpt
5               #opt
5               #optDA-AD
0.187           #tmDA
0.0             #relGain

V = [1, 2, 3, 4, 5, 6, 7, 8, 9, 10, 11, 12, 13, 14, 15, 16, 17, 18, 19, 20, 21, 22, 23, 24, 25, 26, 27, 28, 29, 30, 31, 32, 33, 34, 35, 36, 37, 38, 39, 40]
A = [(1, 5), (5, 1), (1, 10), (10, 1), (2, 15), (15, 2), (2, 16), (16, 2), (2, 29), (29, 2), (2, 38), (38, 2), (2, 39), (39, 2), (3, 4), (4, 3), (3, 13), (13, 3), (3, 29), (29, 3), (3, 35), (35, 3), (4, 9), (9, 4), (4, 40), (40, 4), (5, 8), (8, 5), (5, 9), (9, 5), (5, 26), (26, 5), (5, 29), (29, 5), (5, 37), (37, 5), (5, 39), (39, 5), (6, 14), (14, 6), (6, 20), (20, 6), (6, 21), (21, 6), (6, 25), (25, 6), (7, 14), (14, 7), (7, 37), (37, 7), (7, 38), (38, 7), (7, 39), (39, 7), (7, 40), (40, 7), (8, 29), (29, 8), (8, 33), (33, 8), (9, 25), (25, 9), (9, 30), (30, 9), (9, 32), (32, 9), (9, 33), (33, 9), (10, 23), (23, 10), (10, 32), (32, 10), (10, 34), (34, 10), (11, 14), (14, 11), (11, 28), (28, 11), (11, 40), (40, 11), (12, 25), (25, 12), (12, 27), (27, 12), (12, 33), (33, 12), (13, 30), (30, 13), (13, 32), (32, 13), (14, 22), (22, 14), (14, 36), (36, 14), (15, 17), (17, 15), (16, 24), (24, 16), (16, 28), (28, 16), (16, 29), (29, 16), (18, 19), (19, 18), (18, 20), (20, 18), (18, 29), (29, 18), (19, 31), (31, 19), (19, 33), (33, 19), (19, 40), (40, 19), (20, 28), (28, 20), (20, 29), (29, 20), (20, 34), (34, 20), (21, 27), (27, 21), (22, 23), (23, 22), (23, 29), (29, 23), (24, 26), (26, 24), (24, 32), (32, 24), (25, 29), (29, 25), (26, 34), (34, 26), (26, 37), (37, 26), (27, 39), (39, 27), (28, 30), (30, 28), (29, 33), (33, 29), (29, 34), (34, 29), (29, 37), (37, 29), (30, 38), (38, 30), (32, 40), (40, 32), (36, 40), (40, 36), (37, 38), (38, 37), (39, 40), (40, 39)]
Z_dad = [2]
Y_dad = [29]
X_dad = [3]
Z_da-ad = [2]
Y_da-ad = [29]
X_da-ad = [3]
