no              #fail
0.774           #totTm
0.154           #lastADTm
4               #itDAD
1.333           #avItADGoal
5               #itADOpt
5               #opt
5               #optDA-AD
0.174           #tmDA
0.0             #relGain

V = [1, 2, 3, 4, 5, 6, 7, 8, 9, 10, 11, 12, 13, 14, 15, 16, 17, 18, 19, 20, 21, 22, 23, 24, 25, 26, 27, 28, 29, 30, 31, 32, 33, 34, 35, 36, 37, 38, 39, 40]
A = [(1, 12), (12, 1), (1, 15), (15, 1), (1, 16), (16, 1), (1, 29), (29, 1), (1, 35), (35, 1), (2, 5), (5, 2), (2, 7), (7, 2), (2, 12), (12, 2), (2, 35), (35, 2), (2, 37), (37, 2), (3, 7), (7, 3), (3, 10), (10, 3), (3, 17), (17, 3), (4, 9), (9, 4), (4, 18), (18, 4), (5, 10), (10, 5), (5, 11), (11, 5), (5, 22), (22, 5), (5, 28), (28, 5), (5, 32), (32, 5), (5, 38), (38, 5), (6, 10), (10, 6), (6, 27), (27, 6), (7, 33), (33, 7), (7, 35), (35, 7), (8, 16), (16, 8), (9, 18), (18, 9), (9, 28), (28, 9), (9, 34), (34, 9), (9, 38), (38, 9), (9, 39), (39, 9), (10, 30), (30, 10), (11, 32), (32, 11), (11, 37), (37, 11), (12, 19), (19, 12), (12, 24), (24, 12), (12, 26), (26, 12), (12, 29), (29, 12), (13, 27), (27, 13), (14, 20), (20, 14), (14, 27), (27, 14), (14, 32), (32, 14), (15, 25), (25, 15), (15, 29), (29, 15), (15, 37), (37, 15), (17, 18), (18, 17), (17, 23), (23, 17), (17, 39), (39, 17), (18, 23), (23, 18), (18, 38), (38, 18), (19, 25), (25, 19), (19, 26), (26, 19), (20, 34), (34, 20), (20, 36), (36, 20), (21, 23), (23, 21), (21, 25), (25, 21), (21, 28), (28, 21), (21, 39), (39, 21), (21, 40), (40, 21), (23, 25), (25, 23), (23, 32), (32, 23), (23, 33), (33, 23), (24, 25), (25, 24), (24, 29), (29, 24), (24, 30), (30, 24), (24, 35), (35, 24), (24, 40), (40, 24), (25, 31), (31, 25), (25, 34), (34, 25), (27, 40), (40, 27), (29, 34), (34, 29), (29, 37), (37, 29), (30, 36), (36, 30), (31, 32), (32, 31), (32, 35), (35, 32), (33, 38), (38, 33), (34, 38), (38, 34), (38, 39), (39, 38)]
Z_dad = [1]
Y_dad = [25]
X_dad = [5]
Z_da-ad = [1]
Y_da-ad = [25]
X_da-ad = [5]
