no              #fail
1.472           #totTm
0.148           #lastADTm
5               #itDAD
1.500           #avItADGoal
6               #itADOpt
6               #opt
6               #optDA-AD
0.206           #tmDA
0.0             #relGain

V = [1, 2, 3, 4, 5, 6, 7, 8, 9, 10, 11, 12, 13, 14, 15, 16, 17, 18, 19, 20, 21, 22, 23, 24, 25, 26, 27, 28, 29, 30, 31, 32, 33, 34, 35, 36, 37, 38, 39, 40]
A = [(1, 33), (33, 1), (1, 34), (34, 1), (1, 35), (35, 1), (1, 36), (36, 1), (2, 4), (4, 2), (2, 18), (18, 2), (2, 20), (20, 2), (2, 31), (31, 2), (2, 37), (37, 2), (4, 8), (8, 4), (4, 14), (14, 4), (4, 21), (21, 4), (4, 22), (22, 4), (5, 21), (21, 5), (5, 28), (28, 5), (5, 34), (34, 5), (6, 24), (24, 6), (7, 24), (24, 7), (7, 35), (35, 7), (8, 22), (22, 8), (8, 25), (25, 8), (8, 27), (27, 8), (8, 30), (30, 8), (8, 34), (34, 8), (9, 16), (16, 9), (9, 22), (22, 9), (9, 30), (30, 9), (9, 34), (34, 9), (10, 17), (17, 10), (10, 26), (26, 10), (10, 36), (36, 10), (12, 17), (17, 12), (12, 25), (25, 12), (12, 30), (30, 12), (12, 35), (35, 12), (12, 36), (36, 12), (13, 19), (19, 13), (13, 29), (29, 13), (13, 32), (32, 13), (13, 33), (33, 13), (13, 39), (39, 13), (14, 39), (39, 14), (15, 20), (20, 15), (15, 22), (22, 15), (16, 20), (20, 16), (16, 30), (30, 16), (17, 23), (23, 17), (18, 24), (24, 18), (18, 32), (32, 18), (18, 39), (39, 18), (18, 40), (40, 18), (19, 33), (33, 19), (20, 26), (26, 20), (20, 27), (27, 20), (20, 30), (30, 20), (20, 40), (40, 20), (21, 40), (40, 21), (22, 34), (34, 22), (23, 29), (29, 23), (23, 30), (30, 23), (23, 32), (32, 23), (23, 38), (38, 23), (25, 31), (31, 25), (25, 36), (36, 25), (26, 29), (29, 26), (26, 30), (30, 26), (26, 31), (31, 26), (26, 32), (32, 26), (26, 36), (36, 26), (27, 29), (29, 27), (27, 31), (31, 27), (28, 32), (32, 28), (29, 39), (39, 29), (30, 33), (33, 30), (31, 35), (35, 31), (32, 34), (34, 32), (35, 38), (38, 35), (39, 40), (40, 39)]
Z_dad = [18]
Y_dad = [35]
X_dad = [7]
Z_da-ad = [24]
Y_da-ad = [30]
X_da-ad = [35]
