no              #fail
1.986           #totTm
0.133           #lastADTm
6               #itDAD
1.600           #avItADGoal
5               #itADOpt
5               #opt
5               #optDA-AD
0.171           #tmDA
0.0             #relGain

V = [1, 2, 3, 4, 5, 6, 7, 8, 9, 10, 11, 12, 13, 14, 15, 16, 17, 18, 19, 20, 21, 22, 23, 24, 25, 26, 27, 28, 29, 30, 31, 32, 33, 34, 35, 36, 37, 38, 39, 40]
A = [(1, 5), (5, 1), (1, 7), (7, 1), (1, 21), (21, 1), (1, 27), (27, 1), (1, 30), (30, 1), (1, 35), (35, 1), (1, 38), (38, 1), (1, 40), (40, 1), (2, 3), (3, 2), (3, 10), (10, 3), (3, 21), (21, 3), (3, 28), (28, 3), (3, 37), (37, 3), (4, 5), (5, 4), (4, 28), (28, 4), (4, 36), (36, 4), (5, 10), (10, 5), (5, 14), (14, 5), (6, 20), (20, 6), (6, 28), (28, 6), (7, 8), (8, 7), (7, 9), (9, 7), (8, 10), (10, 8), (8, 14), (14, 8), (8, 39), (39, 8), (9, 13), (13, 9), (9, 27), (27, 9), (9, 32), (32, 9), (10, 13), (13, 10), (10, 23), (23, 10), (10, 27), (27, 10), (10, 29), (29, 10), (10, 39), (39, 10), (11, 16), (16, 11), (12, 27), (27, 12), (13, 21), (21, 13), (13, 31), (31, 13), (13, 34), (34, 13), (13, 39), (39, 13), (14, 17), (17, 14), (14, 19), (19, 14), (14, 31), (31, 14), (14, 36), (36, 14), (14, 39), (39, 14), (15, 32), (32, 15), (15, 38), (38, 15), (15, 40), (40, 15), (16, 40), (40, 16), (17, 18), (18, 17), (17, 24), (24, 17), (17, 27), (27, 17), (18, 25), (25, 18), (18, 27), (27, 18), (19, 25), (25, 19), (19, 26), (26, 19), (19, 27), (27, 19), (19, 40), (40, 19), (20, 26), (26, 20), (21, 28), (28, 21), (21, 31), (31, 21), (21, 37), (37, 21), (22, 34), (34, 22), (24, 33), (33, 24), (24, 38), (38, 24), (25, 36), (36, 25), (25, 38), (38, 25), (26, 28), (28, 26), (27, 28), (28, 27), (27, 30), (30, 27), (27, 35), (35, 27), (28, 34), (34, 28), (29, 36), (36, 29), (30, 36), (36, 30), (30, 38), (38, 30), (32, 39), (39, 32), (34, 39), (39, 34), (37, 38), (38, 37), (38, 39), (39, 38)]
Z_dad = [40]
Y_dad = [27]
X_dad = [10]
Z_da-ad = [40]
Y_da-ad = [27]
X_da-ad = [10]
