no              #fail
2.994           #totTm
0.158           #lastADTm
7               #itDAD
1.667           #avItADGoal
5               #itADOpt
4               #opt
4               #optDA-AD
0.191           #tmDA
0.0             #relGain

V = [1, 2, 3, 4, 5, 6, 7, 8, 9, 10, 11, 12, 13, 14, 15, 16, 17, 18, 19, 20, 21, 22, 23, 24, 25, 26, 27, 28, 29, 30, 31, 32, 33, 34, 35, 36, 37, 38, 39, 40]
A = [(1, 22), (22, 1), (1, 28), (28, 1), (1, 36), (36, 1), (2, 14), (14, 2), (2, 26), (26, 2), (2, 32), (32, 2), (3, 26), (26, 3), (3, 34), (34, 3), (4, 7), (7, 4), (4, 12), (12, 4), (4, 32), (32, 4), (4, 40), (40, 4), (5, 8), (8, 5), (5, 9), (9, 5), (5, 11), (11, 5), (5, 14), (14, 5), (5, 20), (20, 5), (5, 31), (31, 5), (6, 12), (12, 6), (6, 17), (17, 6), (6, 21), (21, 6), (6, 35), (35, 6), (6, 40), (40, 6), (8, 15), (15, 8), (8, 19), (19, 8), (8, 32), (32, 8), (8, 37), (37, 8), (9, 21), (21, 9), (9, 25), (25, 9), (9, 27), (27, 9), (9, 28), (28, 9), (9, 38), (38, 9), (9, 39), (39, 9), (11, 24), (24, 11), (11, 25), (25, 11), (12, 31), (31, 12), (13, 15), (15, 13), (13, 18), (18, 13), (13, 25), (25, 13), (14, 23), (23, 14), (14, 27), (27, 14), (15, 33), (33, 15), (15, 35), (35, 15), (15, 38), (38, 15), (16, 26), (26, 16), (16, 31), (31, 16), (16, 32), (32, 16), (16, 33), (33, 16), (17, 19), (19, 17), (17, 25), (25, 17), (17, 30), (30, 17), (17, 32), (32, 17), (18, 34), (34, 18), (18, 35), (35, 18), (18, 36), (36, 18), (18, 39), (39, 18), (19, 32), (32, 19), (19, 36), (36, 19), (19, 37), (37, 19), (20, 23), (23, 20), (20, 37), (37, 20), (21, 35), (35, 21), (24, 32), (32, 24), (24, 36), (36, 24), (25, 28), (28, 25), (26, 30), (30, 26), (27, 29), (29, 27), (29, 33), (33, 29), (29, 37), (37, 29), (30, 31), (31, 30), (30, 40), (40, 30), (31, 33), (33, 31), (31, 34), (34, 31), (32, 38), (38, 32), (33, 36), (36, 33), (33, 39), (39, 33), (35, 39), (39, 35), (36, 38), (38, 36)]
Z_dad = [28]
Y_dad = [36]
X_dad = [1]
Z_da-ad = [4]
Y_da-ad = [1]
X_da-ad = [28]
