no              #fail
1.163           #totTm
0.116           #lastADTm
5               #itDAD
1.500           #avItADGoal
4               #itADOpt
5               #opt
4               #optDA-AD
0.176           #tmDA
20.0            #relGain

V = [1, 2, 3, 4, 5, 6, 7, 8, 9, 10, 11, 12, 13, 14, 15, 16, 17, 18, 19, 20, 21, 22, 23, 24, 25, 26, 27, 28, 29, 30, 31, 32, 33, 34, 35, 36, 37, 38, 39, 40]
A = [(1, 2), (2, 1), (1, 5), (5, 1), (1, 6), (6, 1), (1, 25), (25, 1), (2, 5), (5, 2), (2, 8), (8, 2), (3, 27), (27, 3), (3, 37), (37, 3), (4, 13), (13, 4), (4, 20), (20, 4), (4, 34), (34, 4), (4, 38), (38, 4), (5, 9), (9, 5), (5, 13), (13, 5), (5, 23), (23, 5), (5, 33), (33, 5), (5, 35), (35, 5), (5, 39), (39, 5), (6, 7), (7, 6), (6, 13), (13, 6), (6, 22), (22, 6), (6, 24), (24, 6), (6, 29), (29, 6), (6, 38), (38, 6), (6, 40), (40, 6), (8, 10), (10, 8), (8, 23), (23, 8), (8, 33), (33, 8), (8, 40), (40, 8), (9, 14), (14, 9), (9, 20), (20, 9), (10, 15), (15, 10), (10, 32), (32, 10), (10, 33), (33, 10), (10, 38), (38, 10), (11, 36), (36, 11), (12, 26), (26, 12), (13, 28), (28, 13), (14, 15), (15, 14), (14, 29), (29, 14), (15, 28), (28, 15), (16, 19), (19, 16), (16, 26), (26, 16), (16, 32), (32, 16), (16, 37), (37, 16), (16, 40), (40, 16), (17, 25), (25, 17), (17, 32), (32, 17), (18, 32), (32, 18), (19, 21), (21, 19), (19, 22), (22, 19), (19, 24), (24, 19), (19, 25), (25, 19), (19, 28), (28, 19), (19, 32), (32, 19), (20, 35), (35, 20), (20, 40), (40, 20), (21, 28), (28, 21), (21, 30), (30, 21), (21, 40), (40, 21), (22, 28), (28, 22), (22, 36), (36, 22), (24, 26), (26, 24), (25, 32), (32, 25), (25, 37), (37, 25), (26, 29), (29, 26), (27, 36), (36, 27), (29, 33), (33, 29), (29, 40), (40, 29), (30, 31), (31, 30), (30, 32), (32, 30), (30, 40), (40, 30), (31, 39), (39, 31), (32, 37), (37, 32), (33, 40), (40, 33), (34, 40), (40, 34), (35, 40), (40, 35), (38, 39), (39, 38)]
Z_dad = [22]
Y_dad = [37]
X_dad = [3]
Z_da-ad = [36]
Y_da-ad = [37]
X_da-ad = [32]
