no              #fail
0.461           #totTm
0.139           #lastADTm
3               #itDAD
1.000           #avItADGoal
4               #itADOpt
4               #opt
4               #optDA-AD
0.177           #tmDA
0.0             #relGain

V = [1, 2, 3, 4, 5, 6, 7, 8, 9, 10, 11, 12, 13, 14, 15, 16, 17, 18, 19, 20, 21, 22, 23, 24, 25, 26, 27, 28, 29, 30, 31, 32, 33, 34, 35, 36, 37, 38, 39, 40]
A = [(1, 5), (5, 1), (1, 7), (7, 1), (1, 13), (13, 1), (1, 19), (19, 1), (1, 30), (30, 1), (1, 39), (39, 1), (2, 31), (31, 2), (3, 19), (19, 3), (3, 23), (23, 3), (3, 28), (28, 3), (3, 34), (34, 3), (4, 8), (8, 4), (4, 24), (24, 4), (4, 30), (30, 4), (5, 13), (13, 5), (5, 14), (14, 5), (5, 15), (15, 5), (5, 33), (33, 5), (5, 36), (36, 5), (6, 13), (13, 6), (6, 17), (17, 6), (7, 17), (17, 7), (7, 38), (38, 7), (8, 12), (12, 8), (8, 14), (14, 8), (8, 15), (15, 8), (8, 39), (39, 8), (8, 40), (40, 8), (9, 18), (18, 9), (10, 15), (15, 10), (10, 19), (19, 10), (10, 22), (22, 10), (10, 24), (24, 10), (11, 14), (14, 11), (11, 15), (15, 11), (11, 37), (37, 11), (12, 26), (26, 12), (12, 36), (36, 12), (13, 14), (14, 13), (13, 16), (16, 13), (13, 21), (21, 13), (13, 25), (25, 13), (13, 27), (27, 13), (14, 18), (18, 14), (14, 19), (19, 14), (14, 31), (31, 14), (14, 37), (37, 14), (14, 39), (39, 14), (15, 17), (17, 15), (15, 20), (20, 15), (15, 29), (29, 15), (15, 33), (33, 15), (16, 21), (21, 16), (17, 22), (22, 17), (17, 38), (38, 17), (18, 25), (25, 18), (18, 26), (26, 18), (18, 31), (31, 18), (19, 22), (22, 19), (19, 29), (29, 19), (19, 34), (34, 19), (20, 38), (38, 20), (21, 31), (31, 21), (21, 34), (34, 21), (21, 38), (38, 21), (22, 35), (35, 22), (24, 40), (40, 24), (25, 30), (30, 25), (26, 28), (28, 26), (26, 36), (36, 26), (26, 39), (39, 26), (27, 28), (28, 27), (29, 38), (38, 29), (30, 31), (31, 30), (32, 36), (36, 32), (32, 38), (38, 32), (33, 36), (36, 33), (36, 38), (38, 36)]
Z_dad = [18]
Y_dad = [15]
X_dad = [3]
Z_da-ad = [31]
Y_da-ad = [15]
X_da-ad = [18]
