no              #fail
6971.928        #totTm
6958.571        #lastADTm
11              #itDAD
1.000           #avItADGoal
857             #itADOpt
63              #opt
63              #optDA-AD
300.4           #tmDA
0.0             #relGain

V = [1, 2, 3, 4, 5, 6, 7, 8, 9, 10, 11, 12, 13, 14, 15, 16, 17, 18, 19, 20, 21, 22, 23, 24, 25, 26, 27, 28, 29, 30, 31, 32, 33, 34, 35, 36, 37, 38, 39, 40, 41, 42, 43, 44, 45, 46, 47, 48, 49, 50, 51, 52, 53, 54, 55, 56, 57, 58, 59, 60, 61, 62, 63, 64, 65, 66, 67, 68, 69, 70, 71, 72, 73, 74, 75, 76, 77, 78, 79, 80, 81, 82, 83, 84, 85, 86, 87, 88, 89, 90, 91, 92, 93, 94, 95, 96, 97, 98, 99, 100]
A = [(2, 1), (1, 2), (3, 1), (1, 3), (4, 3), (3, 4), (5, 1), (1, 5), (6, 5), (5, 6), (7, 1), (1, 7), (8, 7), (7, 8), (9, 4), (4, 9), (10, 1), (1, 10), (11, 4), (4, 11), (12, 10), (10, 12), (13, 8), (8, 13), (14, 12), (12, 14), (15, 13), (13, 15), (16, 7), (7, 16), (17, 3), (3, 17), (18, 6), (6, 18), (19, 1), (1, 19), (20, 12), (12, 20), (21, 7), (7, 21), (22, 15), (15, 22), (23, 3), (3, 23), (24, 20), (20, 24), (25, 10), (10, 25), (26, 5), (5, 26), (27, 6), (6, 27), (28, 24), (24, 28), (29, 13), (13, 29), (30, 1), (1, 30), (31, 29), (29, 31), (32, 4), (4, 32), (33, 29), (29, 33), (34, 23), (23, 34), (35, 20), (20, 35), (36, 10), (10, 36), (37, 27), (27, 37), (38, 16), (16, 38), (39, 37), (37, 39), (40, 3), (3, 40), (41, 33), (33, 41), (42, 26), (26, 42), (43, 30), (30, 43), (44, 35), (35, 44), (45, 42), (42, 45), (46, 1), (1, 46), (47, 30), (30, 47), (48, 41), (41, 48), (49, 33), (33, 49), (50, 24), (24, 50), (51, 1), (1, 51), (52, 44), (44, 52), (53, 29), (29, 53), (54, 13), (13, 54), (55, 15), (15, 55), (56, 34), (34, 56), (57, 51), (51, 57), (58, 3), (3, 58), (59, 14), (14, 59), (60, 40), (40, 60), (61, 33), (33, 61), (62, 6), (6, 62), (63, 2), (2, 63), (64, 42), (42, 64), (65, 8), (8, 65), (66, 46), (46, 66), (67, 41), (41, 67), (68, 44), (44, 68), (69, 21), (21, 69), (70, 34), (34, 70), (71, 46), (46, 71), (72, 38), (38, 72), (73, 11), (11, 73), (74, 39), (39, 74), (75, 68), (68, 75), (76, 12), (12, 76), (77, 67), (67, 77), (78, 33), (33, 78), (79, 51), (51, 79), (80, 74), (74, 80), (81, 46), (46, 81), (82, 74), (74, 82), (83, 80), (80, 83), (84, 22), (22, 84), (85, 17), (17, 85), (86, 84), (84, 86), (87, 14), (14, 87), (88, 16), (16, 88), (89, 72), (72, 89), (90, 44), (44, 90), (91, 39), (39, 91), (92, 52), (52, 92), (93, 70), (70, 93), (94, 51), (51, 94), (95, 65), (65, 95), (96, 71), (71, 96), (97, 80), (80, 97), (98, 92), (92, 98), (99, 8), (8, 99), (100, 63), (63, 100)]
Z_dad = [1, 13, 20]
Y_dad = [3, 7, 27]
X_dad = [6]
Z_da-ad = [1, 12, 13]
Y_da-ad = [3, 27, 44]
X_da-ad = [6]
