no              #fail
4070.233        #totTm
4057.773        #lastADTm
9               #itDAD
1.000           #avItADGoal
612             #itADOpt
62              #opt
62              #optDA-AD
546.2           #tmDA
0.0             #relGain

V = [1, 2, 3, 4, 5, 6, 7, 8, 9, 10, 11, 12, 13, 14, 15, 16, 17, 18, 19, 20, 21, 22, 23, 24, 25, 26, 27, 28, 29, 30, 31, 32, 33, 34, 35, 36, 37, 38, 39, 40, 41, 42, 43, 44, 45, 46, 47, 48, 49, 50, 51, 52, 53, 54, 55, 56, 57, 58, 59, 60, 61, 62, 63, 64, 65, 66, 67, 68, 69, 70, 71, 72, 73, 74, 75, 76, 77, 78, 79, 80, 81, 82, 83, 84, 85, 86, 87, 88, 89, 90, 91, 92, 93, 94, 95, 96, 97, 98, 99, 100]
A = [(2, 1), (1, 2), (3, 2), (2, 3), (4, 1), (1, 4), (5, 1), (1, 5), (6, 2), (2, 6), (7, 1), (1, 7), (8, 7), (7, 8), (9, 4), (4, 9), (10, 2), (2, 10), (11, 9), (9, 11), (12, 3), (3, 12), (13, 8), (8, 13), (14, 9), (9, 14), (15, 5), (5, 15), (16, 3), (3, 16), (17, 9), (9, 17), (18, 3), (3, 18), (19, 13), (13, 19), (20, 16), (16, 20), (21, 20), (20, 21), (22, 17), (17, 22), (23, 8), (8, 23), (24, 19), (19, 24), (25, 10), (10, 25), (26, 13), (13, 26), (27, 7), (7, 27), (28, 27), (27, 28), (29, 18), (18, 29), (30, 6), (6, 30), (31, 15), (15, 31), (32, 20), (20, 32), (33, 12), (12, 33), (34, 13), (13, 34), (35, 13), (13, 35), (36, 4), (4, 36), (37, 33), (33, 37), (38, 4), (4, 38), (39, 28), (28, 39), (40, 29), (29, 40), (41, 39), (39, 41), (42, 9), (9, 42), (43, 15), (15, 43), (44, 35), (35, 44), (45, 30), (30, 45), (46, 13), (13, 46), (47, 21), (21, 47), (48, 30), (30, 48), (49, 39), (39, 49), (50, 30), (30, 50), (51, 12), (12, 51), (52, 18), (18, 52), (53, 6), (6, 53), (54, 53), (53, 54), (55, 32), (32, 55), (56, 23), (23, 56), (57, 33), (33, 57), (58, 1), (1, 58), (59, 25), (25, 59), (60, 40), (40, 60), (61, 50), (50, 61), (62, 58), (58, 62), (63, 7), (7, 63), (64, 24), (24, 64), (65, 29), (29, 65), (66, 36), (36, 66), (67, 8), (8, 67), (68, 16), (16, 68), (69, 67), (67, 69), (70, 57), (57, 70), (71, 2), (2, 71), (72, 1), (1, 72), (73, 43), (43, 73), (74, 8), (8, 74), (75, 14), (14, 75), (76, 23), (23, 76), (77, 65), (65, 77), (78, 65), (65, 78), (79, 14), (14, 79), (80, 28), (28, 80), (81, 50), (50, 81), (82, 6), (6, 82), (83, 79), (79, 83), (84, 13), (13, 84), (85, 43), (43, 85), (86, 6), (6, 86), (87, 57), (57, 87), (88, 42), (42, 88), (89, 20), (20, 89), (90, 29), (29, 90), (91, 81), (81, 91), (92, 89), (89, 92), (93, 67), (67, 93), (94, 73), (73, 94), (95, 67), (67, 95), (96, 84), (84, 96), (97, 11), (11, 97), (98, 10), (10, 98), (99, 9), (9, 99), (100, 87), (87, 100)]
Z_dad = [1, 3, 8]
Y_dad = [6, 9, 13]
X_dad = [30]
Z_da-ad = [1, 3, 8]
Y_da-ad = [6, 9, 13]
X_da-ad = [30]
