no              #fail
3701.738        #totTm
3684.645        #lastADTm
11              #itDAD
1.000           #avItADGoal
594             #itADOpt
61              #opt
61              #optDA-AD
24.9            #tmDA
0.0             #relGain

V = [1, 2, 3, 4, 5, 6, 7, 8, 9, 10, 11, 12, 13, 14, 15, 16, 17, 18, 19, 20, 21, 22, 23, 24, 25, 26, 27, 28, 29, 30, 31, 32, 33, 34, 35, 36, 37, 38, 39, 40, 41, 42, 43, 44, 45, 46, 47, 48, 49, 50, 51, 52, 53, 54, 55, 56, 57, 58, 59, 60, 61, 62, 63, 64, 65, 66, 67, 68, 69, 70, 71, 72, 73, 74, 75, 76, 77, 78, 79, 80, 81, 82, 83, 84, 85, 86, 87, 88, 89, 90, 91, 92, 93, 94, 95, 96, 97, 98, 99, 100]
A = [(2, 1), (1, 2), (3, 2), (2, 3), (4, 2), (2, 4), (5, 4), (4, 5), (6, 1), (1, 6), (7, 3), (3, 7), (8, 4), (4, 8), (9, 6), (6, 9), (10, 2), (2, 10), (11, 8), (8, 11), (12, 7), (7, 12), (13, 5), (5, 13), (14, 7), (7, 14), (15, 13), (13, 15), (16, 10), (10, 16), (17, 9), (9, 17), (18, 6), (6, 18), (19, 17), (17, 19), (20, 12), (12, 20), (21, 5), (5, 21), (22, 10), (10, 22), (23, 15), (15, 23), (24, 1), (1, 24), (25, 20), (20, 25), (26, 2), (2, 26), (27, 9), (9, 27), (28, 10), (10, 28), (29, 9), (9, 29), (30, 6), (6, 30), (31, 4), (4, 31), (32, 14), (14, 32), (33, 19), (19, 33), (34, 20), (20, 34), (35, 26), (26, 35), (36, 17), (17, 36), (37, 2), (2, 37), (38, 35), (35, 38), (39, 16), (16, 39), (40, 30), (30, 40), (41, 7), (7, 41), (42, 16), (16, 42), (43, 33), (33, 43), (44, 26), (26, 44), (45, 15), (15, 45), (46, 13), (13, 46), (47, 36), (36, 47), (48, 42), (42, 48), (49, 42), (42, 49), (50, 4), (4, 50), (51, 34), (34, 51), (52, 18), (18, 52), (53, 19), (19, 53), (54, 23), (23, 54), (55, 26), (26, 55), (56, 21), (21, 56), (57, 12), (12, 57), (58, 42), (42, 58), (59, 14), (14, 59), (60, 50), (50, 60), (61, 32), (32, 61), (62, 16), (16, 62), (63, 25), (25, 63), (64, 18), (18, 64), (65, 52), (52, 65), (66, 13), (13, 66), (67, 35), (35, 67), (68, 37), (37, 68), (69, 60), (60, 69), (70, 62), (62, 70), (71, 67), (67, 71), (72, 15), (15, 72), (73, 46), (46, 73), (74, 40), (40, 74), (75, 72), (72, 75), (76, 22), (22, 76), (77, 11), (11, 77), (78, 38), (38, 78), (79, 55), (55, 79), (80, 13), (13, 80), (81, 51), (51, 81), (82, 58), (58, 82), (83, 44), (44, 83), (84, 42), (42, 84), (85, 31), (31, 85), (86, 82), (82, 86), (87, 67), (67, 87), (88, 38), (38, 88), (89, 65), (65, 89), (90, 30), (30, 90), (91, 29), (29, 91), (92, 38), (38, 92), (93, 59), (59, 93), (94, 51), (51, 94), (95, 67), (67, 95), (96, 45), (45, 96), (97, 16), (16, 97), (98, 11), (11, 98), (99, 36), (36, 99), (100, 50), (50, 100)]
Z_dad = [2, 6, 13]
Y_dad = [12, 16, 35]
X_dad = [7]
Z_da-ad = [2, 5, 9]
Y_da-ad = [12, 16, 35]
X_da-ad = [7]
