no              #fail
5559.298        #totTm
5544.180        #lastADTm
11              #itDAD
1.000           #avItADGoal
790             #itADOpt
59              #opt
59              #optDA-AD
264.0           #tmDA
0.0             #relGain

V = [1, 2, 3, 4, 5, 6, 7, 8, 9, 10, 11, 12, 13, 14, 15, 16, 17, 18, 19, 20, 21, 22, 23, 24, 25, 26, 27, 28, 29, 30, 31, 32, 33, 34, 35, 36, 37, 38, 39, 40, 41, 42, 43, 44, 45, 46, 47, 48, 49, 50, 51, 52, 53, 54, 55, 56, 57, 58, 59, 60, 61, 62, 63, 64, 65, 66, 67, 68, 69, 70, 71, 72, 73, 74, 75, 76, 77, 78, 79, 80, 81, 82, 83, 84, 85, 86, 87, 88, 89, 90, 91, 92, 93, 94, 95, 96, 97, 98, 99, 100]
A = [(2, 1), (1, 2), (3, 2), (2, 3), (4, 1), (1, 4), (5, 2), (2, 5), (6, 1), (1, 6), (7, 5), (5, 7), (8, 5), (5, 8), (9, 5), (5, 9), (10, 5), (5, 10), (11, 8), (8, 11), (12, 6), (6, 12), (13, 12), (12, 13), (14, 3), (3, 14), (15, 9), (9, 15), (16, 3), (3, 16), (17, 14), (14, 17), (18, 12), (12, 18), (19, 8), (8, 19), (20, 10), (10, 20), (21, 13), (13, 21), (22, 12), (12, 22), (23, 21), (21, 23), (24, 19), (19, 24), (25, 23), (23, 25), (26, 3), (3, 26), (27, 24), (24, 27), (28, 22), (22, 28), (29, 20), (20, 29), (30, 12), (12, 30), (31, 17), (17, 31), (32, 21), (21, 32), (33, 22), (22, 33), (34, 13), (13, 34), (35, 25), (25, 35), (36, 5), (5, 36), (37, 24), (24, 37), (38, 23), (23, 38), (39, 29), (29, 39), (40, 13), (13, 40), (41, 14), (14, 41), (42, 4), (4, 42), (43, 28), (28, 43), (44, 19), (19, 44), (45, 38), (38, 45), (46, 29), (29, 46), (47, 16), (16, 47), (48, 37), (37, 48), (49, 13), (13, 49), (50, 5), (5, 50), (51, 18), (18, 51), (52, 39), (39, 52), (53, 2), (2, 53), (54, 7), (7, 54), (55, 1), (1, 55), (56, 27), (27, 56), (57, 23), (23, 57), (58, 31), (31, 58), (59, 18), (18, 59), (60, 41), (41, 60), (61, 26), (26, 61), (62, 28), (28, 62), (63, 10), (10, 63), (64, 4), (4, 64), (65, 29), (29, 65), (66, 51), (51, 66), (67, 4), (4, 67), (68, 39), (39, 68), (69, 37), (37, 69), (70, 43), (43, 70), (71, 1), (1, 71), (72, 24), (24, 72), (73, 16), (16, 73), (74, 61), (61, 74), (75, 67), (67, 75), (76, 41), (41, 76), (77, 30), (30, 77), (78, 25), (25, 78), (79, 44), (44, 79), (80, 21), (21, 80), (81, 13), (13, 81), (82, 56), (56, 82), (83, 70), (70, 83), (84, 46), (46, 84), (85, 53), (53, 85), (86, 51), (51, 86), (87, 17), (17, 87), (88, 53), (53, 88), (89, 27), (27, 89), (90, 18), (18, 90), (91, 66), (66, 91), (92, 80), (80, 92), (93, 30), (30, 93), (94, 27), (27, 94), (95, 40), (40, 95), (96, 82), (82, 96), (97, 66), (66, 97), (98, 75), (75, 98), (99, 32), (32, 99), (100, 61), (61, 100)]
Z_dad = [3, 5, 12]
Y_dad = [1, 21, 24]
X_dad = [23]
Z_da-ad = [3, 5, 12]
Y_da-ad = [1, 21, 24]
X_da-ad = [23]
