no              #fail
4.264           #totTm
3.564           #lastADTm
6               #itDAD
1.000           #avItADGoal
54              #itADOpt
57              #opt
57              #optDA-AD
0.851           #tmDA
0.0             #relGain

V = [1, 2, 3, 4, 5, 6, 7, 8, 9, 10, 11, 12, 13, 14, 15, 16, 17, 18, 19, 20, 21, 22, 23, 24, 25, 26, 27, 28, 29, 30, 31, 32, 33, 34, 35, 36, 37, 38, 39, 40, 41, 42, 43, 44, 45, 46, 47, 48, 49, 50, 51, 52, 53, 54, 55, 56, 57, 58, 59, 60]
A = [(2, 1), (1, 2), (3, 2), (2, 3), (4, 1), (1, 4), (5, 2), (2, 5), (6, 5), (5, 6), (7, 4), (4, 7), (8, 5), (5, 8), (9, 1), (1, 9), (10, 3), (3, 10), (11, 5), (5, 11), (12, 4), (4, 12), (13, 8), (8, 13), (14, 9), (9, 14), (15, 14), (14, 15), (16, 6), (6, 16), (17, 7), (7, 17), (18, 10), (10, 18), (19, 8), (8, 19), (20, 13), (13, 20), (21, 2), (2, 21), (22, 14), (14, 22), (23, 13), (13, 23), (24, 11), (11, 24), (25, 18), (18, 25), (26, 15), (15, 26), (27, 21), (21, 27), (28, 26), (26, 28), (29, 12), (12, 29), (30, 19), (19, 30), (31, 24), (24, 31), (32, 19), (19, 32), (33, 14), (14, 33), (34, 22), (22, 34), (35, 1), (1, 35), (36, 1), (1, 36), (37, 7), (7, 37), (38, 31), (31, 38), (39, 14), (14, 39), (40, 3), (3, 40), (41, 34), (34, 41), (42, 6), (6, 42), (43, 15), (15, 43), (44, 24), (24, 44), (45, 26), (26, 45), (46, 10), (10, 46), (47, 43), (43, 47), (48, 14), (14, 48), (49, 10), (10, 49), (50, 3), (3, 50), (51, 40), (40, 51), (52, 23), (23, 52), (53, 10), (10, 53), (54, 41), (41, 54), (55, 41), (41, 55), (56, 41), (41, 56), (57, 31), (31, 57), (58, 1), (1, 58), (59, 53), (53, 59), (60, 21), (21, 60)]
Z_dad = [1, 5, 14]
Y_dad = [10]
X_dad = [3, 18, 53]
Z_da-ad = [2, 5, 14]
Y_da-ad = [1]
X_da-ad = [4, 9, 35]
