no              #fail
4.906           #totTm
4.160           #lastADTm
6               #itDAD
1.000           #avItADGoal
57              #itADOpt
58              #opt
58              #optDA-AD
0.624           #tmDA
0.0             #relGain

V = [1, 2, 3, 4, 5, 6, 7, 8, 9, 10, 11, 12, 13, 14, 15, 16, 17, 18, 19, 20, 21, 22, 23, 24, 25, 26, 27, 28, 29, 30, 31, 32, 33, 34, 35, 36, 37, 38, 39, 40, 41, 42, 43, 44, 45, 46, 47, 48, 49, 50, 51, 52, 53, 54, 55, 56, 57, 58, 59, 60]
A = [(2, 1), (1, 2), (3, 2), (2, 3), (4, 2), (2, 4), (5, 3), (3, 5), (6, 4), (4, 6), (7, 4), (4, 7), (8, 7), (7, 8), (9, 8), (8, 9), (10, 8), (8, 10), (11, 9), (9, 11), (12, 8), (8, 12), (13, 4), (4, 13), (14, 2), (2, 14), (15, 2), (2, 15), (16, 15), (15, 16), (17, 11), (11, 17), (18, 7), (7, 18), (19, 3), (3, 19), (20, 10), (10, 20), (21, 4), (4, 21), (22, 8), (8, 22), (23, 5), (5, 23), (24, 18), (18, 24), (25, 14), (14, 25), (26, 13), (13, 26), (27, 12), (12, 27), (28, 27), (27, 28), (29, 17), (17, 29), (30, 23), (23, 30), (31, 11), (11, 31), (32, 21), (21, 32), (33, 24), (24, 33), (34, 27), (27, 34), (35, 5), (5, 35), (36, 24), (24, 36), (37, 16), (16, 37), (38, 29), (29, 38), (39, 5), (5, 39), (40, 8), (8, 40), (41, 38), (38, 41), (42, 22), (22, 42), (43, 37), (37, 43), (44, 13), (13, 44), (45, 26), (26, 45), (46, 16), (16, 46), (47, 17), (17, 47), (48, 29), (29, 48), (49, 44), (44, 49), (50, 16), (16, 50), (51, 48), (48, 51), (52, 18), (18, 52), (53, 6), (6, 53), (54, 41), (41, 54), (55, 26), (26, 55), (56, 55), (55, 56), (57, 14), (14, 57), (58, 19), (19, 58), (59, 6), (6, 59), (60, 56), (56, 60)]
Z_dad = [3, 4, 8]
Y_dad = [16]
X_dad = [15, 37, 46]
Z_da-ad = [2, 4, 8]
Y_da-ad = [5]
X_da-ad = [3, 23, 35]
