no              #fail
4.312           #totTm
3.699           #lastADTm
5               #itDAD
1.000           #avItADGoal
55              #itADOpt
58              #opt
58              #optDA-AD
0.76            #tmDA
0.0             #relGain

V = [1, 2, 3, 4, 5, 6, 7, 8, 9, 10, 11, 12, 13, 14, 15, 16, 17, 18, 19, 20, 21, 22, 23, 24, 25, 26, 27, 28, 29, 30, 31, 32, 33, 34, 35, 36, 37, 38, 39, 40, 41, 42, 43, 44, 45, 46, 47, 48, 49, 50, 51, 52, 53, 54, 55, 56, 57, 58, 59, 60]
A = [(2, 1), (1, 2), (3, 2), (2, 3), (4, 2), (2, 4), (5, 1), (1, 5), (6, 2), (2, 6), (7, 4), (4, 7), (8, 5), (5, 8), (9, 3), (3, 9), (10, 7), (7, 10), (11, 10), (10, 11), (12, 10), (10, 12), (13, 3), (3, 13), (14, 4), (4, 14), (15, 1), (1, 15), (16, 10), (10, 16), (17, 16), (16, 17), (18, 12), (12, 18), (19, 14), (14, 19), (20, 6), (6, 20), (21, 20), (20, 21), (22, 15), (15, 22), (23, 2), (2, 23), (24, 21), (21, 24), (25, 8), (8, 25), (26, 9), (9, 26), (27, 18), (18, 27), (28, 6), (6, 28), (29, 4), (4, 29), (30, 25), (25, 30), (31, 3), (3, 31), (32, 8), (8, 32), (33, 24), (24, 33), (34, 24), (24, 34), (35, 8), (8, 35), (36, 1), (1, 36), (37, 22), (22, 37), (38, 18), (18, 38), (39, 12), (12, 39), (40, 35), (35, 40), (41, 3), (3, 41), (42, 41), (41, 42), (43, 15), (15, 43), (44, 14), (14, 44), (45, 5), (5, 45), (46, 4), (4, 46), (47, 8), (8, 47), (48, 19), (19, 48), (49, 10), (10, 49), (50, 40), (40, 50), (51, 11), (11, 51), (52, 5), (5, 52), (53, 25), (25, 53), (54, 44), (44, 54), (55, 14), (14, 55), (56, 37), (37, 56), (57, 16), (16, 57), (58, 41), (41, 58), (59, 12), (12, 59), (60, 42), (42, 60)]
Z_dad = [2, 8, 10]
Y_dad = [4]
X_dad = [7, 14, 29]
Z_da-ad = [2, 8, 10]
Y_da-ad = [4]
X_da-ad = [7, 14, 29]
