no              #fail
3.893           #totTm
3.378           #lastADTm
5               #itDAD
1.000           #avItADGoal
54              #itADOpt
57              #opt
57              #optDA-AD
0.813           #tmDA
0.0             #relGain

V = [1, 2, 3, 4, 5, 6, 7, 8, 9, 10, 11, 12, 13, 14, 15, 16, 17, 18, 19, 20, 21, 22, 23, 24, 25, 26, 27, 28, 29, 30, 31, 32, 33, 34, 35, 36, 37, 38, 39, 40, 41, 42, 43, 44, 45, 46, 47, 48, 49, 50, 51, 52, 53, 54, 55, 56, 57, 58, 59, 60]
A = [(2, 1), (1, 2), (3, 2), (2, 3), (4, 1), (1, 4), (5, 1), (1, 5), (6, 5), (5, 6), (7, 1), (1, 7), (8, 7), (7, 8), (9, 3), (3, 9), (10, 8), (8, 10), (11, 9), (9, 11), (12, 9), (9, 12), (13, 1), (1, 13), (14, 5), (5, 14), (15, 11), (11, 15), (16, 9), (9, 16), (17, 2), (2, 17), (18, 8), (8, 18), (19, 11), (11, 19), (20, 16), (16, 20), (21, 8), (8, 21), (22, 12), (12, 22), (23, 1), (1, 23), (24, 18), (18, 24), (25, 5), (5, 25), (26, 24), (24, 26), (27, 11), (11, 27), (28, 9), (9, 28), (29, 4), (4, 29), (30, 8), (8, 30), (31, 13), (13, 31), (32, 26), (26, 32), (33, 4), (4, 33), (34, 28), (28, 34), (35, 15), (15, 35), (36, 10), (10, 36), (37, 28), (28, 37), (38, 27), (27, 38), (39, 37), (37, 39), (40, 29), (29, 40), (41, 23), (23, 41), (42, 33), (33, 42), (43, 33), (33, 43), (44, 4), (4, 44), (45, 26), (26, 45), (46, 29), (29, 46), (47, 28), (28, 47), (48, 43), (43, 48), (49, 2), (2, 49), (50, 26), (26, 50), (51, 5), (5, 51), (52, 33), (33, 52), (53, 48), (48, 53), (54, 51), (51, 54), (55, 19), (19, 55), (56, 32), (32, 56), (57, 26), (26, 57), (58, 17), (17, 58), (59, 23), (23, 59), (60, 48), (48, 60)]
Z_dad = [1, 8, 9]
Y_dad = [26]
X_dad = [24, 32, 45]
Z_da-ad = [1, 8, 9]
Y_da-ad = [26]
X_da-ad = [24, 32, 45]
