no              #fail
4.842           #totTm
4.343           #lastADTm
5               #itDAD
1.000           #avItADGoal
58              #itADOpt
59              #opt
57              #optDA-AD
1.096           #tmDA
3.4             #relGain

V = [1, 2, 3, 4, 5, 6, 7, 8, 9, 10, 11, 12, 13, 14, 15, 16, 17, 18, 19, 20, 21, 22, 23, 24, 25, 26, 27, 28, 29, 30, 31, 32, 33, 34, 35, 36, 37, 38, 39, 40, 41, 42, 43, 44, 45, 46, 47, 48, 49, 50, 51, 52, 53, 54, 55, 56, 57, 58, 59, 60]
A = [(2, 1), (1, 2), (3, 2), (2, 3), (4, 2), (2, 4), (5, 4), (4, 5), (6, 4), (4, 6), (7, 6), (6, 7), (8, 7), (7, 8), (9, 5), (5, 9), (10, 8), (8, 10), (11, 4), (4, 11), (12, 4), (4, 12), (13, 5), (5, 13), (14, 8), (8, 14), (15, 1), (1, 15), (16, 10), (10, 16), (17, 10), (10, 17), (18, 2), (2, 18), (19, 4), (4, 19), (20, 17), (17, 20), (21, 19), (19, 21), (22, 19), (19, 22), (23, 17), (17, 23), (24, 3), (3, 24), (25, 14), (14, 25), (26, 8), (8, 26), (27, 17), (17, 27), (28, 9), (9, 28), (29, 25), (25, 29), (30, 24), (24, 30), (31, 20), (20, 31), (32, 17), (17, 32), (33, 18), (18, 33), (34, 3), (3, 34), (35, 31), (31, 35), (36, 10), (10, 36), (37, 17), (17, 37), (38, 13), (13, 38), (39, 35), (35, 39), (40, 15), (15, 40), (41, 28), (28, 41), (42, 22), (22, 42), (43, 39), (39, 43), (44, 28), (28, 44), (45, 35), (35, 45), (46, 19), (19, 46), (47, 38), (38, 47), (48, 24), (24, 48), (49, 43), (43, 49), (50, 33), (33, 50), (51, 22), (22, 51), (52, 13), (13, 52), (53, 1), (1, 53), (54, 38), (38, 54), (55, 31), (31, 55), (56, 54), (54, 56), (57, 17), (17, 57), (58, 16), (16, 58), (59, 40), (40, 59), (60, 26), (26, 60)]
Z_dad = [4, 8, 17]
Y_dad = [1]
X_dad = [2, 15, 53]
Z_da-ad = [2, 4, 17]
Y_da-ad = [8]
X_da-ad = [7, 10, 14]
