no              #fail
4.366           #totTm
3.728           #lastADTm
6               #itDAD
1.000           #avItADGoal
54              #itADOpt
58              #opt
58              #optDA-AD
0.725           #tmDA
0.0             #relGain

V = [1, 2, 3, 4, 5, 6, 7, 8, 9, 10, 11, 12, 13, 14, 15, 16, 17, 18, 19, 20, 21, 22, 23, 24, 25, 26, 27, 28, 29, 30, 31, 32, 33, 34, 35, 36, 37, 38, 39, 40, 41, 42, 43, 44, 45, 46, 47, 48, 49, 50, 51, 52, 53, 54, 55, 56, 57, 58, 59, 60]
A = [(2, 1), (1, 2), (3, 1), (1, 3), (4, 2), (2, 4), (5, 1), (1, 5), (6, 3), (3, 6), (7, 1), (1, 7), (8, 3), (3, 8), (9, 8), (8, 9), (10, 4), (4, 10), (11, 2), (2, 11), (12, 3), (3, 12), (13, 9), (9, 13), (14, 1), (1, 14), (15, 8), (8, 15), (16, 6), (6, 16), (17, 10), (10, 17), (18, 4), (4, 18), (19, 13), (13, 19), (20, 8), (8, 20), (21, 11), (11, 21), (22, 7), (7, 22), (23, 7), (7, 23), (24, 6), (6, 24), (25, 14), (14, 25), (26, 11), (11, 26), (27, 21), (21, 27), (28, 4), (4, 28), (29, 8), (8, 29), (30, 9), (9, 30), (31, 18), (18, 31), (32, 12), (12, 32), (33, 1), (1, 33), (34, 19), (19, 34), (35, 7), (7, 35), (36, 22), (22, 36), (37, 23), (23, 37), (38, 2), (2, 38), (39, 4), (4, 39), (40, 2), (2, 40), (41, 29), (29, 41), (42, 16), (16, 42), (43, 26), (26, 43), (44, 23), (23, 44), (45, 35), (35, 45), (46, 34), (34, 46), (47, 20), (20, 47), (48, 26), (26, 48), (49, 31), (31, 49), (50, 20), (20, 50), (51, 48), (48, 51), (52, 26), (26, 52), (53, 11), (11, 53), (54, 36), (36, 54), (55, 40), (40, 55), (56, 49), (49, 56), (57, 50), (50, 57), (58, 11), (11, 58), (59, 43), (43, 59), (60, 40), (40, 60)]
Z_dad = [1, 2, 29]
Y_dad = [4]
X_dad = [10, 18, 28]
Z_da-ad = [1, 2, 8]
Y_da-ad = [4]
X_da-ad = [10, 18, 28]
