no              #fail
4.102           #totTm
3.593           #lastADTm
5               #itDAD
1.000           #avItADGoal
58              #itADOpt
59              #opt
58              #optDA-AD
1.0             #tmDA
1.7             #relGain

V = [1, 2, 3, 4, 5, 6, 7, 8, 9, 10, 11, 12, 13, 14, 15, 16, 17, 18, 19, 20, 21, 22, 23, 24, 25, 26, 27, 28, 29, 30, 31, 32, 33, 34, 35, 36, 37, 38, 39, 40, 41, 42, 43, 44, 45, 46, 47, 48, 49, 50, 51, 52, 53, 54, 55, 56, 57, 58, 59, 60]
A = [(2, 1), (1, 2), (3, 2), (2, 3), (4, 2), (2, 4), (5, 2), (2, 5), (6, 5), (5, 6), (7, 5), (5, 7), (8, 4), (4, 8), (9, 2), (2, 9), (10, 2), (2, 10), (11, 1), (1, 11), (12, 4), (4, 12), (13, 7), (7, 13), (14, 10), (10, 14), (15, 9), (9, 15), (16, 3), (3, 16), (17, 12), (12, 17), (18, 11), (11, 18), (19, 5), (5, 19), (20, 15), (15, 20), (21, 19), (19, 21), (22, 19), (19, 22), (23, 5), (5, 23), (24, 3), (3, 24), (25, 23), (23, 25), (26, 8), (8, 26), (27, 26), (26, 27), (28, 13), (13, 28), (29, 8), (8, 29), (30, 2), (2, 30), (31, 7), (7, 31), (32, 3), (3, 32), (33, 2), (2, 33), (34, 28), (28, 34), (35, 11), (11, 35), (36, 1), (1, 36), (37, 13), (13, 37), (38, 19), (19, 38), (39, 34), (34, 39), (40, 23), (23, 40), (41, 13), (13, 41), (42, 39), (39, 42), (43, 6), (6, 43), (44, 2), (2, 44), (45, 38), (38, 45), (46, 19), (19, 46), (47, 27), (27, 47), (48, 46), (46, 48), (49, 4), (4, 49), (50, 46), (46, 50), (51, 41), (41, 51), (52, 30), (30, 52), (53, 34), (34, 53), (54, 35), (35, 54), (55, 37), (37, 55), (56, 12), (12, 56), (57, 45), (45, 57), (58, 29), (29, 58), (59, 14), (14, 59), (60, 31), (31, 60)]
Z_dad = [2, 13, 19]
Y_dad = [1]
X_dad = [11, 36]
Z_da-ad = [2, 5, 13]
Y_da-ad = [19]
X_da-ad = [21, 38, 46]
