no              #fail
3.916           #totTm
3.387           #lastADTm
5               #itDAD
1.000           #avItADGoal
57              #itADOpt
58              #opt
58              #optDA-AD
0.756           #tmDA
0.0             #relGain

V = [1, 2, 3, 4, 5, 6, 7, 8, 9, 10, 11, 12, 13, 14, 15, 16, 17, 18, 19, 20, 21, 22, 23, 24, 25, 26, 27, 28, 29, 30, 31, 32, 33, 34, 35, 36, 37, 38, 39, 40, 41, 42, 43, 44, 45, 46, 47, 48, 49, 50, 51, 52, 53, 54, 55, 56, 57, 58, 59, 60]
A = [(2, 1), (1, 2), (3, 1), (1, 3), (4, 1), (1, 4), (5, 1), (1, 5), (6, 5), (5, 6), (7, 2), (2, 7), (8, 4), (4, 8), (9, 2), (2, 9), (10, 2), (2, 10), (11, 1), (1, 11), (12, 1), (1, 12), (13, 10), (10, 13), (14, 4), (4, 14), (15, 10), (10, 15), (16, 11), (11, 16), (17, 1), (1, 17), (18, 15), (15, 18), (19, 12), (12, 19), (20, 11), (11, 20), (21, 10), (10, 21), (22, 10), (10, 22), (23, 14), (14, 23), (24, 4), (4, 24), (25, 6), (6, 25), (26, 20), (20, 26), (27, 9), (9, 27), (28, 25), (25, 28), (29, 15), (15, 29), (30, 1), (1, 30), (31, 16), (16, 31), (32, 21), (21, 32), (33, 25), (25, 33), (34, 20), (20, 34), (35, 23), (23, 35), (36, 18), (18, 36), (37, 23), (23, 37), (38, 37), (37, 38), (39, 6), (6, 39), (40, 11), (11, 40), (41, 20), (20, 41), (42, 41), (41, 42), (43, 3), (3, 43), (44, 36), (36, 44), (45, 10), (10, 45), (46, 45), (45, 46), (47, 40), (40, 47), (48, 17), (17, 48), (49, 31), (31, 49), (50, 21), (21, 50), (51, 6), (6, 51), (52, 44), (44, 52), (53, 10), (10, 53), (54, 37), (37, 54), (55, 24), (24, 55), (56, 17), (17, 56), (57, 10), (10, 57), (58, 39), (39, 58), (59, 42), (42, 59), (60, 7), (7, 60)]
Z_dad = [1, 10, 20]
Y_dad = [6]
X_dad = [5, 25, 39]
Z_da-ad = [1, 10, 11]
Y_da-ad = [6]
X_da-ad = [5, 25, 39]
