no              #fail
3.980           #totTm
3.449           #lastADTm
5               #itDAD
1.000           #avItADGoal
55              #itADOpt
58              #opt
56              #optDA-AD
0.749           #tmDA
3.4             #relGain

V = [1, 2, 3, 4, 5, 6, 7, 8, 9, 10, 11, 12, 13, 14, 15, 16, 17, 18, 19, 20, 21, 22, 23, 24, 25, 26, 27, 28, 29, 30, 31, 32, 33, 34, 35, 36, 37, 38, 39, 40, 41, 42, 43, 44, 45, 46, 47, 48, 49, 50, 51, 52, 53, 54, 55, 56, 57, 58, 59, 60]
A = [(2, 1), (1, 2), (3, 2), (2, 3), (4, 2), (2, 4), (5, 1), (1, 5), (6, 2), (2, 6), (7, 2), (2, 7), (8, 5), (5, 8), (9, 3), (3, 9), (10, 9), (9, 10), (11, 1), (1, 11), (12, 11), (11, 12), (13, 11), (11, 13), (14, 10), (10, 14), (15, 13), (13, 15), (16, 1), (1, 16), (17, 16), (16, 17), (18, 17), (17, 18), (19, 17), (17, 19), (20, 3), (3, 20), (21, 19), (19, 21), (22, 11), (11, 22), (23, 9), (9, 23), (24, 4), (4, 24), (25, 23), (23, 25), (26, 9), (9, 26), (27, 3), (3, 27), (28, 12), (12, 28), (29, 24), (24, 29), (30, 5), (5, 30), (31, 19), (19, 31), (32, 16), (16, 32), (33, 29), (29, 33), (34, 13), (13, 34), (35, 16), (16, 35), (36, 10), (10, 36), (37, 19), (19, 37), (38, 2), (2, 38), (39, 8), (8, 39), (40, 33), (33, 40), (41, 29), (29, 41), (42, 1), (1, 42), (43, 11), (11, 43), (44, 27), (27, 44), (45, 29), (29, 45), (46, 2), (2, 46), (47, 25), (25, 47), (48, 11), (11, 48), (49, 6), (6, 49), (50, 6), (6, 50), (51, 32), (32, 51), (52, 24), (24, 52), (53, 25), (25, 53), (54, 23), (23, 54), (55, 46), (46, 55), (56, 55), (55, 56), (57, 15), (15, 57), (58, 11), (11, 58), (59, 43), (43, 59), (60, 10), (10, 60)]
Z_dad = [2, 10, 11]
Y_dad = [19]
X_dad = [17, 21, 31]
Z_da-ad = [1, 3, 4]
Y_da-ad = [11]
X_da-ad = [12, 13, 43]
