no              #fail
4.137           #totTm
3.631           #lastADTm
5               #itDAD
1.000           #avItADGoal
55              #itADOpt
58              #opt
58              #optDA-AD
0.977           #tmDA
0.0             #relGain

V = [1, 2, 3, 4, 5, 6, 7, 8, 9, 10, 11, 12, 13, 14, 15, 16, 17, 18, 19, 20, 21, 22, 23, 24, 25, 26, 27, 28, 29, 30, 31, 32, 33, 34, 35, 36, 37, 38, 39, 40, 41, 42, 43, 44, 45, 46, 47, 48, 49, 50, 51, 52, 53, 54, 55, 56, 57, 58, 59, 60]
A = [(2, 1), (1, 2), (3, 1), (1, 3), (4, 1), (1, 4), (5, 1), (1, 5), (6, 3), (3, 6), (7, 5), (5, 7), (8, 5), (5, 8), (9, 8), (8, 9), (10, 5), (5, 10), (11, 7), (7, 11), (12, 8), (8, 12), (13, 3), (3, 13), (14, 2), (2, 14), (15, 11), (11, 15), (16, 8), (8, 16), (17, 12), (12, 17), (18, 12), (12, 18), (19, 11), (11, 19), (20, 5), (5, 20), (21, 3), (3, 21), (22, 3), (3, 22), (23, 16), (16, 23), (24, 21), (21, 24), (25, 23), (23, 25), (26, 17), (17, 26), (27, 11), (11, 27), (28, 5), (5, 28), (29, 14), (14, 29), (30, 9), (9, 30), (31, 19), (19, 31), (32, 24), (24, 32), (33, 30), (30, 33), (34, 31), (31, 34), (35, 24), (24, 35), (36, 5), (5, 36), (37, 26), (26, 37), (38, 1), (1, 38), (39, 18), (18, 39), (40, 28), (28, 40), (41, 32), (32, 41), (42, 6), (6, 42), (43, 35), (35, 43), (44, 29), (29, 44), (45, 30), (30, 45), (46, 5), (5, 46), (47, 16), (16, 47), (48, 4), (4, 48), (49, 13), (13, 49), (50, 18), (18, 50), (51, 46), (46, 51), (52, 4), (4, 52), (53, 41), (41, 53), (54, 4), (4, 54), (55, 19), (19, 55), (56, 8), (8, 56), (57, 24), (24, 57), (58, 45), (45, 58), (59, 39), (39, 59), (60, 44), (44, 60)]
Z_dad = [3, 5, 11]
Y_dad = [4]
X_dad = [1, 48, 52]
Z_da-ad = [3, 5, 8]
Y_da-ad = [11]
X_da-ad = [7, 15, 19]
