no              #fail
3.848           #totTm
3.285           #lastADTm
5               #itDAD
1.000           #avItADGoal
55              #itADOpt
58              #opt
58              #optDA-AD
0.779           #tmDA
0.0             #relGain

V = [1, 2, 3, 4, 5, 6, 7, 8, 9, 10, 11, 12, 13, 14, 15, 16, 17, 18, 19, 20, 21, 22, 23, 24, 25, 26, 27, 28, 29, 30, 31, 32, 33, 34, 35, 36, 37, 38, 39, 40, 41, 42, 43, 44, 45, 46, 47, 48, 49, 50, 51, 52, 53, 54, 55, 56, 57, 58, 59, 60]
A = [(2, 1), (1, 2), (3, 1), (1, 3), (4, 1), (1, 4), (5, 2), (2, 5), (6, 3), (3, 6), (7, 4), (4, 7), (8, 2), (2, 8), (9, 8), (8, 9), (10, 4), (4, 10), (11, 2), (2, 11), (12, 4), (4, 12), (13, 5), (5, 13), (14, 12), (12, 14), (15, 13), (13, 15), (16, 7), (7, 16), (17, 2), (2, 17), (18, 4), (4, 18), (19, 16), (16, 19), (20, 3), (3, 20), (21, 20), (20, 21), (22, 8), (8, 22), (23, 18), (18, 23), (24, 13), (13, 24), (25, 13), (13, 25), (26, 14), (14, 26), (27, 15), (15, 27), (28, 13), (13, 28), (29, 28), (28, 29), (30, 10), (10, 30), (31, 9), (9, 31), (32, 23), (23, 32), (33, 23), (23, 33), (34, 3), (3, 34), (35, 18), (18, 35), (36, 10), (10, 36), (37, 14), (14, 37), (38, 33), (33, 38), (39, 23), (23, 39), (40, 15), (15, 40), (41, 28), (28, 41), (42, 38), (38, 42), (43, 4), (4, 43), (44, 20), (20, 44), (45, 15), (15, 45), (46, 11), (11, 46), (47, 24), (24, 47), (48, 27), (27, 48), (49, 30), (30, 49), (50, 10), (10, 50), (51, 43), (43, 51), (52, 33), (33, 52), (53, 17), (17, 53), (54, 44), (44, 54), (55, 49), (49, 55), (56, 28), (28, 56), (57, 5), (5, 57), (58, 45), (45, 58), (59, 14), (14, 59), (60, 2), (2, 60)]
Z_dad = [2, 4, 13]
Y_dad = [14]
X_dad = [12, 26, 37]
Z_da-ad = [2, 4, 13]
Y_da-ad = [14]
X_da-ad = [12, 26, 37]
