no              #fail
4.851           #totTm
4.320           #lastADTm
5               #itDAD
1.000           #avItADGoal
57              #itADOpt
58              #opt
57              #optDA-AD
0.702           #tmDA
1.7             #relGain

V = [1, 2, 3, 4, 5, 6, 7, 8, 9, 10, 11, 12, 13, 14, 15, 16, 17, 18, 19, 20, 21, 22, 23, 24, 25, 26, 27, 28, 29, 30, 31, 32, 33, 34, 35, 36, 37, 38, 39, 40, 41, 42, 43, 44, 45, 46, 47, 48, 49, 50, 51, 52, 53, 54, 55, 56, 57, 58, 59, 60]
A = [(2, 1), (1, 2), (3, 2), (2, 3), (4, 2), (2, 4), (5, 2), (2, 5), (6, 1), (1, 6), (7, 4), (4, 7), (8, 1), (1, 8), (9, 2), (2, 9), (10, 5), (5, 10), (11, 1), (1, 11), (12, 3), (3, 12), (13, 4), (4, 13), (14, 8), (8, 14), (15, 2), (2, 15), (16, 12), (12, 16), (17, 16), (16, 17), (18, 13), (13, 18), (19, 1), (1, 19), (20, 15), (15, 20), (21, 6), (6, 21), (22, 5), (5, 22), (23, 22), (22, 23), (24, 6), (6, 24), (25, 13), (13, 25), (26, 24), (24, 26), (27, 19), (19, 27), (28, 22), (22, 28), (29, 14), (14, 29), (30, 28), (28, 30), (31, 28), (28, 31), (32, 16), (16, 32), (33, 6), (6, 33), (34, 25), (25, 34), (35, 29), (29, 35), (36, 27), (27, 36), (37, 19), (19, 37), (38, 7), (7, 38), (39, 14), (14, 39), (40, 10), (10, 40), (41, 5), (5, 41), (42, 41), (41, 42), (43, 6), (6, 43), (44, 10), (10, 44), (45, 29), (29, 45), (46, 15), (15, 46), (47, 26), (26, 47), (48, 17), (17, 48), (49, 5), (5, 49), (50, 21), (21, 50), (51, 7), (7, 51), (52, 45), (45, 52), (53, 50), (50, 53), (54, 13), (13, 54), (55, 3), (3, 55), (56, 26), (26, 56), (57, 6), (6, 57), (58, 10), (10, 58), (59, 42), (42, 59), (60, 55), (55, 60)]
Z_dad = [2, 6, 10]
Y_dad = [13]
X_dad = [4, 18, 25]
Z_da-ad = [1, 2, 22]
Y_da-ad = [6]
X_da-ad = [21, 24, 33]
