no              #fail
4.121           #totTm
3.581           #lastADTm
5               #itDAD
1.000           #avItADGoal
54              #itADOpt
58              #opt
58              #optDA-AD
0.725           #tmDA
0.0             #relGain

V = [1, 2, 3, 4, 5, 6, 7, 8, 9, 10, 11, 12, 13, 14, 15, 16, 17, 18, 19, 20, 21, 22, 23, 24, 25, 26, 27, 28, 29, 30, 31, 32, 33, 34, 35, 36, 37, 38, 39, 40, 41, 42, 43, 44, 45, 46, 47, 48, 49, 50, 51, 52, 53, 54, 55, 56, 57, 58, 59, 60]
A = [(2, 1), (1, 2), (3, 1), (1, 3), (4, 3), (3, 4), (5, 4), (4, 5), (6, 1), (1, 6), (7, 2), (2, 7), (8, 2), (2, 8), (9, 4), (4, 9), (10, 2), (2, 10), (11, 6), (6, 11), (12, 5), (5, 12), (13, 5), (5, 13), (14, 10), (10, 14), (15, 14), (14, 15), (16, 14), (14, 16), (17, 6), (6, 17), (18, 13), (13, 18), (19, 4), (4, 19), (20, 13), (13, 20), (21, 13), (13, 21), (22, 14), (14, 22), (23, 12), (12, 23), (24, 11), (11, 24), (25, 3), (3, 25), (26, 21), (21, 26), (27, 7), (7, 27), (28, 11), (11, 28), (29, 15), (15, 29), (30, 5), (5, 30), (31, 22), (22, 31), (32, 4), (4, 32), (33, 15), (15, 33), (34, 1), (1, 34), (35, 19), (19, 35), (36, 23), (23, 36), (37, 17), (17, 37), (38, 23), (23, 38), (39, 36), (36, 39), (40, 34), (34, 40), (41, 36), (36, 41), (42, 6), (6, 42), (43, 22), (22, 43), (44, 22), (22, 44), (45, 21), (21, 45), (46, 40), (40, 46), (47, 14), (14, 47), (48, 43), (43, 48), (49, 1), (1, 49), (50, 38), (38, 50), (51, 9), (9, 51), (52, 16), (16, 52), (53, 27), (27, 53), (54, 2), (2, 54), (55, 5), (5, 55), (56, 36), (36, 56), (57, 38), (38, 57), (58, 18), (18, 58), (59, 24), (24, 59), (60, 31), (31, 60)]
Z_dad = [1, 4, 14]
Y_dad = [2]
X_dad = [7, 8, 10]
Z_da-ad = [1, 5, 14]
Y_da-ad = [2]
X_da-ad = [7, 8, 10]
