no              #fail
4.237           #totTm
3.727           #lastADTm
5               #itDAD
1.000           #avItADGoal
57              #itADOpt
58              #opt
56              #optDA-AD
0.543           #tmDA
3.4             #relGain

V = [1, 2, 3, 4, 5, 6, 7, 8, 9, 10, 11, 12, 13, 14, 15, 16, 17, 18, 19, 20, 21, 22, 23, 24, 25, 26, 27, 28, 29, 30, 31, 32, 33, 34, 35, 36, 37, 38, 39, 40, 41, 42, 43, 44, 45, 46, 47, 48, 49, 50, 51, 52, 53, 54, 55, 56, 57, 58, 59, 60]
A = [(2, 1), (1, 2), (3, 2), (2, 3), (4, 3), (3, 4), (5, 1), (1, 5), (6, 2), (2, 6), (7, 3), (3, 7), (8, 2), (2, 8), (9, 6), (6, 9), (10, 1), (1, 10), (11, 8), (8, 11), (12, 5), (5, 12), (13, 11), (11, 13), (14, 12), (12, 14), (15, 9), (9, 15), (16, 14), (14, 16), (17, 6), (6, 17), (18, 13), (13, 18), (19, 5), (5, 19), (20, 2), (2, 20), (21, 10), (10, 21), (22, 15), (15, 22), (23, 7), (7, 23), (24, 11), (11, 24), (25, 13), (13, 25), (26, 14), (14, 26), (27, 13), (13, 27), (28, 17), (17, 28), (29, 21), (21, 29), (30, 7), (7, 30), (31, 8), (8, 31), (32, 22), (22, 32), (33, 28), (28, 33), (34, 12), (12, 34), (35, 33), (33, 35), (36, 25), (25, 36), (37, 13), (13, 37), (38, 16), (16, 38), (39, 29), (29, 39), (40, 3), (3, 40), (41, 3), (3, 41), (42, 20), (20, 42), (43, 4), (4, 43), (44, 32), (32, 44), (45, 5), (5, 45), (46, 10), (10, 46), (47, 38), (38, 47), (48, 18), (18, 48), (49, 8), (8, 49), (50, 13), (13, 50), (51, 13), (13, 51), (52, 51), (51, 52), (53, 2), (2, 53), (54, 3), (3, 54), (55, 47), (47, 55), (56, 4), (4, 56), (57, 39), (39, 57), (58, 34), (34, 58), (59, 40), (40, 59), (60, 49), (49, 60)]
Z_dad = [2, 3, 13]
Y_dad = [5]
X_dad = [1, 12, 19]
Z_da-ad = [2, 5, 11]
Y_da-ad = [13]
X_da-ad = [18, 25, 51]
