no              #fail
4.222           #totTm
3.669           #lastADTm
5               #itDAD
1.000           #avItADGoal
57              #itADOpt
58              #opt
58              #optDA-AD
0.942           #tmDA
0.0             #relGain

V = [1, 2, 3, 4, 5, 6, 7, 8, 9, 10, 11, 12, 13, 14, 15, 16, 17, 18, 19, 20, 21, 22, 23, 24, 25, 26, 27, 28, 29, 30, 31, 32, 33, 34, 35, 36, 37, 38, 39, 40, 41, 42, 43, 44, 45, 46, 47, 48, 49, 50, 51, 52, 53, 54, 55, 56, 57, 58, 59, 60]
A = [(2, 1), (1, 2), (3, 1), (1, 3), (4, 2), (2, 4), (5, 1), (1, 5), (6, 5), (5, 6), (7, 1), (1, 7), (8, 3), (3, 8), (9, 2), (2, 9), (10, 3), (3, 10), (11, 2), (2, 11), (12, 9), (9, 12), (13, 1), (1, 13), (14, 12), (12, 14), (15, 7), (7, 15), (16, 1), (1, 16), (17, 10), (10, 17), (18, 12), (12, 18), (19, 5), (5, 19), (20, 14), (14, 20), (21, 13), (13, 21), (22, 1), (1, 22), (23, 20), (20, 23), (24, 12), (12, 24), (25, 16), (16, 25), (26, 20), (20, 26), (27, 23), (23, 27), (28, 4), (4, 28), (29, 23), (23, 29), (30, 7), (7, 30), (31, 11), (11, 31), (32, 6), (6, 32), (33, 7), (7, 33), (34, 3), (3, 34), (35, 9), (9, 35), (36, 5), (5, 36), (37, 32), (32, 37), (38, 34), (34, 38), (39, 19), (19, 39), (40, 34), (34, 40), (41, 40), (40, 41), (42, 38), (38, 42), (43, 16), (16, 43), (44, 22), (22, 44), (45, 20), (20, 45), (46, 26), (26, 46), (47, 29), (29, 47), (48, 24), (24, 48), (49, 24), (24, 49), (50, 28), (28, 50), (51, 15), (15, 51), (52, 2), (2, 52), (53, 45), (45, 53), (54, 24), (24, 54), (55, 24), (24, 55), (56, 8), (8, 56), (57, 55), (55, 57), (58, 45), (45, 58), (59, 56), (56, 59), (60, 21), (21, 60)]
Z_dad = [1, 20, 24]
Y_dad = [2]
X_dad = [4, 9, 11]
Z_da-ad = [1, 8, 12]
Y_da-ad = [2]
X_da-ad = [4, 9, 11]
