no              #fail
70.674          #totTm
0.627           #lastADTm
10              #itDAD
2.556           #avItADGoal
4               #itADOpt
5               #opt
5               #optDA-AD
0.658           #tmDA
0.0             #relGain

V = [1, 2, 3, 4, 5, 6, 7, 8, 9, 10, 11, 12, 13, 14, 15, 16, 17, 18, 19, 20, 21, 22, 23, 24, 25, 26, 27, 28, 29, 30, 31, 32, 33, 34, 35, 36, 37, 38, 39, 40]
A = [(1, 10), (10, 1), (1, 17), (17, 1), (1, 18), (18, 1), (1, 28), (28, 1), (1, 38), (38, 1), (2, 11), (11, 2), (2, 14), (14, 2), (2, 28), (28, 2), (3, 16), (16, 3), (3, 21), (21, 3), (4, 25), (25, 4), (4, 26), (26, 4), (4, 27), (27, 4), (5, 18), (18, 5), (5, 24), (24, 5), (5, 32), (32, 5), (5, 38), (38, 5), (6, 9), (9, 6), (6, 12), (12, 6), (6, 16), (16, 6), (6, 20), (20, 6), (6, 33), (33, 6), (7, 21), (21, 7), (7, 39), (39, 7), (8, 9), (9, 8), (8, 31), (31, 8), (8, 35), (35, 8), (9, 31), (31, 9), (9, 40), (40, 9), (10, 13), (13, 10), (10, 17), (17, 10), (10, 37), (37, 10), (10, 38), (38, 10), (11, 24), (24, 11), (11, 31), (31, 11), (11, 32), (32, 11), (11, 37), (37, 11), (12, 13), (13, 12), (12, 16), (16, 12), (12, 29), (29, 12), (13, 29), (29, 13), (13, 40), (40, 13), (14, 24), (24, 14), (14, 25), (25, 14), (14, 26), (26, 14), (14, 32), (32, 14), (14, 36), (36, 14), (14, 37), (37, 14), (15, 20), (20, 15), (15, 23), (23, 15), (15, 24), (24, 15), (15, 25), (25, 15), (15, 30), (30, 15), (16, 23), (23, 16), (16, 39), (39, 16), (16, 40), (40, 16), (17, 21), (21, 17), (17, 22), (22, 17), (17, 31), (31, 17), (17, 37), (37, 17), (17, 40), (40, 17), (18, 25), (25, 18), (18, 28), (28, 18), (18, 29), (29, 18), (18, 39), (39, 18), (19, 21), (21, 19), (19, 25), (25, 19), (19, 30), (30, 19), (20, 22), (22, 20), (20, 23), (23, 20), (20, 27), (27, 20), (20, 34), (34, 20), (20, 36), (36, 20), (21, 28), (28, 21), (21, 31), (31, 21), (22, 24), (24, 22), (22, 25), (25, 22), (22, 28), (28, 22), (22, 38), (38, 22), (24, 27), (27, 24), (24, 37), (37, 24), (24, 38), (38, 24), (24, 39), (39, 24), (24, 40), (40, 24), (25, 32), (32, 25), (25, 34), (34, 25), (26, 28), (28, 26), (26, 30), (30, 26), (27, 34), (34, 27), (28, 30), (30, 28), (28, 35), (35, 28), (29, 34), (34, 29), (29, 35), (35, 29), (29, 40), (40, 29), (30, 40), (40, 30), (33, 35), (35, 33), (33, 36), (36, 33), (33, 39), (39, 33), (34, 35), (35, 34), (34, 36), (36, 34), (39, 40), (40, 39)]
Z_dad = [11, 14]
Y_dad = [25, 40]
X_dad = [10, 28]
Z_da-ad = [21, 39]
Y_da-ad = [7, 30]
X_da-ad = [16, 40]
