no              #fail
15.052          #totTm
1.138           #lastADTm
7               #itDAD
2.000           #avItADGoal
10              #itADOpt
6               #opt
6               #optDA-AD
0.599           #tmDA
0.0             #relGain

V = [1, 2, 3, 4, 5, 6, 7, 8, 9, 10, 11, 12, 13, 14, 15, 16, 17, 18, 19, 20, 21, 22, 23, 24, 25, 26, 27, 28, 29, 30, 31, 32, 33, 34, 35, 36, 37, 38, 39, 40]
A = [(1, 21), (21, 1), (1, 26), (26, 1), (1, 28), (28, 1), (1, 29), (29, 1), (2, 24), (24, 2), (2, 25), (25, 2), (2, 27), (27, 2), (2, 32), (32, 2), (3, 8), (8, 3), (3, 15), (15, 3), (3, 39), (39, 3), (4, 12), (12, 4), (4, 14), (14, 4), (4, 15), (15, 4), (4, 24), (24, 4), (4, 25), (25, 4), (4, 27), (27, 4), (4, 36), (36, 4), (5, 6), (6, 5), (5, 10), (10, 5), (5, 12), (12, 5), (5, 31), (31, 5), (6, 8), (8, 6), (6, 25), (25, 6), (6, 26), (26, 6), (6, 28), (28, 6), (7, 9), (9, 7), (7, 28), (28, 7), (7, 33), (33, 7), (7, 36), (36, 7), (8, 21), (21, 8), (8, 33), (33, 8), (9, 10), (10, 9), (9, 14), (14, 9), (9, 39), (39, 9), (10, 23), (23, 10), (10, 25), (25, 10), (10, 28), (28, 10), (12, 16), (16, 12), (12, 21), (21, 12), (12, 27), (27, 12), (12, 40), (40, 12), (13, 18), (18, 13), (13, 21), (21, 13), (13, 37), (37, 13), (14, 15), (15, 14), (14, 17), (17, 14), (14, 21), (21, 14), (14, 24), (24, 14), (14, 26), (26, 14), (14, 31), (31, 14), (14, 33), (33, 14), (15, 30), (30, 15), (16, 22), (22, 16), (16, 23), (23, 16), (16, 26), (26, 16), (16, 29), (29, 16), (16, 30), (30, 16), (16, 39), (39, 16), (17, 29), (29, 17), (17, 38), (38, 17), (18, 19), (19, 18), (18, 31), (31, 18), (18, 38), (38, 18), (19, 24), (24, 19), (19, 26), (26, 19), (19, 36), (36, 19), (20, 25), (25, 20), (20, 29), (29, 20), (20, 34), (34, 20), (20, 36), (36, 20), (20, 38), (38, 20), (20, 40), (40, 20), (21, 33), (33, 21), (21, 34), (34, 21), (22, 31), (31, 22), (22, 33), (33, 22), (23, 24), (24, 23), (23, 36), (36, 23), (23, 38), (38, 23), (24, 31), (31, 24), (24, 33), (33, 24), (24, 34), (34, 24), (24, 39), (39, 24), (25, 32), (32, 25), (26, 32), (32, 26), (26, 40), (40, 26), (27, 29), (29, 27), (27, 38), (38, 27), (28, 35), (35, 28), (29, 37), (37, 29), (30, 31), (31, 30), (30, 32), (32, 30), (31, 33), (33, 31), (32, 36), (36, 32), (33, 35), (35, 33), (33, 36), (36, 33), (34, 36), (36, 34), (34, 40), (40, 34), (37, 38), (38, 37), (37, 40), (40, 37)]
Z_dad = [28, 33]
Y_dad = [31, 36]
X_dad = [7, 30]
Z_da-ad = [28, 33]
Y_da-ad = [9, 11]
X_da-ad = [16, 31]
