no              #fail
353.830         #totTm
1.489           #lastADTm
18              #itDAD
4.412           #avItADGoal
15              #itADOpt
8               #opt
7               #optDA-AD
1.047           #tmDA
12.5            #relGain

V = [1, 2, 3, 4, 5, 6, 7, 8, 9, 10, 11, 12, 13, 14, 15, 16, 17, 18, 19, 20, 21, 22, 23, 24, 25, 26, 27, 28, 29, 30, 31, 32, 33, 34, 35, 36, 37, 38, 39, 40]
A = [(1, 5), (5, 1), (1, 19), (19, 1), (1, 25), (25, 1), (1, 29), (29, 1), (1, 33), (33, 1), (2, 3), (3, 2), (2, 7), (7, 2), (2, 20), (20, 2), (2, 22), (22, 2), (2, 34), (34, 2), (3, 4), (4, 3), (3, 6), (6, 3), (3, 29), (29, 3), (3, 31), (31, 3), (3, 36), (36, 3), (4, 27), (27, 4), (4, 30), (30, 4), (5, 12), (12, 5), (5, 23), (23, 5), (5, 26), (26, 5), (5, 33), (33, 5), (5, 34), (34, 5), (5, 36), (36, 5), (5, 38), (38, 5), (6, 9), (9, 6), (6, 17), (17, 6), (6, 22), (22, 6), (6, 23), (23, 6), (6, 26), (26, 6), (6, 30), (30, 6), (6, 36), (36, 6), (7, 12), (12, 7), (7, 18), (18, 7), (7, 32), (32, 7), (7, 36), (36, 7), (8, 10), (10, 8), (8, 14), (14, 8), (8, 16), (16, 8), (8, 26), (26, 8), (8, 29), (29, 8), (8, 31), (31, 8), (8, 33), (33, 8), (8, 34), (34, 8), (8, 38), (38, 8), (9, 16), (16, 9), (9, 21), (21, 9), (9, 22), (22, 9), (9, 23), (23, 9), (9, 24), (24, 9), (9, 31), (31, 9), (9, 33), (33, 9), (10, 16), (16, 10), (10, 31), (31, 10), (11, 15), (15, 11), (11, 19), (19, 11), (11, 38), (38, 11), (12, 16), (16, 12), (12, 35), (35, 12), (13, 26), (26, 13), (13, 27), (27, 13), (13, 29), (29, 13), (13, 31), (31, 13), (13, 33), (33, 13), (14, 16), (16, 14), (14, 26), (26, 14), (14, 30), (30, 14), (15, 38), (38, 15), (16, 33), (33, 16), (17, 19), (19, 17), (17, 26), (26, 17), (17, 34), (34, 17), (18, 20), (20, 18), (18, 34), (34, 18), (18, 36), (36, 18), (19, 20), (20, 19), (19, 31), (31, 19), (19, 35), (35, 19), (20, 25), (25, 20), (20, 31), (31, 20), (21, 32), (32, 21), (22, 26), (26, 22), (22, 28), (28, 22), (22, 36), (36, 22), (22, 38), (38, 22), (24, 25), (25, 24), (24, 27), (27, 24), (24, 32), (32, 24), (24, 35), (35, 24), (25, 31), (31, 25), (25, 35), (35, 25), (25, 36), (36, 25), (26, 27), (27, 26), (26, 32), (32, 26), (27, 29), (29, 27), (27, 32), (32, 27), (27, 36), (36, 27), (28, 36), (36, 28), (28, 39), (39, 28), (30, 31), (31, 30), (33, 35), (35, 33), (35, 38), (38, 35)]
Z_dad = [9, 32]
Y_dad = [19, 36]
X_dad = [1, 28]
Z_da-ad = [19, 38]
Y_da-ad = [15, 36]
X_da-ad = [11, 28]
