no              #fail
10.337          #totTm
1.248           #lastADTm
7               #itDAD
2.167           #avItADGoal
10              #itADOpt
6               #opt
6               #optDA-AD
0.638           #tmDA
0.0             #relGain

V = [1, 2, 3, 4, 5, 6, 7, 8, 9, 10, 11, 12, 13, 14, 15, 16, 17, 18, 19, 20, 21, 22, 23, 24, 25, 26, 27, 28, 29, 30, 31, 32, 33, 34, 35, 36, 37, 38, 39, 40]
A = [(1, 4), (4, 1), (1, 12), (12, 1), (1, 16), (16, 1), (1, 22), (22, 1), (1, 24), (24, 1), (2, 3), (3, 2), (2, 8), (8, 2), (2, 10), (10, 2), (2, 11), (11, 2), (2, 14), (14, 2), (2, 20), (20, 2), (3, 8), (8, 3), (3, 12), (12, 3), (3, 21), (21, 3), (3, 26), (26, 3), (4, 5), (5, 4), (4, 6), (6, 4), (4, 12), (12, 4), (4, 13), (13, 4), (4, 16), (16, 4), (4, 17), (17, 4), (4, 19), (19, 4), (4, 29), (29, 4), (5, 14), (14, 5), (5, 15), (15, 5), (5, 28), (28, 5), (5, 31), (31, 5), (5, 38), (38, 5), (5, 39), (39, 5), (5, 40), (40, 5), (6, 15), (15, 6), (6, 30), (30, 6), (6, 40), (40, 6), (7, 11), (11, 7), (7, 20), (20, 7), (7, 22), (22, 7), (7, 27), (27, 7), (7, 39), (39, 7), (8, 16), (16, 8), (8, 19), (19, 8), (8, 27), (27, 8), (8, 36), (36, 8), (9, 36), (36, 9), (10, 13), (13, 10), (10, 21), (21, 10), (10, 28), (28, 10), (10, 30), (30, 10), (10, 33), (33, 10), (10, 36), (36, 10), (10, 40), (40, 10), (11, 16), (16, 11), (11, 17), (17, 11), (11, 24), (24, 11), (12, 20), (20, 12), (12, 26), (26, 12), (13, 16), (16, 13), (13, 21), (21, 13), (13, 28), (28, 13), (13, 37), (37, 13), (13, 38), (38, 13), (14, 26), (26, 14), (14, 29), (29, 14), (14, 30), (30, 14), (14, 32), (32, 14), (16, 21), (21, 16), (16, 24), (24, 16), (16, 37), (37, 16), (17, 27), (27, 17), (18, 32), (32, 18), (18, 33), (33, 18), (18, 34), (34, 18), (19, 22), (22, 19), (19, 26), (26, 19), (19, 35), (35, 19), (19, 36), (36, 19), (20, 32), (32, 20), (20, 37), (37, 20), (21, 26), (26, 21), (21, 30), (30, 21), (21, 35), (35, 21), (21, 37), (37, 21), (22, 38), (38, 22), (23, 30), (30, 23), (24, 36), (36, 24), (24, 37), (37, 24), (24, 40), (40, 24), (25, 35), (35, 25), (25, 37), (37, 25), (26, 28), (28, 26), (26, 29), (29, 26), (26, 37), (37, 26), (28, 30), (30, 28), (28, 34), (34, 28), (28, 40), (40, 28), (31, 34), (34, 31), (31, 35), (35, 31), (32, 36), (36, 32), (34, 35), (35, 34), (34, 39), (39, 34), (37, 40), (40, 37), (38, 40), (40, 38)]
Z_dad = [10, 30]
Y_dad = [4, 18]
X_dad = [2, 36]
Z_da-ad = [30, 36]
Y_da-ad = [6, 23]
X_da-ad = [10, 18]
