no              #fail
14.665          #totTm
1.197           #lastADTm
9               #itDAD
1.750           #avItADGoal
9               #itADOpt
6               #opt
5               #optDA-AD
3.74            #tmDA
16.7            #relGain

V = [1, 2, 3, 4, 5, 6, 7, 8, 9, 10, 11, 12, 13, 14, 15, 16, 17, 18, 19, 20, 21, 22, 23, 24, 25, 26, 27, 28, 29, 30, 31, 32, 33, 34, 35, 36, 37, 38, 39, 40]
A = [(1, 2), (2, 1), (1, 9), (9, 1), (1, 12), (12, 1), (1, 14), (14, 1), (1, 39), (39, 1), (2, 14), (14, 2), (2, 19), (19, 2), (2, 21), (21, 2), (2, 22), (22, 2), (2, 24), (24, 2), (2, 28), (28, 2), (2, 35), (35, 2), (3, 7), (7, 3), (3, 11), (11, 3), (3, 12), (12, 3), (3, 25), (25, 3), (3, 30), (30, 3), (3, 32), (32, 3), (4, 13), (13, 4), (4, 25), (25, 4), (4, 34), (34, 4), (4, 36), (36, 4), (5, 8), (8, 5), (5, 13), (13, 5), (5, 14), (14, 5), (5, 17), (17, 5), (5, 25), (25, 5), (5, 32), (32, 5), (5, 38), (38, 5), (5, 40), (40, 5), (6, 8), (8, 6), (6, 9), (9, 6), (6, 17), (17, 6), (6, 23), (23, 6), (6, 27), (27, 6), (6, 39), (39, 6), (7, 8), (8, 7), (7, 9), (9, 7), (7, 19), (19, 7), (7, 27), (27, 7), (7, 30), (30, 7), (7, 37), (37, 7), (8, 16), (16, 8), (8, 18), (18, 8), (8, 40), (40, 8), (9, 12), (12, 9), (9, 14), (14, 9), (9, 16), (16, 9), (9, 17), (17, 9), (9, 23), (23, 9), (9, 24), (24, 9), (9, 26), (26, 9), (9, 30), (30, 9), (9, 35), (35, 9), (10, 12), (12, 10), (10, 19), (19, 10), (10, 20), (20, 10), (10, 24), (24, 10), (10, 29), (29, 10), (10, 30), (30, 10), (10, 31), (31, 10), (10, 38), (38, 10), (11, 18), (18, 11), (12, 15), (15, 12), (12, 30), (30, 12), (12, 35), (35, 12), (12, 36), (36, 12), (13, 21), (21, 13), (13, 34), (34, 13), (13, 39), (39, 13), (14, 19), (19, 14), (14, 40), (40, 14), (16, 39), (39, 16), (17, 27), (27, 17), (18, 30), (30, 18), (18, 39), (39, 18), (18, 40), (40, 18), (19, 27), (27, 19), (20, 34), (34, 20), (21, 24), (24, 21), (21, 27), (27, 21), (21, 33), (33, 21), (22, 35), (35, 22), (22, 37), (37, 22), (22, 40), (40, 22), (23, 31), (31, 23), (23, 36), (36, 23), (24, 35), (35, 24), (24, 36), (36, 24), (25, 28), (28, 25), (25, 37), (37, 25), (26, 38), (38, 26), (27, 28), (28, 27), (27, 31), (31, 27), (27, 38), (38, 27), (27, 39), (39, 27), (29, 32), (32, 29), (30, 33), (33, 30), (30, 40), (40, 30), (31, 37), (37, 31), (36, 37), (37, 36)]
Z_dad = [10, 12]
Y_dad = [9, 15]
X_dad = [32, 34]
Z_da-ad = [3, 18]
Y_da-ad = [10, 11]
X_da-ad = [9, 12]
