no              #fail
197.837         #totTm
0.971           #lastADTm
12              #itDAD
3.727           #avItADGoal
9               #itADOpt
6               #opt
6               #optDA-AD
0.819           #tmDA
0.0             #relGain

V = [1, 2, 3, 4, 5, 6, 7, 8, 9, 10, 11, 12, 13, 14, 15, 16, 17, 18, 19, 20, 21, 22, 23, 24, 25, 26, 27, 28, 29, 30, 31, 32, 33, 34, 35, 36, 37, 38, 39, 40]
A = [(1, 4), (4, 1), (1, 6), (6, 1), (1, 14), (14, 1), (1, 20), (20, 1), (1, 27), (27, 1), (1, 31), (31, 1), (1, 34), (34, 1), (2, 10), (10, 2), (2, 15), (15, 2), (3, 6), (6, 3), (3, 10), (10, 3), (3, 17), (17, 3), (3, 24), (24, 3), (3, 26), (26, 3), (3, 29), (29, 3), (3, 33), (33, 3), (3, 37), (37, 3), (5, 14), (14, 5), (5, 36), (36, 5), (6, 17), (17, 6), (6, 19), (19, 6), (6, 23), (23, 6), (6, 24), (24, 6), (6, 25), (25, 6), (6, 29), (29, 6), (6, 30), (30, 6), (6, 34), (34, 6), (6, 36), (36, 6), (7, 8), (8, 7), (7, 16), (16, 7), (7, 23), (23, 7), (7, 31), (31, 7), (7, 36), (36, 7), (7, 39), (39, 7), (7, 40), (40, 7), (8, 12), (12, 8), (8, 17), (17, 8), (8, 23), (23, 8), (8, 30), (30, 8), (8, 35), (35, 8), (9, 10), (10, 9), (9, 12), (12, 9), (10, 15), (15, 10), (10, 35), (35, 10), (10, 39), (39, 10), (11, 19), (19, 11), (11, 20), (20, 11), (11, 31), (31, 11), (11, 35), (35, 11), (11, 37), (37, 11), (12, 20), (20, 12), (12, 27), (27, 12), (12, 28), (28, 12), (12, 31), (31, 12), (12, 39), (39, 12), (13, 19), (19, 13), (13, 23), (23, 13), (13, 30), (30, 13), (14, 18), (18, 14), (14, 28), (28, 14), (14, 30), (30, 14), (15, 17), (17, 15), (15, 26), (26, 15), (15, 28), (28, 15), (15, 36), (36, 15), (15, 37), (37, 15), (16, 28), (28, 16), (16, 38), (38, 16), (17, 24), (24, 17), (17, 25), (25, 17), (17, 28), (28, 17), (19, 30), (30, 19), (19, 38), (38, 19), (20, 23), (23, 20), (20, 25), (25, 20), (20, 33), (33, 20), (20, 35), (35, 20), (21, 24), (24, 21), (21, 26), (26, 21), (21, 27), (27, 21), (21, 39), (39, 21), (22, 33), (33, 22), (23, 33), (33, 23), (23, 38), (38, 23), (24, 27), (27, 24), (24, 34), (34, 24), (25, 34), (34, 25), (25, 36), (36, 25), (25, 38), (38, 25), (26, 40), (40, 26), (27, 37), (37, 27), (28, 29), (29, 28), (28, 33), (33, 28), (30, 32), (32, 30), (30, 36), (36, 30), (31, 33), (33, 31), (31, 38), (38, 31), (32, 35), (35, 32), (34, 38), (38, 34), (34, 40), (40, 34), (36, 37), (37, 36)]
Z_dad = [10, 12]
Y_dad = [6, 9]
X_dad = [1, 15]
Z_da-ad = [1, 14]
Y_da-ad = [4, 36]
X_da-ad = [5, 33]
