no              #fail
264.796         #totTm
0.659           #lastADTm
14              #itDAD
2.846           #avItADGoal
8               #itADOpt
5               #opt
5               #optDA-AD
1.429           #tmDA
0.0             #relGain

V = [1, 2, 3, 4, 5, 6, 7, 8, 9, 10, 11, 12, 13, 14, 15, 16, 17, 18, 19, 20, 21, 22, 23, 24, 25, 26, 27, 28, 29, 30, 31, 32, 33, 34, 35, 36, 37, 38, 39, 40]
A = [(1, 16), (16, 1), (1, 23), (23, 1), (2, 9), (9, 2), (2, 11), (11, 2), (2, 12), (12, 2), (2, 23), (23, 2), (3, 15), (15, 3), (3, 20), (20, 3), (3, 21), (21, 3), (3, 23), (23, 3), (3, 37), (37, 3), (3, 40), (40, 3), (4, 5), (5, 4), (4, 10), (10, 4), (4, 25), (25, 4), (4, 33), (33, 4), (4, 39), (39, 4), (4, 40), (40, 4), (5, 8), (8, 5), (5, 14), (14, 5), (5, 16), (16, 5), (5, 38), (38, 5), (6, 13), (13, 6), (6, 14), (14, 6), (6, 22), (22, 6), (6, 24), (24, 6), (6, 28), (28, 6), (6, 29), (29, 6), (6, 32), (32, 6), (6, 34), (34, 6), (6, 35), (35, 6), (7, 12), (12, 7), (7, 15), (15, 7), (7, 21), (21, 7), (8, 10), (10, 8), (8, 14), (14, 8), (8, 26), (26, 8), (8, 29), (29, 8), (8, 31), (31, 8), (8, 38), (38, 8), (9, 29), (29, 9), (9, 33), (33, 9), (9, 36), (36, 9), (10, 11), (11, 10), (10, 15), (15, 10), (10, 19), (19, 10), (10, 22), (22, 10), (10, 23), (23, 10), (10, 24), (24, 10), (11, 14), (14, 11), (11, 40), (40, 11), (12, 16), (16, 12), (12, 17), (17, 12), (12, 23), (23, 12), (12, 25), (25, 12), (12, 32), (32, 12), (12, 37), (37, 12), (12, 39), (39, 12), (13, 18), (18, 13), (13, 21), (21, 13), (13, 25), (25, 13), (14, 17), (17, 14), (14, 19), (19, 14), (14, 21), (21, 14), (14, 22), (22, 14), (14, 39), (39, 14), (14, 40), (40, 14), (15, 36), (36, 15), (16, 18), (18, 16), (16, 38), (38, 16), (17, 29), (29, 17), (18, 33), (33, 18), (18, 37), (37, 18), (19, 23), (23, 19), (19, 25), (25, 19), (19, 26), (26, 19), (19, 33), (33, 19), (20, 21), (21, 20), (20, 29), (29, 20), (20, 34), (34, 20), (20, 38), (38, 20), (21, 31), (31, 21), (21, 36), (36, 21), (21, 38), (38, 21), (22, 35), (35, 22), (23, 26), (26, 23), (24, 27), (27, 24), (24, 32), (32, 24), (25, 28), (28, 25), (26, 27), (27, 26), (26, 37), (37, 26), (26, 38), (38, 26), (28, 35), (35, 28), (28, 36), (36, 28), (29, 39), (39, 29), (30, 37), (37, 30), (31, 36), (36, 31), (32, 40), (40, 32), (33, 34), (34, 33), (37, 39), (39, 37), (38, 40), (40, 38)]
Z_dad = [23, 26]
Y_dad = [24, 37]
X_dad = [16, 27]
Z_da-ad = [24, 26]
Y_da-ad = [27, 38]
X_da-ad = [5, 37]
