no              #fail
429.275         #totTm
1.294           #lastADTm
13              #itDAD
4.083           #avItADGoal
11              #itADOpt
6               #opt
5               #optDA-AD
0.634           #tmDA
16.7            #relGain

V = [1, 2, 3, 4, 5, 6, 7, 8, 9, 10, 11, 12, 13, 14, 15, 16, 17, 18, 19, 20, 21, 22, 23, 24, 25, 26, 27, 28, 29, 30, 31, 32, 33, 34, 35, 36, 37, 38, 39, 40]
A = [(1, 19), (19, 1), (2, 4), (4, 2), (2, 13), (13, 2), (2, 17), (17, 2), (2, 20), (20, 2), (2, 21), (21, 2), (2, 23), (23, 2), (2, 31), (31, 2), (2, 35), (35, 2), (3, 5), (5, 3), (3, 6), (6, 3), (3, 11), (11, 3), (3, 13), (13, 3), (3, 25), (25, 3), (3, 29), (29, 3), (3, 34), (34, 3), (3, 35), (35, 3), (3, 38), (38, 3), (3, 39), (39, 3), (4, 13), (13, 4), (4, 23), (23, 4), (4, 38), (38, 4), (5, 13), (13, 5), (5, 29), (29, 5), (6, 9), (9, 6), (6, 18), (18, 6), (6, 20), (20, 6), (6, 21), (21, 6), (6, 26), (26, 6), (6, 27), (27, 6), (6, 31), (31, 6), (7, 24), (24, 7), (7, 27), (27, 7), (7, 29), (29, 7), (7, 31), (31, 7), (7, 36), (36, 7), (7, 39), (39, 7), (8, 10), (10, 8), (8, 19), (19, 8), (8, 22), (22, 8), (8, 27), (27, 8), (8, 35), (35, 8), (9, 12), (12, 9), (9, 17), (17, 9), (9, 21), (21, 9), (9, 38), (38, 9), (10, 11), (11, 10), (10, 21), (21, 10), (10, 27), (27, 10), (10, 33), (33, 10), (10, 40), (40, 10), (11, 12), (12, 11), (11, 14), (14, 11), (11, 36), (36, 11), (12, 18), (18, 12), (12, 25), (25, 12), (12, 31), (31, 12), (12, 33), (33, 12), (13, 16), (16, 13), (13, 26), (26, 13), (13, 36), (36, 13), (14, 17), (17, 14), (14, 20), (20, 14), (14, 34), (34, 14), (16, 30), (30, 16), (16, 37), (37, 16), (16, 40), (40, 16), (17, 25), (25, 17), (17, 28), (28, 17), (17, 37), (37, 17), (18, 31), (31, 18), (18, 33), (33, 18), (19, 24), (24, 19), (21, 26), (26, 21), (21, 27), (27, 21), (21, 30), (30, 21), (22, 27), (27, 22), (22, 39), (39, 22), (24, 33), (33, 24), (24, 34), (34, 24), (24, 39), (39, 24), (25, 30), (30, 25), (25, 33), (33, 25), (25, 37), (37, 25), (26, 35), (35, 26), (26, 40), (40, 26), (27, 30), (30, 27), (27, 32), (32, 27), (27, 34), (34, 27), (28, 40), (40, 28), (29, 30), (30, 29), (29, 32), (32, 29), (29, 33), (33, 29), (29, 38), (38, 29), (30, 39), (39, 30), (31, 34), (34, 31), (31, 38), (38, 31), (32, 34), (34, 32), (34, 37), (37, 34), (37, 38), (38, 37), (38, 39), (39, 38)]
Z_dad = [13, 38]
Y_dad = [2, 24]
X_dad = [4, 19]
Z_da-ad = [19, 23]
Y_da-ad = [1, 40]
X_da-ad = [10, 16]
