no              #fail
344.373         #totTm
0.759           #lastADTm
15              #itDAD
3.071           #avItADGoal
7               #itADOpt
6               #opt
6               #optDA-AD
1.217           #tmDA
0.0             #relGain

V = [1, 2, 3, 4, 5, 6, 7, 8, 9, 10, 11, 12, 13, 14, 15, 16, 17, 18, 19, 20, 21, 22, 23, 24, 25, 26, 27, 28, 29, 30, 31, 32, 33, 34, 35, 36, 37, 38, 39, 40]
A = [(1, 12), (12, 1), (1, 13), (13, 1), (1, 14), (14, 1), (1, 21), (21, 1), (1, 25), (25, 1), (1, 38), (38, 1), (2, 12), (12, 2), (2, 23), (23, 2), (2, 26), (26, 2), (2, 28), (28, 2), (2, 29), (29, 2), (2, 30), (30, 2), (2, 31), (31, 2), (2, 32), (32, 2), (2, 39), (39, 2), (3, 19), (19, 3), (3, 21), (21, 3), (3, 32), (32, 3), (3, 36), (36, 3), (3, 37), (37, 3), (4, 8), (8, 4), (4, 14), (14, 4), (4, 38), (38, 4), (5, 37), (37, 5), (6, 7), (7, 6), (6, 11), (11, 6), (6, 16), (16, 6), (6, 21), (21, 6), (6, 24), (24, 6), (6, 36), (36, 6), (6, 37), (37, 6), (6, 38), (38, 6), (7, 30), (30, 7), (7, 32), (32, 7), (8, 14), (14, 8), (8, 20), (20, 8), (8, 23), (23, 8), (8, 30), (30, 8), (8, 32), (32, 8), (8, 39), (39, 8), (9, 10), (10, 9), (10, 23), (23, 10), (10, 40), (40, 10), (11, 13), (13, 11), (11, 26), (26, 11), (11, 29), (29, 11), (11, 40), (40, 11), (12, 22), (22, 12), (12, 31), (31, 12), (12, 32), (32, 12), (13, 16), (16, 13), (13, 22), (22, 13), (13, 23), (23, 13), (13, 25), (25, 13), (13, 35), (35, 13), (13, 37), (37, 13), (13, 40), (40, 13), (14, 21), (21, 14), (14, 22), (22, 14), (14, 33), (33, 14), (14, 37), (37, 14), (15, 21), (21, 15), (15, 22), (22, 15), (15, 23), (23, 15), (15, 25), (25, 15), (15, 26), (26, 15), (15, 32), (32, 15), (17, 21), (21, 17), (17, 23), (23, 17), (17, 28), (28, 17), (17, 39), (39, 17), (18, 24), (24, 18), (18, 28), (28, 18), (18, 31), (31, 18), (18, 39), (39, 18), (19, 27), (27, 19), (19, 34), (34, 19), (20, 31), (31, 20), (20, 37), (37, 20), (21, 37), (37, 21), (21, 38), (38, 21), (22, 31), (31, 22), (22, 38), (38, 22), (22, 39), (39, 22), (23, 31), (31, 23), (24, 35), (35, 24), (25, 32), (32, 25), (26, 27), (27, 26), (26, 30), (30, 26), (26, 36), (36, 26), (26, 40), (40, 26), (27, 28), (28, 27), (27, 34), (34, 27), (30, 38), (38, 30), (32, 37), (37, 32), (32, 40), (40, 32), (33, 37), (37, 33), (33, 38), (38, 33), (34, 40), (40, 34), (36, 37), (37, 36), (36, 40), (40, 36)]
Z_dad = [6, 37]
Y_dad = [13, 23]
X_dad = [2, 10]
Z_da-ad = [10, 37]
Y_da-ad = [9, 24]
X_da-ad = [2, 11]
