no              #fail
54.204          #totTm
5.207           #lastADTm
8               #itDAD
6.429           #avItADGoal
18              #itADOpt
6               #opt
6               #optDA-AD
0.238           #tmDA
0.0             #relGain

V = [1, 2, 3, 4, 5, 6, 7, 8, 9, 10, 11, 12, 13, 14, 15, 16, 17, 18, 19, 20, 21, 22, 23, 24, 25, 26, 27, 28, 29, 30, 31, 32, 33, 34, 35, 36, 37, 38, 39, 40]
A = [(1, 2), (2, 1), (1, 4), (4, 1), (1, 7), (7, 1), (1, 17), (17, 1), (1, 37), (37, 1), (2, 12), (12, 2), (2, 24), (24, 2), (2, 36), (36, 2), (3, 8), (8, 3), (3, 9), (9, 3), (3, 37), (37, 3), (4, 5), (5, 4), (4, 6), (6, 4), (4, 19), (19, 4), (4, 21), (21, 4), (4, 23), (23, 4), (5, 19), (19, 5), (5, 23), (23, 5), (5, 34), (34, 5), (5, 36), (36, 5), (6, 12), (12, 6), (6, 14), (14, 6), (6, 15), (15, 6), (6, 18), (18, 6), (7, 10), (10, 7), (7, 16), (16, 7), (7, 21), (21, 7), (7, 23), (23, 7), (7, 33), (33, 7), (7, 38), (38, 7), (7, 39), (39, 7), (8, 15), (15, 8), (8, 26), (26, 8), (8, 32), (32, 8), (9, 16), (16, 9), (9, 17), (17, 9), (9, 23), (23, 9), (9, 32), (32, 9), (9, 36), (36, 9), (10, 11), (11, 10), (10, 18), (18, 10), (10, 26), (26, 10), (10, 29), (29, 10), (10, 34), (34, 10), (11, 33), (33, 11), (12, 22), (22, 12), (13, 19), (19, 13), (13, 20), (20, 13), (13, 27), (27, 13), (14, 23), (23, 14), (14, 24), (24, 14), (15, 27), (27, 15), (15, 30), (30, 15), (16, 29), (29, 16), (17, 21), (21, 17), (17, 24), (24, 17), (17, 30), (30, 17), (18, 24), (24, 18), (18, 26), (26, 18), (18, 31), (31, 18), (18, 32), (32, 18), (19, 23), (23, 19), (19, 31), (31, 19), (19, 34), (34, 19), (20, 26), (26, 20), (20, 39), (39, 20), (21, 29), (29, 21), (22, 36), (36, 22), (23, 29), (29, 23), (23, 38), (38, 23), (24, 32), (32, 24), (24, 36), (36, 24), (25, 26), (26, 25), (25, 30), (30, 25), (25, 33), (33, 25), (25, 35), (35, 25), (25, 40), (40, 25), (27, 30), (30, 27), (27, 31), (31, 27), (29, 34), (34, 29), (30, 35), (35, 30), (33, 35), (35, 33), (34, 39), (39, 34), (35, 39), (39, 35), (36, 38), (38, 36)]
Z_dad = [1]
Y_dad = [3, 10, 36]
X_dad = [9, 17, 25]
Z_da-ad = [25]
Y_da-ad = [26, 28, 40]
X_da-ad = [2, 6, 36]
