no              #fail
23.899          #totTm
2.090           #lastADTm
10              #itDAD
2.333           #avItADGoal
10              #itADOpt
6               #opt
6               #optDA-AD
0.244           #tmDA
0.0             #relGain

V = [1, 2, 3, 4, 5, 6, 7, 8, 9, 10, 11, 12, 13, 14, 15, 16, 17, 18, 19, 20, 21, 22, 23, 24, 25, 26, 27, 28, 29, 30, 31, 32, 33, 34, 35, 36, 37, 38, 39, 40]
A = [(1, 5), (5, 1), (1, 12), (12, 1), (1, 15), (15, 1), (1, 38), (38, 1), (2, 12), (12, 2), (2, 14), (14, 2), (3, 15), (15, 3), (3, 32), (32, 3), (3, 39), (39, 3), (4, 5), (5, 4), (4, 14), (14, 4), (4, 22), (22, 4), (4, 30), (30, 4), (5, 12), (12, 5), (5, 17), (17, 5), (5, 25), (25, 5), (6, 7), (7, 6), (6, 13), (13, 6), (6, 15), (15, 6), (6, 22), (22, 6), (6, 32), (32, 6), (6, 33), (33, 6), (6, 35), (35, 6), (6, 37), (37, 6), (7, 9), (9, 7), (8, 17), (17, 8), (8, 21), (21, 8), (9, 20), (20, 9), (9, 37), (37, 9), (9, 40), (40, 9), (10, 19), (19, 10), (10, 31), (31, 10), (11, 13), (13, 11), (11, 25), (25, 11), (11, 38), (38, 11), (12, 13), (13, 12), (12, 16), (16, 12), (12, 21), (21, 12), (12, 23), (23, 12), (12, 28), (28, 12), (12, 33), (33, 12), (12, 34), (34, 12), (13, 14), (14, 13), (13, 15), (15, 13), (13, 18), (18, 13), (13, 22), (22, 13), (13, 24), (24, 13), (13, 26), (26, 13), (13, 40), (40, 13), (14, 28), (28, 14), (14, 38), (38, 14), (16, 17), (17, 16), (16, 33), (33, 16), (16, 36), (36, 16), (16, 40), (40, 16), (17, 26), (26, 17), (18, 27), (27, 18), (18, 38), (38, 18), (19, 21), (21, 19), (19, 27), (27, 19), (20, 28), (28, 20), (20, 35), (35, 20), (20, 37), (37, 20), (22, 25), (25, 22), (22, 26), (26, 22), (22, 27), (27, 22), (22, 29), (29, 22), (23, 24), (24, 23), (23, 28), (28, 23), (24, 28), (28, 24), (24, 31), (31, 24), (25, 38), (38, 25), (26, 34), (34, 26), (26, 35), (35, 26), (27, 34), (34, 27), (28, 37), (37, 28), (29, 35), (35, 29), (30, 32), (32, 30), (30, 33), (33, 30), (30, 34), (34, 30), (30, 37), (37, 30), (30, 40), (40, 30), (34, 37), (37, 34), (35, 40), (40, 35), (38, 39), (39, 38)]
Z_dad = [6]
Y_dad = [13, 19, 30]
X_dad = [4, 9, 16]
Z_da-ad = [16]
Y_da-ad = [3, 5, 19]
X_da-ad = [17, 21, 27]
