no              #fail
19.689          #totTm
2.283           #lastADTm
8               #itDAD
2.571           #avItADGoal
13              #itADOpt
6               #opt
6               #optDA-AD
0.242           #tmDA
0.0             #relGain

V = [1, 2, 3, 4, 5, 6, 7, 8, 9, 10, 11, 12, 13, 14, 15, 16, 17, 18, 19, 20, 21, 22, 23, 24, 25, 26, 27, 28, 29, 30, 31, 32, 33, 34, 35, 36, 37, 38, 39, 40]
A = [(1, 28), (28, 1), (1, 36), (36, 1), (2, 3), (3, 2), (2, 4), (4, 2), (2, 10), (10, 2), (2, 13), (13, 2), (2, 30), (30, 2), (2, 32), (32, 2), (2, 36), (36, 2), (3, 11), (11, 3), (3, 15), (15, 3), (3, 19), (19, 3), (3, 23), (23, 3), (3, 31), (31, 3), (4, 16), (16, 4), (4, 17), (17, 4), (4, 30), (30, 4), (4, 32), (32, 4), (4, 35), (35, 4), (5, 6), (6, 5), (5, 10), (10, 5), (5, 15), (15, 5), (5, 24), (24, 5), (5, 38), (38, 5), (5, 39), (39, 5), (5, 40), (40, 5), (6, 26), (26, 6), (6, 34), (34, 6), (6, 35), (35, 6), (7, 21), (21, 7), (7, 28), (28, 7), (7, 36), (36, 7), (7, 38), (38, 7), (8, 9), (9, 8), (8, 23), (23, 8), (8, 26), (26, 8), (8, 27), (27, 8), (8, 35), (35, 8), (8, 40), (40, 8), (9, 17), (17, 9), (9, 22), (22, 9), (10, 34), (34, 10), (11, 29), (29, 11), (12, 15), (15, 12), (12, 18), (18, 12), (12, 28), (28, 12), (12, 40), (40, 12), (13, 14), (14, 13), (13, 21), (21, 13), (13, 36), (36, 13), (13, 39), (39, 13), (14, 15), (15, 14), (14, 18), (18, 14), (15, 30), (30, 15), (15, 31), (31, 15), (15, 37), (37, 15), (16, 29), (29, 16), (17, 19), (19, 17), (17, 26), (26, 17), (17, 33), (33, 17), (18, 27), (27, 18), (18, 38), (38, 18), (18, 39), (39, 18), (20, 23), (23, 20), (20, 24), (24, 20), (20, 33), (33, 20), (22, 25), (25, 22), (22, 32), (32, 22), (22, 34), (34, 22), (23, 33), (33, 23), (23, 34), (34, 23), (23, 36), (36, 23), (25, 30), (30, 25), (25, 31), (31, 25), (25, 35), (35, 25), (25, 40), (40, 25), (26, 29), (29, 26), (26, 38), (38, 26), (29, 36), (36, 29), (30, 40), (40, 30), (31, 33), (33, 31), (31, 35), (35, 31), (31, 40), (40, 31), (32, 33), (33, 32), (38, 39), (39, 38)]
Z_dad = [3]
Y_dad = [15, 17, 36]
X_dad = [1, 4, 29]
Z_da-ad = [15]
Y_da-ad = [12, 13, 37]
X_da-ad = [5, 23, 33]
