no              #fail
10.382          #totTm
2.115           #lastADTm
7               #itDAD
2.667           #avItADGoal
11              #itADOpt
6               #opt
6               #optDA-AD
0.276           #tmDA
0.0             #relGain

V = [1, 2, 3, 4, 5, 6, 7, 8, 9, 10, 11, 12, 13, 14, 15, 16, 17, 18, 19, 20, 21, 22, 23, 24, 25, 26, 27, 28, 29, 30, 31, 32, 33, 34, 35, 36, 37, 38, 39, 40]
A = [(1, 5), (5, 1), (1, 12), (12, 1), (1, 17), (17, 1), (1, 27), (27, 1), (1, 28), (28, 1), (1, 36), (36, 1), (1, 37), (37, 1), (1, 38), (38, 1), (2, 32), (32, 2), (2, 38), (38, 2), (3, 9), (9, 3), (3, 14), (14, 3), (3, 18), (18, 3), (3, 19), (19, 3), (3, 24), (24, 3), (3, 35), (35, 3), (4, 10), (10, 4), (4, 25), (25, 4), (4, 34), (34, 4), (4, 35), (35, 4), (5, 15), (15, 5), (5, 20), (20, 5), (5, 26), (26, 5), (6, 16), (16, 6), (7, 29), (29, 7), (7, 36), (36, 7), (8, 17), (17, 8), (8, 18), (18, 8), (8, 29), (29, 8), (8, 34), (34, 8), (9, 18), (18, 9), (9, 26), (26, 9), (9, 33), (33, 9), (10, 11), (11, 10), (10, 27), (27, 10), (11, 26), (26, 11), (11, 30), (30, 11), (12, 37), (37, 12), (12, 40), (40, 12), (13, 18), (18, 13), (13, 24), (24, 13), (13, 28), (28, 13), (14, 16), (16, 14), (14, 22), (22, 14), (14, 23), (23, 14), (14, 31), (31, 14), (15, 26), (26, 15), (15, 27), (27, 15), (16, 32), (32, 16), (16, 35), (35, 16), (17, 18), (18, 17), (17, 32), (32, 17), (17, 36), (36, 17), (18, 24), (24, 18), (18, 39), (39, 18), (19, 22), (22, 19), (20, 27), (27, 20), (21, 37), (37, 21), (21, 39), (39, 21), (22, 35), (35, 22), (24, 31), (31, 24), (24, 32), (32, 24), (24, 35), (35, 24), (25, 33), (33, 25), (25, 34), (34, 25), (26, 28), (28, 26), (26, 36), (36, 26), (26, 39), (39, 26), (27, 35), (35, 27), (27, 36), (36, 27), (27, 37), (37, 27), (27, 40), (40, 27), (28, 30), (30, 28), (29, 30), (30, 29), (29, 31), (31, 29), (29, 40), (40, 29), (30, 32), (32, 30), (32, 33), (33, 32), (32, 34), (34, 32), (32, 36), (36, 32), (33, 37), (37, 33), (35, 36), (36, 35), (37, 39), (39, 37), (37, 40), (40, 37), (39, 40), (40, 39)]
Z_dad = [27]
Y_dad = [14, 26, 32]
X_dad = [2, 5, 16]
Z_da-ad = [16]
Y_da-ad = [14, 26, 38]
X_da-ad = [29, 32, 36]
