no              #fail
93.354          #totTm
7.859           #lastADTm
10              #itDAD
9.222           #avItADGoal
21              #itADOpt
6               #opt
6               #optDA-AD
0.176           #tmDA
0.0             #relGain

V = [1, 2, 3, 4, 5, 6, 7, 8, 9, 10, 11, 12, 13, 14, 15, 16, 17, 18, 19, 20, 21, 22, 23, 24, 25, 26, 27, 28, 29, 30, 31, 32, 33, 34, 35, 36, 37, 38, 39, 40]
A = [(1, 2), (2, 1), (1, 24), (24, 1), (2, 9), (9, 2), (2, 15), (15, 2), (2, 35), (35, 2), (2, 38), (38, 2), (3, 7), (7, 3), (3, 17), (17, 3), (3, 23), (23, 3), (3, 35), (35, 3), (3, 38), (38, 3), (4, 12), (12, 4), (4, 15), (15, 4), (5, 24), (24, 5), (5, 36), (36, 5), (5, 38), (38, 5), (6, 7), (7, 6), (6, 18), (18, 6), (6, 26), (26, 6), (6, 36), (36, 6), (6, 37), (37, 6), (6, 39), (39, 6), (7, 9), (9, 7), (7, 15), (15, 7), (7, 38), (38, 7), (8, 14), (14, 8), (8, 27), (27, 8), (8, 31), (31, 8), (8, 37), (37, 8), (9, 10), (10, 9), (9, 12), (12, 9), (9, 32), (32, 9), (10, 25), (25, 10), (10, 32), (32, 10), (11, 20), (20, 11), (11, 23), (23, 11), (12, 20), (20, 12), (12, 39), (39, 12), (12, 40), (40, 12), (13, 20), (20, 13), (13, 31), (31, 13), (13, 36), (36, 13), (14, 21), (21, 14), (14, 22), (22, 14), (15, 17), (17, 15), (15, 24), (24, 15), (15, 26), (26, 15), (15, 29), (29, 15), (15, 37), (37, 15), (17, 25), (25, 17), (17, 34), (34, 17), (17, 35), (35, 17), (17, 38), (38, 17), (17, 40), (40, 17), (18, 24), (24, 18), (18, 25), (25, 18), (18, 31), (31, 18), (18, 33), (33, 18), (18, 38), (38, 18), (19, 24), (24, 19), (19, 31), (31, 19), (19, 36), (36, 19), (19, 37), (37, 19), (20, 27), (27, 20), (20, 31), (31, 20), (20, 37), (37, 20), (20, 38), (38, 20), (20, 40), (40, 20), (21, 22), (22, 21), (21, 27), (27, 21), (21, 40), (40, 21), (22, 32), (32, 22), (23, 35), (35, 23), (25, 29), (29, 25), (26, 40), (40, 26), (27, 28), (28, 27), (27, 39), (39, 27), (28, 38), (38, 28), (28, 40), (40, 28), (29, 32), (32, 29), (31, 32), (32, 31), (33, 37), (37, 33), (34, 36), (36, 34), (35, 38), (38, 35), (36, 39), (39, 36)]
Z_dad = [27]
Y_dad = [16, 20, 22]
X_dad = [12, 15, 38]
Z_da-ad = [1]
Y_da-ad = [3, 22, 30]
X_da-ad = [20, 23, 33]
