no              #fail
33.760          #totTm
5.341           #lastADTm
8               #itDAD
7.571           #avItADGoal
22              #itADOpt
6               #opt
6               #optDA-AD
0.369           #tmDA
0.0             #relGain

V = [1, 2, 3, 4, 5, 6, 7, 8, 9, 10, 11, 12, 13, 14, 15, 16, 17, 18, 19, 20, 21, 22, 23, 24, 25, 26, 27, 28, 29, 30, 31, 32, 33, 34, 35, 36, 37, 38, 39, 40]
A = [(1, 4), (4, 1), (1, 6), (6, 1), (1, 11), (11, 1), (1, 14), (14, 1), (1, 17), (17, 1), (1, 31), (31, 1), (2, 9), (9, 2), (2, 10), (10, 2), (2, 25), (25, 2), (2, 35), (35, 2), (3, 8), (8, 3), (4, 8), (8, 4), (4, 12), (12, 4), (4, 16), (16, 4), (4, 32), (32, 4), (4, 36), (36, 4), (5, 23), (23, 5), (5, 34), (34, 5), (5, 35), (35, 5), (5, 39), (39, 5), (6, 8), (8, 6), (6, 19), (19, 6), (6, 35), (35, 6), (7, 14), (14, 7), (7, 17), (17, 7), (7, 18), (18, 7), (7, 35), (35, 7), (8, 20), (20, 8), (9, 24), (24, 9), (9, 28), (28, 9), (9, 30), (30, 9), (10, 16), (16, 10), (10, 18), (18, 10), (10, 20), (20, 10), (10, 29), (29, 10), (11, 14), (14, 11), (11, 24), (24, 11), (12, 21), (21, 12), (12, 34), (34, 12), (13, 23), (23, 13), (14, 27), (27, 14), (14, 31), (31, 14), (14, 34), (34, 14), (14, 35), (35, 14), (15, 20), (20, 15), (15, 25), (25, 15), (15, 28), (28, 15), (15, 38), (38, 15), (16, 20), (20, 16), (16, 25), (25, 16), (16, 39), (39, 16), (16, 40), (40, 16), (18, 25), (25, 18), (18, 28), (28, 18), (18, 31), (31, 18), (18, 36), (36, 18), (18, 37), (37, 18), (19, 25), (25, 19), (19, 40), (40, 19), (20, 24), (24, 20), (21, 38), (38, 21), (21, 40), (40, 21), (22, 37), (37, 22), (23, 27), (27, 23), (23, 32), (32, 23), (23, 35), (35, 23), (23, 37), (37, 23), (24, 30), (30, 24), (25, 26), (26, 25), (25, 27), (27, 25), (25, 34), (34, 25), (25, 35), (35, 25), (26, 37), (37, 26), (27, 40), (40, 27), (28, 40), (40, 28), (29, 32), (32, 29), (29, 39), (39, 29), (30, 38), (38, 30), (30, 40), (40, 30), (31, 36), (36, 31), (31, 38), (38, 31), (31, 39), (39, 31), (33, 40), (40, 33), (35, 36), (36, 35), (37, 39), (39, 37)]
Z_dad = [23]
Y_dad = [13, 25, 40]
X_dad = [8, 14, 37]
Z_da-ad = [40]
Y_da-ad = [23, 25, 33]
X_da-ad = [8, 18, 37]
