no              #fail
18.214          #totTm
2.827           #lastADTm
7               #itDAD
2.500           #avItADGoal
8               #itADOpt
6               #opt
6               #optDA-AD
0.24            #tmDA
0.0             #relGain

V = [1, 2, 3, 4, 5, 6, 7, 8, 9, 10, 11, 12, 13, 14, 15, 16, 17, 18, 19, 20, 21, 22, 23, 24, 25, 26, 27, 28, 29, 30, 31, 32, 33, 34, 35, 36, 37, 38, 39, 40]
A = [(1, 13), (13, 1), (1, 22), (22, 1), (1, 38), (38, 1), (2, 17), (17, 2), (2, 26), (26, 2), (2, 34), (34, 2), (2, 39), (39, 2), (3, 13), (13, 3), (3, 16), (16, 3), (3, 20), (20, 3), (3, 26), (26, 3), (3, 27), (27, 3), (3, 38), (38, 3), (4, 6), (6, 4), (4, 8), (8, 4), (4, 11), (11, 4), (4, 15), (15, 4), (4, 31), (31, 4), (4, 33), (33, 4), (4, 34), (34, 4), (4, 35), (35, 4), (5, 25), (25, 5), (6, 13), (13, 6), (6, 17), (17, 6), (7, 8), (8, 7), (7, 14), (14, 7), (7, 22), (22, 7), (7, 33), (33, 7), (8, 24), (24, 8), (8, 32), (32, 8), (8, 33), (33, 8), (9, 11), (11, 9), (9, 18), (18, 9), (9, 22), (22, 9), (10, 22), (22, 10), (10, 24), (24, 10), (10, 30), (30, 10), (10, 34), (34, 10), (10, 39), (39, 10), (11, 12), (12, 11), (11, 16), (16, 11), (11, 23), (23, 11), (11, 33), (33, 11), (12, 18), (18, 12), (12, 27), (27, 12), (13, 17), (17, 13), (14, 19), (19, 14), (14, 37), (37, 14), (15, 38), (38, 15), (16, 24), (24, 16), (16, 26), (26, 16), (16, 37), (37, 16), (17, 21), (21, 17), (17, 24), (24, 17), (17, 33), (33, 17), (17, 37), (37, 17), (18, 22), (22, 18), (18, 29), (29, 18), (18, 30), (30, 18), (18, 40), (40, 18), (19, 23), (23, 19), (19, 29), (29, 19), (19, 34), (34, 19), (20, 25), (25, 20), (20, 33), (33, 20), (20, 36), (36, 20), (20, 38), (38, 20), (21, 38), (38, 21), (22, 33), (33, 22), (23, 32), (32, 23), (24, 25), (25, 24), (24, 30), (30, 24), (24, 34), (34, 24), (24, 39), (39, 24), (25, 27), (27, 25), (25, 34), (34, 25), (25, 38), (38, 25), (26, 28), (28, 26), (28, 36), (36, 28), (29, 35), (35, 29), (30, 34), (34, 30), (31, 34), (34, 31), (35, 37), (37, 35), (35, 38), (38, 35), (39, 40), (40, 39)]
Z_dad = [18]
Y_dad = [11, 20, 24]
X_dad = [4, 25, 39]
Z_da-ad = [25]
Y_da-ad = [5, 39]
X_da-ad = [20, 26, 27]
