no              #fail
26.888          #totTm
7.615           #lastADTm
6               #itDAD
9.600           #avItADGoal
32              #itADOpt
7               #opt
7               #optDA-AD
0.295           #tmDA
0.0             #relGain

V = [1, 2, 3, 4, 5, 6, 7, 8, 9, 10, 11, 12, 13, 14, 15, 16, 17, 18, 19, 20, 21, 22, 23, 24, 25, 26, 27, 28, 29, 30, 31, 32, 33, 34, 35, 36, 37, 38, 39, 40]
A = [(1, 2), (2, 1), (1, 5), (5, 1), (1, 16), (16, 1), (1, 19), (19, 1), (1, 21), (21, 1), (1, 25), (25, 1), (1, 33), (33, 1), (1, 40), (40, 1), (2, 7), (7, 2), (2, 14), (14, 2), (2, 37), (37, 2), (2, 38), (38, 2), (3, 32), (32, 3), (3, 37), (37, 3), (4, 10), (10, 4), (4, 13), (13, 4), (4, 19), (19, 4), (4, 20), (20, 4), (4, 22), (22, 4), (4, 24), (24, 4), (4, 25), (25, 4), (5, 8), (8, 5), (5, 24), (24, 5), (5, 30), (30, 5), (5, 36), (36, 5), (6, 11), (11, 6), (6, 14), (14, 6), (6, 23), (23, 6), (6, 34), (34, 6), (7, 40), (40, 7), (8, 10), (10, 8), (8, 14), (14, 8), (8, 16), (16, 8), (8, 23), (23, 8), (8, 27), (27, 8), (8, 32), (32, 8), (8, 36), (36, 8), (8, 37), (37, 8), (10, 21), (21, 10), (11, 13), (13, 11), (11, 18), (18, 11), (11, 25), (25, 11), (12, 15), (15, 12), (13, 14), (14, 13), (13, 24), (24, 13), (14, 20), (20, 14), (14, 24), (24, 14), (14, 27), (27, 14), (14, 29), (29, 14), (14, 36), (36, 14), (15, 19), (19, 15), (15, 21), (21, 15), (15, 26), (26, 15), (16, 28), (28, 16), (16, 32), (32, 16), (17, 18), (18, 17), (17, 33), (33, 17), (18, 35), (35, 18), (18, 37), (37, 18), (19, 29), (29, 19), (19, 30), (30, 19), (19, 33), (33, 19), (19, 40), (40, 19), (20, 34), (34, 20), (21, 31), (31, 21), (21, 32), (32, 21), (23, 27), (27, 23), (23, 40), (40, 23), (24, 25), (25, 24), (24, 29), (29, 24), (25, 30), (30, 25), (25, 33), (33, 25), (26, 32), (32, 26), (26, 35), (35, 26), (26, 37), (37, 26), (26, 38), (38, 26), (26, 39), (39, 26), (28, 30), (30, 28), (28, 38), (38, 28), (29, 33), (33, 29), (30, 31), (31, 30), (30, 34), (34, 30), (32, 37), (37, 32), (33, 38), (38, 33), (37, 40), (40, 37)]
Z_dad = [26]
Y_dad = [4, 15, 18]
X_dad = [2, 30, 40]
Z_da-ad = [26]
Y_da-ad = [15, 17, 39]
X_da-ad = [18, 32, 37]
