no              #fail
267.901         #totTm
5.897           #lastADTm
13              #itDAD
15.833          #avItADGoal
32              #itADOpt
6               #opt
6               #optDA-AD
0.455           #tmDA
0.0             #relGain

V = [1, 2, 3, 4, 5, 6, 7, 8, 9, 10, 11, 12, 13, 14, 15, 16, 17, 18, 19, 20, 21, 22, 23, 24, 25, 26, 27, 28, 29, 30, 31, 32, 33, 34, 35, 36, 37, 38, 39, 40]
A = [(1, 8), (8, 1), (1, 21), (21, 1), (1, 29), (29, 1), (2, 8), (8, 2), (2, 10), (10, 2), (2, 16), (16, 2), (2, 33), (33, 2), (2, 34), (34, 2), (2, 37), (37, 2), (3, 6), (6, 3), (3, 7), (7, 3), (3, 9), (9, 3), (3, 10), (10, 3), (3, 14), (14, 3), (3, 18), (18, 3), (3, 34), (34, 3), (4, 11), (11, 4), (4, 13), (13, 4), (4, 18), (18, 4), (4, 21), (21, 4), (4, 25), (25, 4), (4, 31), (31, 4), (5, 32), (32, 5), (5, 34), (34, 5), (5, 37), (37, 5), (5, 39), (39, 5), (6, 9), (9, 6), (6, 17), (17, 6), (6, 31), (31, 6), (6, 34), (34, 6), (7, 10), (10, 7), (7, 33), (33, 7), (7, 34), (34, 7), (7, 35), (35, 7), (8, 29), (29, 8), (9, 15), (15, 9), (9, 24), (24, 9), (9, 33), (33, 9), (9, 34), (34, 9), (10, 13), (13, 10), (10, 15), (15, 10), (10, 25), (25, 10), (10, 28), (28, 10), (11, 27), (27, 11), (11, 36), (36, 11), (11, 40), (40, 11), (12, 19), (19, 12), (12, 31), (31, 12), (13, 16), (16, 13), (13, 28), (28, 13), (13, 33), (33, 13), (14, 32), (32, 14), (15, 32), (32, 15), (16, 20), (20, 16), (16, 26), (26, 16), (16, 37), (37, 16), (17, 32), (32, 17), (17, 39), (39, 17), (18, 39), (39, 18), (19, 20), (20, 19), (19, 27), (27, 19), (19, 37), (37, 19), (20, 25), (25, 20), (20, 28), (28, 20), (20, 29), (29, 20), (20, 35), (35, 20), (20, 36), (36, 20), (21, 26), (26, 21), (21, 37), (37, 21), (22, 23), (23, 22), (22, 33), (33, 22), (25, 31), (31, 25), (25, 32), (32, 25), (25, 37), (37, 25), (26, 36), (36, 26), (27, 33), (33, 27), (27, 36), (36, 27), (28, 35), (35, 28), (29, 31), (31, 29), (29, 37), (37, 29), (30, 37), (37, 30), (31, 36), (36, 31), (32, 36), (36, 32), (34, 35), (35, 34), (38, 40), (40, 38)]
Z_dad = [9]
Y_dad = [24, 33, 40]
X_dad = [19, 22, 31]
Z_da-ad = [9]
Y_da-ad = [11, 22, 24]
X_da-ad = [34, 37, 40]
