no              #fail
83.274          #totTm
8.203           #lastADTm
10              #itDAD
8.000           #avItADGoal
26              #itADOpt
6               #opt
6               #optDA-AD
0.309           #tmDA
0.0             #relGain

V = [1, 2, 3, 4, 5, 6, 7, 8, 9, 10, 11, 12, 13, 14, 15, 16, 17, 18, 19, 20, 21, 22, 23, 24, 25, 26, 27, 28, 29, 30, 31, 32, 33, 34, 35, 36, 37, 38, 39, 40]
A = [(1, 3), (3, 1), (1, 25), (25, 1), (1, 30), (30, 1), (1, 31), (31, 1), (1, 35), (35, 1), (3, 4), (4, 3), (3, 5), (5, 3), (3, 24), (24, 3), (3, 32), (32, 3), (3, 39), (39, 3), (4, 18), (18, 4), (4, 19), (19, 4), (4, 38), (38, 4), (5, 34), (34, 5), (5, 40), (40, 5), (6, 26), (26, 6), (6, 27), (27, 6), (6, 40), (40, 6), (7, 23), (23, 7), (7, 29), (29, 7), (7, 31), (31, 7), (7, 32), (32, 7), (7, 34), (34, 7), (7, 38), (38, 7), (8, 10), (10, 8), (8, 12), (12, 8), (8, 17), (17, 8), (8, 25), (25, 8), (10, 13), (13, 10), (10, 26), (26, 10), (10, 28), (28, 10), (10, 29), (29, 10), (10, 32), (32, 10), (10, 35), (35, 10), (11, 21), (21, 11), (11, 32), (32, 11), (12, 17), (17, 12), (12, 22), (22, 12), (12, 29), (29, 12), (13, 20), (20, 13), (13, 34), (34, 13), (14, 19), (19, 14), (14, 20), (20, 14), (14, 36), (36, 14), (14, 38), (38, 14), (15, 19), (19, 15), (15, 23), (23, 15), (15, 39), (39, 15), (15, 40), (40, 15), (16, 24), (24, 16), (16, 27), (27, 16), (16, 29), (29, 16), (16, 30), (30, 16), (16, 32), (32, 16), (16, 39), (39, 16), (17, 23), (23, 17), (17, 28), (28, 17), (18, 31), (31, 18), (18, 34), (34, 18), (18, 35), (35, 18), (19, 33), (33, 19), (20, 23), (23, 20), (20, 27), (27, 20), (20, 31), (31, 20), (20, 40), (40, 20), (22, 23), (23, 22), (22, 36), (36, 22), (25, 36), (36, 25), (26, 34), (34, 26), (27, 34), (34, 27), (28, 31), (31, 28), (29, 32), (32, 29), (29, 34), (34, 29), (29, 39), (39, 29), (29, 40), (40, 29), (30, 31), (31, 30), (30, 36), (36, 30), (30, 40), (40, 30), (31, 33), (33, 31), (32, 33), (33, 32), (32, 37), (37, 32), (33, 40), (40, 33), (34, 35), (35, 34), (35, 38), (38, 35), (37, 40), (40, 37)]
Z_dad = [32]
Y_dad = [9, 21, 40]
X_dad = [3, 16, 31]
Z_da-ad = [32]
Y_da-ad = [9, 21, 40]
X_da-ad = [3, 16, 37]
