no              #fail
30.226          #totTm
3.681           #lastADTm
7               #itDAD
4.833           #avItADGoal
14              #itADOpt
6               #opt
6               #optDA-AD
0.241           #tmDA
0.0             #relGain

V = [1, 2, 3, 4, 5, 6, 7, 8, 9, 10, 11, 12, 13, 14, 15, 16, 17, 18, 19, 20, 21, 22, 23, 24, 25, 26, 27, 28, 29, 30, 31, 32, 33, 34, 35, 36, 37, 38, 39, 40]
A = [(1, 3), (3, 1), (1, 17), (17, 1), (1, 33), (33, 1), (2, 3), (3, 2), (2, 6), (6, 2), (2, 12), (12, 2), (3, 20), (20, 3), (3, 38), (38, 3), (3, 40), (40, 3), (4, 23), (23, 4), (4, 29), (29, 4), (4, 31), (31, 4), (4, 35), (35, 4), (5, 6), (6, 5), (5, 17), (17, 5), (5, 18), (18, 5), (5, 36), (36, 5), (6, 10), (10, 6), (6, 15), (15, 6), (6, 27), (27, 6), (6, 39), (39, 6), (7, 9), (9, 7), (7, 34), (34, 7), (7, 38), (38, 7), (8, 11), (11, 8), (8, 15), (15, 8), (8, 16), (16, 8), (8, 23), (23, 8), (8, 26), (26, 8), (8, 32), (32, 8), (9, 36), (36, 9), (10, 14), (14, 10), (10, 22), (22, 10), (10, 25), (25, 10), (10, 28), (28, 10), (10, 35), (35, 10), (11, 18), (18, 11), (11, 20), (20, 11), (11, 23), (23, 11), (11, 26), (26, 11), (12, 14), (14, 12), (12, 23), (23, 12), (12, 25), (25, 12), (12, 29), (29, 12), (13, 14), (14, 13), (13, 15), (15, 13), (13, 18), (18, 13), (13, 30), (30, 13), (13, 37), (37, 13), (14, 27), (27, 14), (14, 30), (30, 14), (14, 34), (34, 14), (15, 18), (18, 15), (15, 35), (35, 15), (15, 36), (36, 15), (16, 25), (25, 16), (17, 36), (36, 17), (18, 20), (20, 18), (18, 40), (40, 18), (19, 27), (27, 19), (19, 29), (29, 19), (19, 33), (33, 19), (20, 22), (22, 20), (20, 23), (23, 20), (20, 29), (29, 20), (20, 32), (32, 20), (20, 40), (40, 20), (21, 28), (28, 21), (21, 34), (34, 21), (22, 25), (25, 22), (22, 28), (28, 22), (22, 32), (32, 22), (22, 33), (33, 22), (22, 35), (35, 22), (23, 36), (36, 23), (24, 27), (27, 24), (26, 27), (27, 26), (26, 32), (32, 26), (27, 37), (37, 27), (28, 40), (40, 28), (29, 36), (36, 29), (30, 32), (32, 30), (30, 34), (34, 30), (31, 34), (34, 31), (35, 36), (36, 35)]
Z_dad = [27]
Y_dad = [22, 24, 36]
X_dad = [6, 13, 28]
Z_da-ad = [6]
Y_da-ad = [17, 36, 39]
X_da-ad = [13, 18, 27]
