no              #fail
656.859         #totTm
9.056           #lastADTm
8               #itDAD
2.286           #avItADGoal
19              #itADOpt
8               #opt
8               #optDA-AD
1.819           #tmDA
0.0             #relGain

V = [1, 2, 3, 4, 5, 6, 7, 8, 9, 10, 11, 12, 13, 14, 15, 16, 17, 18, 19, 20, 21, 22, 23, 24, 25, 26, 27, 28, 29, 30, 31, 32, 33, 34, 35, 36, 37, 38, 39, 40, 41, 42, 43, 44, 45, 46, 47, 48, 49, 50, 51, 52, 53, 54, 55, 56, 57, 58, 59, 60, 61, 62, 63, 64, 65, 66, 67, 68, 69, 70, 71, 72, 73, 74, 75, 76, 77, 78, 79, 80, 81, 82, 83, 84, 85, 86, 87, 88, 89, 90, 91, 92, 93, 94, 95, 96, 97, 98, 99, 100]
A = [(1, 56), (56, 1), (2, 18), (18, 2), (2, 62), (62, 2), (2, 84), (84, 2), (2, 90), (90, 2), (3, 44), (44, 3), (3, 60), (60, 3), (3, 69), (69, 3), (3, 85), (85, 3), (4, 5), (5, 4), (4, 12), (12, 4), (4, 23), (23, 4), (4, 32), (32, 4), (4, 88), (88, 4), (5, 30), (30, 5), (5, 34), (34, 5), (5, 39), (39, 5), (5, 63), (63, 5), (5, 64), (64, 5), (5, 75), (75, 5), (6, 7), (7, 6), (6, 42), (42, 6), (6, 52), (52, 6), (6, 59), (59, 6), (6, 80), (80, 6), (6, 83), (83, 6), (6, 99), (99, 6), (7, 15), (15, 7), (7, 19), (19, 7), (7, 49), (49, 7), (7, 77), (77, 7), (7, 93), (93, 7), (7, 97), (97, 7), (8, 30), (30, 8), (8, 41), (41, 8), (8, 84), (84, 8), (8, 96), (96, 8), (9, 69), (69, 9), (9, 76), (76, 9), (10, 13), (13, 10), (10, 36), (36, 10), (10, 42), (42, 10), (10, 49), (49, 10), (12, 25), (25, 12), (12, 53), (53, 12), (12, 100), (100, 12), (13, 29), (29, 13), (13, 32), (32, 13), (13, 33), (33, 13), (13, 54), (54, 13), (13, 63), (63, 13), (13, 72), (72, 13), (14, 18), (18, 14), (14, 23), (23, 14), (14, 29), (29, 14), (14, 51), (51, 14), (14, 98), (98, 14), (15, 90), (90, 15), (16, 31), (31, 16), (16, 49), (49, 16), (16, 88), (88, 16), (16, 89), (89, 16), (17, 40), (40, 17), (17, 46), (46, 17), (17, 60), (60, 17), (17, 78), (78, 17), (18, 21), (21, 18), (18, 38), (38, 18), (18, 42), (42, 18), (18, 57), (57, 18), (18, 64), (64, 18), (18, 83), (83, 18), (19, 21), (21, 19), (19, 26), (26, 19), (19, 44), (44, 19), (19, 81), (81, 19), (19, 86), (86, 19), (19, 89), (89, 19), (20, 22), (22, 20), (20, 28), (28, 20), (20, 39), (39, 20), (20, 71), (71, 20), (20, 72), (72, 20), (20, 90), (90, 20), (21, 48), (48, 21), (21, 49), (49, 21), (21, 67), (67, 21), (22, 46), (46, 22), (22, 59), (59, 22), (22, 73), (73, 22), (22, 84), (84, 22), (25, 26), (26, 25), (25, 55), (55, 25), (25, 58), (58, 25), (25, 68), (68, 25), (25, 99), (99, 25), (26, 47), (47, 26), (26, 54), (54, 26), (26, 68), (68, 26), (26, 73), (73, 26), (26, 77), (77, 26), (26, 86), (86, 26), (26, 99), (99, 26), (27, 33), (33, 27), (27, 37), (37, 27), (27, 85), (85, 27), (28, 93), (93, 28), (28, 96), (96, 28), (29, 53), (53, 29), (30, 64), (64, 30), (30, 66), (66, 30), (30, 77), (77, 30), (30, 92), (92, 30), (31, 47), (47, 31), (32, 39), (39, 32), (32, 43), (43, 32), (32, 84), (84, 32), (33, 82), (82, 33), (33, 87), (87, 33), (33, 88), (88, 33), (33, 100), (100, 33), (34, 42), (42, 34), (34, 53), (53, 34), (34, 56), (56, 34), (34, 59), (59, 34), (34, 60), (60, 34), (34, 64), (64, 34), (34, 72), (72, 34), (35, 73), (73, 35), (35, 86), (86, 35), (35, 91), (91, 35), (36, 53), (53, 36), (36, 54), (54, 36), (36, 64), (64, 36), (36, 77), (77, 36), (37, 73), (73, 37), (37, 83), (83, 37), (38, 51), (51, 38), (38, 65), (65, 38), (38, 66), (66, 38), (38, 80), (80, 38), (39, 62), (62, 39), (39, 74), (74, 39), (39, 86), (86, 39), (39, 87), (87, 39), (40, 69), (69, 40), (40, 72), (72, 40), (40, 87), (87, 40), (40, 97), (97, 40), (40, 98), (98, 40), (41, 45), (45, 41), (41, 64), (64, 41), (41, 68), (68, 41), (41, 70), (70, 41), (41, 89), (89, 41), (42, 59), (59, 42), (42, 64), (64, 42), (42, 94), (94, 42), (43, 44), (44, 43), (43, 45), (45, 43), (43, 69), (69, 43), (43, 79), (79, 43), (44, 50), (50, 44), (44, 66), (66, 44), (44, 75), (75, 44), (44, 80), (80, 44), (45, 51), (51, 45), (45, 82), (82, 45), (46, 86), (86, 46), (47, 58), (58, 47), (47, 70), (70, 47), (47, 96), (96, 47), (47, 97), (97, 47), (48, 49), (49, 48), (48, 61), (61, 48), (48, 63), (63, 48), (50, 53), (53, 50), (50, 72), (72, 50), (50, 76), (76, 50), (50, 77), (77, 50), (51, 75), (75, 51), (52, 56), (56, 52), (52, 86), (86, 52), (52, 94), (94, 52), (53, 57), (57, 53), (53, 72), (72, 53), (53, 90), (90, 53), (54, 63), (63, 54), (54, 74), (74, 54), (54, 78), (78, 54), (54, 91), (91, 54), (54, 95), (95, 54), (54, 97), (97, 54), (55, 61), (61, 55), (55, 77), (77, 55), (55, 99), (99, 55), (56, 63), (63, 56), (56, 69), (69, 56), (56, 85), (85, 56), (57, 72), (72, 57), (58, 72), (72, 58), (58, 82), (82, 58), (59, 61), (61, 59), (59, 80), (80, 59), (59, 87), (87, 59), (60, 92), (92, 60), (61, 95), (95, 61), (62, 65), (65, 62), (62, 87), (87, 62), (63, 70), (70, 63), (63, 75), (75, 63), (63, 79), (79, 63), (63, 80), (80, 63), (64, 67), (67, 64), (64, 70), (70, 64), (65, 73), (73, 65), (65, 84), (84, 65), (65, 89), (89, 65), (66, 70), (70, 66), (66, 94), (94, 66), (66, 99), (99, 66), (68, 100), (100, 68), (69, 92), (92, 69), (69, 98), (98, 69), (70, 77), (77, 70), (70, 91), (91, 70), (70, 98), (98, 70), (71, 89), (89, 71), (71, 98), (98, 71), (72, 84), (84, 72), (73, 82), (82, 73), (73, 85), (85, 73), (73, 86), (86, 73), (75, 94), (94, 75), (76, 99), (99, 76), (77, 84), (84, 77), (77, 89), (89, 77), (78, 99), (99, 78), (79, 84), (84, 79), (80, 84), (84, 80), (86, 87), (87, 86), (87, 88), (88, 87), (87, 97), (97, 87), (88, 93), (93, 88), (88, 100), (100, 88), (89, 96), (96, 89), (93, 95), (95, 93)]
Z_dad = [19, 69]
Y_dad = [76, 84]
X_dad = [44, 56]
Z_da-ad = [19, 56]
Y_da-ad = [11, 39]
X_da-ad = [4, 14]
