no              #fail
314.990         #totTm
10.702          #lastADTm
8               #itDAD
3.143           #avItADGoal
27              #itADOpt
9               #opt
9               #optDA-AD
1.43            #tmDA
0.0             #relGain

V = [1, 2, 3, 4, 5, 6, 7, 8, 9, 10, 11, 12, 13, 14, 15, 16, 17, 18, 19, 20, 21, 22, 23, 24, 25, 26, 27, 28, 29, 30, 31, 32, 33, 34, 35, 36, 37, 38, 39, 40, 41, 42, 43, 44, 45, 46, 47, 48, 49, 50, 51, 52, 53, 54, 55, 56, 57, 58, 59, 60, 61, 62, 63, 64, 65, 66, 67, 68, 69, 70, 71, 72, 73, 74, 75, 76, 77, 78, 79, 80, 81, 82, 83, 84, 85, 86, 87, 88, 89, 90, 91, 92, 93, 94, 95, 96, 97, 98, 99, 100]
A = [(1, 4), (4, 1), (1, 12), (12, 1), (1, 14), (14, 1), (1, 26), (26, 1), (1, 31), (31, 1), (1, 37), (37, 1), (1, 39), (39, 1), (1, 61), (61, 1), (2, 21), (21, 2), (2, 22), (22, 2), (2, 24), (24, 2), (2, 30), (30, 2), (2, 42), (42, 2), (2, 50), (50, 2), (2, 58), (58, 2), (2, 80), (80, 2), (2, 88), (88, 2), (3, 8), (8, 3), (3, 13), (13, 3), (3, 33), (33, 3), (3, 60), (60, 3), (3, 82), (82, 3), (4, 37), (37, 4), (4, 51), (51, 4), (4, 78), (78, 4), (4, 92), (92, 4), (4, 93), (93, 4), (5, 61), (61, 5), (5, 64), (64, 5), (5, 65), (65, 5), (5, 71), (71, 5), (5, 89), (89, 5), (5, 92), (92, 5), (6, 16), (16, 6), (6, 22), (22, 6), (6, 80), (80, 6), (7, 14), (14, 7), (7, 32), (32, 7), (7, 33), (33, 7), (7, 42), (42, 7), (7, 94), (94, 7), (8, 18), (18, 8), (8, 25), (25, 8), (9, 23), (23, 9), (9, 45), (45, 9), (9, 62), (62, 9), (9, 90), (90, 9), (10, 15), (15, 10), (10, 24), (24, 10), (10, 44), (44, 10), (10, 69), (69, 10), (10, 77), (77, 10), (11, 75), (75, 11), (12, 20), (20, 12), (12, 40), (40, 12), (13, 21), (21, 13), (13, 27), (27, 13), (13, 28), (28, 13), (13, 81), (81, 13), (13, 97), (97, 13), (14, 16), (16, 14), (14, 26), (26, 14), (14, 41), (41, 14), (14, 75), (75, 14), (14, 81), (81, 14), (14, 93), (93, 14), (15, 22), (22, 15), (15, 27), (27, 15), (15, 44), (44, 15), (15, 60), (60, 15), (15, 69), (69, 15), (15, 97), (97, 15), (16, 29), (29, 16), (16, 48), (48, 16), (16, 62), (62, 16), (16, 80), (80, 16), (16, 88), (88, 16), (16, 95), (95, 16), (17, 37), (37, 17), (17, 48), (48, 17), (18, 27), (27, 18), (18, 41), (41, 18), (18, 46), (46, 18), (18, 74), (74, 18), (19, 28), (28, 19), (19, 46), (46, 19), (19, 66), (66, 19), (19, 74), (74, 19), (19, 83), (83, 19), (19, 91), (91, 19), (20, 38), (38, 20), (20, 39), (39, 20), (20, 66), (66, 20), (20, 72), (72, 20), (20, 84), (84, 20), (21, 40), (40, 21), (21, 43), (43, 21), (21, 87), (87, 21), (21, 90), (90, 21), (21, 100), (100, 21), (22, 91), (91, 22), (23, 31), (31, 23), (23, 42), (42, 23), (23, 77), (77, 23), (24, 32), (32, 24), (24, 41), (41, 24), (24, 64), (64, 24), (24, 71), (71, 24), (24, 72), (72, 24), (24, 88), (88, 24), (25, 52), (52, 25), (25, 69), (69, 25), (25, 85), (85, 25), (26, 48), (48, 26), (26, 70), (70, 26), (26, 93), (93, 26), (28, 32), (32, 28), (28, 41), (41, 28), (28, 83), (83, 28), (28, 88), (88, 28), (28, 91), (91, 28), (29, 42), (42, 29), (29, 67), (67, 29), (29, 70), (70, 29), (29, 74), (74, 29), (30, 81), (81, 30), (31, 94), (94, 31), (32, 58), (58, 32), (32, 74), (74, 32), (33, 60), (60, 33), (34, 69), (69, 34), (35, 84), (84, 35), (36, 43), (43, 36), (36, 45), (45, 36), (36, 55), (55, 36), (36, 80), (80, 36), (37, 45), (45, 37), (37, 54), (54, 37), (37, 89), (89, 37), (38, 48), (48, 38), (38, 92), (92, 38), (38, 97), (97, 38), (38, 100), (100, 38), (39, 45), (45, 39), (39, 56), (56, 39), (39, 86), (86, 39), (40, 56), (56, 40), (40, 84), (84, 40), (40, 86), (86, 40), (41, 52), (52, 41), (41, 59), (59, 41), (41, 73), (73, 41), (41, 89), (89, 41), (41, 90), (90, 41), (42, 44), (44, 42), (42, 49), (49, 42), (42, 56), (56, 42), (42, 69), (69, 42), (42, 78), (78, 42), (43, 92), (92, 43), (44, 52), (52, 44), (44, 64), (64, 44), (44, 75), (75, 44), (44, 83), (83, 44), (44, 85), (85, 44), (45, 59), (59, 45), (45, 68), (68, 45), (45, 73), (73, 45), (45, 89), (89, 45), (45, 98), (98, 45), (46, 60), (60, 46), (46, 64), (64, 46), (46, 84), (84, 46), (46, 94), (94, 46), (47, 49), (49, 47), (47, 62), (62, 47), (47, 65), (65, 47), (48, 57), (57, 48), (48, 62), (62, 48), (48, 63), (63, 48), (48, 65), (65, 48), (48, 74), (74, 48), (48, 82), (82, 48), (49, 69), (69, 49), (49, 75), (75, 49), (49, 100), (100, 49), (50, 54), (54, 50), (51, 64), (64, 51), (51, 69), (69, 51), (51, 72), (72, 51), (53, 59), (59, 53), (54, 64), (64, 54), (54, 89), (89, 54), (55, 57), (57, 55), (55, 73), (73, 55), (55, 86), (86, 55), (56, 59), (59, 56), (56, 61), (61, 56), (56, 81), (81, 56), (56, 86), (86, 56), (56, 96), (96, 56), (57, 65), (65, 57), (57, 67), (67, 57), (58, 72), (72, 58), (59, 64), (64, 59), (59, 84), (84, 59), (59, 94), (94, 59), (59, 97), (97, 59), (61, 67), (67, 61), (62, 89), (89, 62), (62, 91), (91, 62), (63, 64), (64, 63), (63, 83), (83, 63), (64, 91), (91, 64), (65, 70), (70, 65), (65, 86), (86, 65), (66, 67), (67, 66), (66, 82), (82, 66), (67, 94), (94, 67), (68, 74), (74, 68), (68, 98), (98, 68), (69, 95), (95, 69), (70, 75), (75, 70), (70, 77), (77, 70), (70, 84), (84, 70), (70, 96), (96, 70), (71, 95), (95, 71), (71, 97), (97, 71), (72, 90), (90, 72), (72, 94), (94, 72), (73, 74), (74, 73), (73, 84), (84, 73), (73, 96), (96, 73), (74, 99), (99, 74), (77, 80), (80, 77), (77, 85), (85, 77), (78, 80), (80, 78), (80, 90), (90, 80), (83, 98), (98, 83), (85, 87), (87, 85), (85, 97), (97, 85), (87, 100), (100, 87), (90, 92), (92, 90), (91, 93), (93, 91), (93, 96), (96, 93), (94, 96), (96, 94), (94, 98), (98, 94)]
Z_dad = [69, 74]
Y_dad = [59, 84]
X_dad = [29, 75]
Z_da-ad = [59, 75]
Y_da-ad = [2, 11]
X_da-ad = [74, 84]
