no              #fail
384.493         #totTm
5.621           #lastADTm
7               #itDAD
4.000           #avItADGoal
13              #itADOpt
7               #opt
7               #optDA-AD
9.94            #tmDA
0.0             #relGain

V = [1, 2, 3, 4, 5, 6, 7, 8, 9, 10, 11, 12, 13, 14, 15, 16, 17, 18, 19, 20, 21, 22, 23, 24, 25, 26, 27, 28, 29, 30, 31, 32, 33, 34, 35, 36, 37, 38, 39, 40, 41, 42, 43, 44, 45, 46, 47, 48, 49, 50, 51, 52, 53, 54, 55, 56, 57, 58, 59, 60, 61, 62, 63, 64, 65, 66, 67, 68, 69, 70, 71, 72, 73, 74, 75, 76, 77, 78, 79, 80, 81, 82, 83, 84, 85, 86, 87, 88, 89, 90, 91, 92, 93, 94, 95, 96, 97, 98, 99, 100]
A = [(1, 18), (18, 1), (1, 22), (22, 1), (1, 31), (31, 1), (1, 42), (42, 1), (1, 50), (50, 1), (1, 71), (71, 1), (1, 75), (75, 1), (1, 91), (91, 1), (1, 92), (92, 1), (1, 94), (94, 1), (2, 6), (6, 2), (2, 20), (20, 2), (2, 27), (27, 2), (2, 38), (38, 2), (2, 71), (71, 2), (2, 73), (73, 2), (3, 31), (31, 3), (4, 14), (14, 4), (4, 32), (32, 4), (4, 42), (42, 4), (4, 49), (49, 4), (4, 55), (55, 4), (4, 62), (62, 4), (4, 98), (98, 4), (5, 14), (14, 5), (5, 35), (35, 5), (5, 43), (43, 5), (5, 92), (92, 5), (6, 39), (39, 6), (6, 61), (61, 6), (6, 64), (64, 6), (6, 66), (66, 6), (6, 95), (95, 6), (6, 98), (98, 6), (7, 17), (17, 7), (7, 79), (79, 7), (7, 98), (98, 7), (8, 9), (9, 8), (8, 10), (10, 8), (8, 29), (29, 8), (8, 46), (46, 8), (8, 76), (76, 8), (8, 95), (95, 8), (8, 98), (98, 8), (9, 34), (34, 9), (9, 44), (44, 9), (9, 56), (56, 9), (9, 82), (82, 9), (10, 48), (48, 10), (10, 64), (64, 10), (10, 65), (65, 10), (10, 66), (66, 10), (11, 20), (20, 11), (11, 27), (27, 11), (11, 62), (62, 11), (11, 74), (74, 11), (12, 45), (45, 12), (12, 72), (72, 12), (12, 83), (83, 12), (13, 34), (34, 13), (13, 39), (39, 13), (13, 55), (55, 13), (13, 67), (67, 13), (13, 68), (68, 13), (13, 78), (78, 13), (13, 80), (80, 13), (14, 43), (43, 14), (14, 46), (46, 14), (14, 66), (66, 14), (14, 91), (91, 14), (15, 24), (24, 15), (15, 35), (35, 15), (15, 61), (61, 15), (15, 92), (92, 15), (16, 31), (31, 16), (16, 33), (33, 16), (16, 45), (45, 16), (16, 67), (67, 16), (16, 82), (82, 16), (17, 35), (35, 17), (17, 45), (45, 17), (17, 50), (50, 17), (17, 85), (85, 17), (18, 67), (67, 18), (18, 73), (73, 18), (18, 79), (79, 18), (18, 100), (100, 18), (19, 78), (78, 19), (20, 75), (75, 20), (20, 94), (94, 20), (20, 99), (99, 20), (21, 26), (26, 21), (21, 40), (40, 21), (21, 80), (80, 21), (21, 95), (95, 21), (22, 39), (39, 22), (22, 68), (68, 22), (22, 92), (92, 22), (23, 26), (26, 23), (23, 54), (54, 23), (23, 79), (79, 23), (23, 86), (86, 23), (23, 90), (90, 23), (23, 91), (91, 23), (23, 100), (100, 23), (24, 75), (75, 24), (24, 85), (85, 24), (25, 72), (72, 25), (26, 60), (60, 26), (26, 76), (76, 26), (26, 89), (89, 26), (26, 95), (95, 26), (26, 99), (99, 26), (27, 35), (35, 27), (27, 39), (39, 27), (27, 44), (44, 27), (27, 68), (68, 27), (28, 34), (34, 28), (28, 90), (90, 28), (28, 96), (96, 28), (29, 31), (31, 29), (29, 47), (47, 29), (29, 48), (48, 29), (29, 100), (100, 29), (30, 31), (31, 30), (30, 57), (57, 30), (30, 68), (68, 30), (31, 64), (64, 31), (31, 65), (65, 31), (31, 72), (72, 31), (31, 91), (91, 31), (32, 60), (60, 32), (32, 96), (96, 32), (33, 45), (45, 33), (33, 46), (46, 33), (33, 49), (49, 33), (33, 75), (75, 33), (33, 79), (79, 33), (33, 94), (94, 33), (35, 45), (45, 35), (35, 68), (68, 35), (36, 47), (47, 36), (36, 50), (50, 36), (36, 72), (72, 36), (37, 46), (46, 37), (37, 91), (91, 37), (38, 69), (69, 38), (38, 82), (82, 38), (38, 90), (90, 38), (38, 93), (93, 38), (38, 95), (95, 38), (38, 98), (98, 38), (40, 49), (49, 40), (40, 53), (53, 40), (40, 60), (60, 40), (40, 90), (90, 40), (40, 93), (93, 40), (41, 49), (49, 41), (41, 75), (75, 41), (41, 77), (77, 41), (41, 94), (94, 41), (42, 82), (82, 42), (42, 89), (89, 42), (42, 100), (100, 42), (43, 85), (85, 43), (44, 55), (55, 44), (44, 58), (58, 44), (44, 62), (62, 44), (44, 92), (92, 44), (44, 97), (97, 44), (44, 99), (99, 44), (45, 78), (78, 45), (45, 83), (83, 45), (45, 87), (87, 45), (46, 84), (84, 46), (47, 76), (76, 47), (47, 78), (78, 47), (47, 86), (86, 47), (48, 50), (50, 48), (48, 52), (52, 48), (48, 90), (90, 48), (48, 98), (98, 48), (49, 51), (51, 49), (49, 57), (57, 49), (49, 60), (60, 49), (49, 67), (67, 49), (49, 88), (88, 49), (50, 75), (75, 50), (51, 58), (58, 51), (51, 62), (62, 51), (51, 75), (75, 51), (52, 73), (73, 52), (52, 79), (79, 52), (53, 70), (70, 53), (53, 72), (72, 53), (53, 99), (99, 53), (55, 71), (71, 55), (55, 81), (81, 55), (55, 91), (91, 55), (56, 90), (90, 56), (57, 63), (63, 57), (57, 66), (66, 57), (57, 84), (84, 57), (58, 61), (61, 58), (58, 71), (71, 58), (58, 96), (96, 58), (59, 73), (73, 59), (59, 87), (87, 59), (60, 65), (65, 60), (60, 98), (98, 60), (61, 67), (67, 61), (61, 79), (79, 61), (62, 63), (63, 62), (63, 82), (82, 63), (63, 83), (83, 63), (63, 89), (89, 63), (64, 67), (67, 64), (64, 70), (70, 64), (64, 73), (73, 64), (64, 94), (94, 64), (65, 81), (81, 65), (66, 70), (70, 66), (66, 95), (95, 66), (67, 74), (74, 67), (68, 87), (87, 68), (69, 77), (77, 69), (69, 81), (81, 69), (70, 90), (90, 70), (71, 80), (80, 71), (71, 85), (85, 71), (72, 97), (97, 72), (73, 93), (93, 73), (75, 83), (83, 75), (75, 96), (96, 75), (76, 85), (85, 76), (77, 79), (79, 77), (78, 80), (80, 78), (79, 92), (92, 79), (81, 93), (93, 81), (83, 85), (85, 83), (83, 86), (86, 83), (83, 90), (90, 83), (84, 87), (87, 84), (84, 89), (89, 84), (86, 90), (90, 86), (87, 92), (92, 87), (94, 96), (96, 94)]
Z_dad = [31, 49]
Y_dad = [23, 72]
X_dad = [57, 68]
Z_da-ad = [31, 72]
Y_da-ad = [3, 23]
X_da-ad = [44, 78]
