no              #fail
1048.940        #totTm
4.673           #lastADTm
11              #itDAD
4.900           #avItADGoal
26              #itADOpt
8               #opt
8               #optDA-AD
1.559           #tmDA
0.0             #relGain

V = [1, 2, 3, 4, 5, 6, 7, 8, 9, 10, 11, 12, 13, 14, 15, 16, 17, 18, 19, 20, 21, 22, 23, 24, 25, 26, 27, 28, 29, 30, 31, 32, 33, 34, 35, 36, 37, 38, 39, 40, 41, 42, 43, 44, 45, 46, 47, 48, 49, 50, 51, 52, 53, 54, 55, 56, 57, 58, 59, 60, 61, 62, 63, 64, 65, 66, 67, 68, 69, 70, 71, 72, 73, 74, 75, 76, 77, 78, 79, 80, 81, 82, 83, 84, 85, 86, 87, 88, 89, 90, 91, 92, 93, 94, 95, 96, 97, 98, 99, 100]
A = [(1, 3), (3, 1), (1, 9), (9, 1), (1, 17), (17, 1), (1, 37), (37, 1), (1, 41), (41, 1), (2, 8), (8, 2), (2, 42), (42, 2), (2, 43), (43, 2), (2, 64), (64, 2), (2, 65), (65, 2), (3, 38), (38, 3), (3, 43), (43, 3), (3, 98), (98, 3), (4, 13), (13, 4), (4, 17), (17, 4), (4, 48), (48, 4), (4, 49), (49, 4), (5, 11), (11, 5), (5, 24), (24, 5), (5, 40), (40, 5), (5, 64), (64, 5), (5, 81), (81, 5), (6, 17), (17, 6), (6, 39), (39, 6), (6, 62), (62, 6), (6, 79), (79, 6), (8, 25), (25, 8), (8, 28), (28, 8), (8, 41), (41, 8), (8, 93), (93, 8), (8, 94), (94, 8), (9, 32), (32, 9), (9, 46), (46, 9), (9, 69), (69, 9), (10, 19), (19, 10), (10, 56), (56, 10), (10, 60), (60, 10), (10, 80), (80, 10), (10, 96), (96, 10), (11, 16), (16, 11), (11, 30), (30, 11), (11, 43), (43, 11), (11, 59), (59, 11), (11, 84), (84, 11), (12, 38), (38, 12), (12, 39), (39, 12), (12, 46), (46, 12), (12, 63), (63, 12), (12, 73), (73, 12), (12, 74), (74, 12), (12, 76), (76, 12), (12, 85), (85, 12), (13, 20), (20, 13), (13, 36), (36, 13), (13, 42), (42, 13), (13, 63), (63, 13), (13, 93), (93, 13), (14, 17), (17, 14), (14, 46), (46, 14), (14, 49), (49, 14), (14, 52), (52, 14), (14, 78), (78, 14), (14, 96), (96, 14), (15, 54), (54, 15), (15, 75), (75, 15), (16, 57), (57, 16), (17, 44), (44, 17), (18, 32), (32, 18), (18, 43), (43, 18), (18, 69), (69, 18), (18, 83), (83, 18), (19, 56), (56, 19), (19, 71), (71, 19), (19, 85), (85, 19), (20, 31), (31, 20), (20, 68), (68, 20), (20, 77), (77, 20), (20, 80), (80, 20), (20, 81), (81, 20), (20, 82), (82, 20), (20, 88), (88, 20), (20, 89), (89, 20), (21, 41), (41, 21), (21, 58), (58, 21), (22, 39), (39, 22), (22, 42), (42, 22), (22, 43), (43, 22), (22, 56), (56, 22), (22, 67), (67, 22), (23, 33), (33, 23), (23, 85), (85, 23), (24, 28), (28, 24), (24, 49), (49, 24), (24, 56), (56, 24), (25, 40), (40, 25), (25, 47), (47, 25), (25, 54), (54, 25), (25, 65), (65, 25), (25, 88), (88, 25), (25, 94), (94, 25), (26, 82), (82, 26), (26, 96), (96, 26), (26, 100), (100, 26), (27, 28), (28, 27), (27, 32), (32, 27), (27, 42), (42, 27), (27, 97), (97, 27), (28, 55), (55, 28), (28, 65), (65, 28), (28, 81), (81, 28), (28, 83), (83, 28), (28, 90), (90, 28), (29, 60), (60, 29), (29, 65), (65, 29), (29, 72), (72, 29), (29, 87), (87, 29), (30, 36), (36, 30), (30, 38), (38, 30), (30, 70), (70, 30), (30, 84), (84, 30), (31, 82), (82, 31), (31, 86), (86, 31), (31, 90), (90, 31), (32, 54), (54, 32), (32, 88), (88, 32), (33, 42), (42, 33), (33, 89), (89, 33), (33, 90), (90, 33), (34, 69), (69, 34), (34, 72), (72, 34), (34, 91), (91, 34), (35, 76), (76, 35), (35, 81), (81, 35), (36, 60), (60, 36), (37, 91), (91, 37), (37, 98), (98, 37), (38, 75), (75, 38), (38, 87), (87, 38), (39, 40), (40, 39), (39, 72), (72, 39), (39, 74), (74, 39), (39, 98), (98, 39), (40, 48), (48, 40), (40, 67), (67, 40), (40, 75), (75, 40), (40, 88), (88, 40), (41, 51), (51, 41), (41, 73), (73, 41), (41, 79), (79, 41), (41, 85), (85, 41), (41, 96), (96, 41), (42, 45), (45, 42), (42, 51), (51, 42), (42, 85), (85, 42), (42, 95), (95, 42), (43, 78), (78, 43), (43, 92), (92, 43), (43, 94), (94, 43), (44, 77), (77, 44), (44, 90), (90, 44), (45, 79), (79, 45), (45, 81), (81, 45), (46, 84), (84, 46), (47, 65), (65, 47), (47, 74), (74, 47), (47, 89), (89, 47), (48, 52), (52, 48), (48, 68), (68, 48), (49, 52), (52, 49), (49, 56), (56, 49), (49, 68), (68, 49), (49, 71), (71, 49), (49, 76), (76, 49), (49, 78), (78, 49), (49, 93), (93, 49), (49, 95), (95, 49), (50, 68), (68, 50), (51, 55), (55, 51), (51, 57), (57, 51), (51, 64), (64, 51), (51, 65), (65, 51), (51, 77), (77, 51), (51, 83), (83, 51), (52, 56), (56, 52), (52, 71), (71, 52), (52, 88), (88, 52), (53, 60), (60, 53), (53, 80), (80, 53), (53, 83), (83, 53), (53, 85), (85, 53), (54, 88), (88, 54), (55, 63), (63, 55), (55, 72), (72, 55), (55, 73), (73, 55), (55, 97), (97, 55), (56, 60), (60, 56), (56, 70), (70, 56), (56, 76), (76, 56), (57, 62), (62, 57), (57, 74), (74, 57), (57, 76), (76, 57), (58, 87), (87, 58), (59, 68), (68, 59), (59, 69), (69, 59), (59, 82), (82, 59), (60, 70), (70, 60), (60, 74), (74, 60), (60, 92), (92, 60), (61, 88), (88, 61), (62, 72), (72, 62), (63, 77), (77, 63), (63, 94), (94, 63), (64, 65), (65, 64), (64, 76), (76, 64), (64, 78), (78, 64), (64, 89), (89, 64), (64, 96), (96, 64), (65, 72), (72, 65), (67, 68), (68, 67), (67, 73), (73, 67), (67, 74), (74, 67), (68, 82), (82, 68), (68, 96), (96, 68), (71, 78), (78, 71), (71, 97), (97, 71), (71, 99), (99, 71), (72, 81), (81, 72), (73, 81), (81, 73), (73, 83), (83, 73), (74, 85), (85, 74), (74, 96), (96, 74), (75, 93), (93, 75), (75, 99), (99, 75), (76, 94), (94, 76), (76, 100), (100, 76), (78, 82), (82, 78), (79, 82), (82, 79), (80, 88), (88, 80), (80, 91), (91, 80), (80, 96), (96, 80), (81, 100), (100, 81), (83, 89), (89, 83), (85, 93), (93, 85), (87, 97), (97, 87), (89, 94), (94, 89), (95, 97), (97, 95), (96, 97), (97, 96)]
Z_dad = [41, 88]
Y_dad = [58, 68]
X_dad = [31, 79]
Z_da-ad = [68, 88]
Y_da-ad = [41, 66]
X_da-ad = [76, 81]
