no              #fail
237.456         #totTm
4.536           #lastADTm
7               #itDAD
2.667           #avItADGoal
14              #itADOpt
8               #opt
8               #optDA-AD
2.653           #tmDA
0.0             #relGain

V = [1, 2, 3, 4, 5, 6, 7, 8, 9, 10, 11, 12, 13, 14, 15, 16, 17, 18, 19, 20, 21, 22, 23, 24, 25, 26, 27, 28, 29, 30, 31, 32, 33, 34, 35, 36, 37, 38, 39, 40, 41, 42, 43, 44, 45, 46, 47, 48, 49, 50, 51, 52, 53, 54, 55, 56, 57, 58, 59, 60, 61, 62, 63, 64, 65, 66, 67, 68, 69, 70, 71, 72, 73, 74, 75, 76, 77, 78, 79, 80, 81, 82, 83, 84, 85, 86, 87, 88, 89, 90, 91, 92, 93, 94, 95, 96, 97, 98, 99, 100]
A = [(1, 2), (2, 1), (1, 5), (5, 1), (1, 12), (12, 1), (1, 15), (15, 1), (2, 15), (15, 2), (2, 23), (23, 2), (2, 25), (25, 2), (2, 71), (71, 2), (3, 20), (20, 3), (3, 50), (50, 3), (3, 60), (60, 3), (3, 67), (67, 3), (3, 83), (83, 3), (3, 90), (90, 3), (3, 95), (95, 3), (4, 21), (21, 4), (4, 35), (35, 4), (4, 39), (39, 4), (4, 59), (59, 4), (4, 76), (76, 4), (5, 57), (57, 5), (5, 69), (69, 5), (5, 77), (77, 5), (5, 87), (87, 5), (5, 90), (90, 5), (5, 93), (93, 5), (6, 14), (14, 6), (6, 63), (63, 6), (6, 90), (90, 6), (7, 23), (23, 7), (7, 24), (24, 7), (7, 29), (29, 7), (7, 30), (30, 7), (7, 41), (41, 7), (7, 64), (64, 7), (7, 75), (75, 7), (7, 80), (80, 7), (8, 20), (20, 8), (8, 23), (23, 8), (8, 31), (31, 8), (8, 37), (37, 8), (8, 78), (78, 8), (8, 87), (87, 8), (9, 53), (53, 9), (9, 77), (77, 9), (9, 82), (82, 9), (10, 17), (17, 10), (10, 39), (39, 10), (10, 41), (41, 10), (11, 63), (63, 11), (11, 83), (83, 11), (12, 27), (27, 12), (12, 38), (38, 12), (12, 49), (49, 12), (13, 18), (18, 13), (13, 29), (29, 13), (13, 46), (46, 13), (14, 59), (59, 14), (14, 66), (66, 14), (15, 50), (50, 15), (15, 53), (53, 15), (15, 65), (65, 15), (15, 69), (69, 15), (15, 81), (81, 15), (15, 88), (88, 15), (15, 93), (93, 15), (16, 67), (67, 16), (16, 93), (93, 16), (17, 40), (40, 17), (17, 57), (57, 17), (17, 59), (59, 17), (18, 76), (76, 18), (18, 87), (87, 18), (18, 95), (95, 18), (19, 21), (21, 19), (19, 29), (29, 19), (19, 77), (77, 19), (19, 80), (80, 19), (19, 81), (81, 19), (19, 82), (82, 19), (19, 88), (88, 19), (19, 95), (95, 19), (20, 23), (23, 20), (21, 41), (41, 21), (21, 77), (77, 21), (22, 36), (36, 22), (22, 42), (42, 22), (22, 53), (53, 22), (22, 68), (68, 22), (22, 70), (70, 22), (22, 71), (71, 22), (22, 74), (74, 22), (24, 65), (65, 24), (24, 81), (81, 24), (24, 93), (93, 24), (25, 35), (35, 25), (25, 40), (40, 25), (25, 41), (41, 25), (25, 46), (46, 25), (26, 42), (42, 26), (26, 47), (47, 26), (26, 54), (54, 26), (26, 63), (63, 26), (26, 66), (66, 26), (26, 71), (71, 26), (26, 74), (74, 26), (26, 92), (92, 26), (27, 56), (56, 27), (28, 31), (31, 28), (28, 34), (34, 28), (28, 62), (62, 28), (28, 65), (65, 28), (28, 80), (80, 28), (29, 37), (37, 29), (29, 38), (38, 29), (30, 51), (51, 30), (30, 58), (58, 30), (30, 78), (78, 30), (31, 56), (56, 31), (31, 94), (94, 31), (32, 72), (72, 32), (32, 73), (73, 32), (32, 97), (97, 32), (33, 46), (46, 33), (35, 39), (39, 35), (35, 47), (47, 35), (35, 51), (51, 35), (35, 74), (74, 35), (35, 76), (76, 35), (35, 82), (82, 35), (35, 95), (95, 35), (35, 98), (98, 35), (36, 44), (44, 36), (36, 84), (84, 36), (36, 85), (85, 36), (36, 94), (94, 36), (37, 39), (39, 37), (37, 58), (58, 37), (37, 62), (62, 37), (38, 42), (42, 38), (38, 90), (90, 38), (38, 91), (91, 38), (38, 93), (93, 38), (38, 99), (99, 38), (39, 93), (93, 39), (39, 100), (100, 39), (40, 47), (47, 40), (40, 54), (54, 40), (41, 58), (58, 41), (41, 91), (91, 41), (41, 96), (96, 41), (42, 52), (52, 42), (42, 53), (53, 42), (42, 59), (59, 42), (42, 66), (66, 42), (42, 84), (84, 42), (43, 57), (57, 43), (43, 72), (72, 43), (44, 46), (46, 44), (45, 52), (52, 45), (45, 80), (80, 45), (45, 100), (100, 45), (46, 80), (80, 46), (46, 84), (84, 46), (46, 85), (85, 46), (47, 49), (49, 47), (47, 51), (51, 47), (47, 72), (72, 47), (47, 96), (96, 47), (48, 96), (96, 48), (49, 72), (72, 49), (49, 96), (96, 49), (50, 53), (53, 50), (50, 78), (78, 50), (50, 93), (93, 50), (50, 100), (100, 50), (51, 53), (53, 51), (51, 60), (60, 51), (51, 81), (81, 51), (51, 88), (88, 51), (51, 95), (95, 51), (52, 59), (59, 52), (53, 73), (73, 53), (53, 82), (82, 53), (53, 85), (85, 53), (53, 88), (88, 53), (53, 94), (94, 53), (54, 61), (61, 54), (54, 62), (62, 54), (54, 90), (90, 54), (54, 97), (97, 54), (55, 57), (57, 55), (55, 77), (77, 55), (55, 99), (99, 55), (56, 67), (67, 56), (56, 91), (91, 56), (56, 96), (96, 56), (57, 77), (77, 57), (58, 73), (73, 58), (58, 78), (78, 58), (58, 85), (85, 58), (58, 86), (86, 58), (58, 97), (97, 58), (59, 64), (64, 59), (59, 97), (97, 59), (59, 99), (99, 59), (60, 96), (96, 60), (62, 81), (81, 62), (62, 94), (94, 62), (64, 69), (69, 64), (64, 79), (79, 64), (64, 84), (84, 64), (64, 86), (86, 64), (65, 70), (70, 65), (65, 73), (73, 65), (65, 95), (95, 65), (66, 69), (69, 66), (66, 77), (77, 66), (66, 81), (81, 66), (66, 92), (92, 66), (67, 72), (72, 67), (69, 98), (98, 69), (70, 88), (88, 70), (70, 98), (98, 70), (72, 98), (98, 72), (74, 86), (86, 74), (75, 76), (76, 75), (75, 87), (87, 75), (76, 80), (80, 76), (77, 85), (85, 77), (78, 79), (79, 78), (80, 83), (83, 80), (82, 83), (83, 82), (82, 91), (91, 82), (82, 93), (93, 82), (83, 98), (98, 83), (83, 100), (100, 83), (84, 96), (96, 84), (85, 87), (87, 85), (86, 95), (95, 86), (87, 96), (96, 87), (87, 97), (97, 87), (88, 92), (92, 88), (88, 99), (99, 88), (90, 98), (98, 90), (92, 100), (100, 92), (94, 99), (99, 94)]
Z_dad = [54, 96]
Y_dad = [48, 53]
X_dad = [22, 28]
Z_da-ad = [22, 46]
Y_da-ad = [28, 33]
X_da-ad = [36, 96]
