no              #fail
3941.060        #totTm
6.174           #lastADTm
7               #itDAD
2.833           #avItADGoal
17              #itADOpt
7               #opt
6               #optDA-AD
2.649           #tmDA
14.3            #relGain

V = [1, 2, 3, 4, 5, 6, 7, 8, 9, 10, 11, 12, 13, 14, 15, 16, 17, 18, 19, 20, 21, 22, 23, 24, 25, 26, 27, 28, 29, 30, 31, 32, 33, 34, 35, 36, 37, 38, 39, 40, 41, 42, 43, 44, 45, 46, 47, 48, 49, 50, 51, 52, 53, 54, 55, 56, 57, 58, 59, 60, 61, 62, 63, 64, 65, 66, 67, 68, 69, 70, 71, 72, 73, 74, 75, 76, 77, 78, 79, 80, 81, 82, 83, 84, 85, 86, 87, 88, 89, 90, 91, 92, 93, 94, 95, 96, 97, 98, 99, 100]
A = [(1, 3), (3, 1), (1, 30), (30, 1), (1, 35), (35, 1), (1, 41), (41, 1), (1, 76), (76, 1), (1, 79), (79, 1), (1, 80), (80, 1), (1, 86), (86, 1), (1, 97), (97, 1), (2, 18), (18, 2), (2, 44), (44, 2), (2, 71), (71, 2), (2, 78), (78, 2), (2, 80), (80, 2), (2, 81), (81, 2), (3, 94), (94, 3), (4, 40), (40, 4), (4, 79), (79, 4), (4, 98), (98, 4), (5, 22), (22, 5), (5, 44), (44, 5), (5, 51), (51, 5), (6, 16), (16, 6), (6, 34), (34, 6), (6, 51), (51, 6), (6, 60), (60, 6), (6, 63), (63, 6), (6, 80), (80, 6), (6, 84), (84, 6), (6, 97), (97, 6), (7, 14), (14, 7), (7, 17), (17, 7), (7, 18), (18, 7), (7, 68), (68, 7), (8, 12), (12, 8), (8, 37), (37, 8), (8, 86), (86, 8), (9, 17), (17, 9), (9, 37), (37, 9), (9, 61), (61, 9), (9, 76), (76, 9), (10, 32), (32, 10), (10, 34), (34, 10), (10, 40), (40, 10), (10, 74), (74, 10), (10, 99), (99, 10), (11, 15), (15, 11), (11, 37), (37, 11), (11, 59), (59, 11), (11, 67), (67, 11), (12, 27), (27, 12), (12, 33), (33, 12), (12, 47), (47, 12), (12, 74), (74, 12), (13, 23), (23, 13), (13, 42), (42, 13), (13, 58), (58, 13), (13, 75), (75, 13), (13, 83), (83, 13), (14, 22), (22, 14), (14, 37), (37, 14), (15, 62), (62, 15), (15, 79), (79, 15), (16, 19), (19, 16), (16, 34), (34, 16), (16, 39), (39, 16), (16, 74), (74, 16), (16, 77), (77, 16), (16, 81), (81, 16), (16, 97), (97, 16), (17, 24), (24, 17), (17, 31), (31, 17), (17, 93), (93, 17), (18, 79), (79, 18), (18, 95), (95, 18), (19, 68), (68, 19), (20, 23), (23, 20), (20, 29), (29, 20), (20, 42), (42, 20), (20, 58), (58, 20), (20, 61), (61, 20), (21, 26), (26, 21), (21, 27), (27, 21), (21, 30), (30, 21), (21, 52), (52, 21), (21, 55), (55, 21), (21, 69), (69, 21), (21, 71), (71, 21), (22, 26), (26, 22), (22, 29), (29, 22), (22, 48), (48, 22), (22, 53), (53, 22), (22, 59), (59, 22), (22, 60), (60, 22), (22, 66), (66, 22), (22, 97), (97, 22), (23, 32), (32, 23), (23, 68), (68, 23), (23, 72), (72, 23), (24, 25), (25, 24), (24, 28), (28, 24), (24, 39), (39, 24), (24, 63), (63, 24), (24, 70), (70, 24), (24, 88), (88, 24), (24, 95), (95, 24), (24, 100), (100, 24), (25, 87), (87, 25), (26, 48), (48, 26), (26, 92), (92, 26), (27, 61), (61, 27), (27, 63), (63, 27), (27, 65), (65, 27), (27, 67), (67, 27), (27, 91), (91, 27), (27, 98), (98, 27), (28, 57), (57, 28), (28, 85), (85, 28), (29, 76), (76, 29), (29, 83), (83, 29), (29, 84), (84, 29), (30, 95), (95, 30), (31, 42), (42, 31), (31, 82), (82, 31), (32, 43), (43, 32), (32, 44), (44, 32), (32, 76), (76, 32), (32, 85), (85, 32), (32, 95), (95, 32), (33, 39), (39, 33), (33, 41), (41, 33), (33, 74), (74, 33), (33, 80), (80, 33), (33, 93), (93, 33), (33, 95), (95, 33), (34, 75), (75, 34), (35, 84), (84, 35), (35, 86), (86, 35), (35, 94), (94, 35), (36, 92), (92, 36), (37, 66), (66, 37), (37, 71), (71, 37), (38, 52), (52, 38), (38, 65), (65, 38), (38, 94), (94, 38), (39, 50), (50, 39), (39, 62), (62, 39), (40, 51), (51, 40), (40, 77), (77, 40), (41, 55), (55, 41), (41, 60), (60, 41), (41, 76), (76, 41), (42, 46), (46, 42), (42, 70), (70, 42), (42, 78), (78, 42), (42, 83), (83, 42), (43, 59), (59, 43), (43, 65), (65, 43), (43, 90), (90, 43), (43, 100), (100, 43), (44, 52), (52, 44), (44, 67), (67, 44), (45, 47), (47, 45), (45, 74), (74, 45), (45, 99), (99, 45), (46, 49), (49, 46), (46, 55), (55, 46), (46, 56), (56, 46), (46, 60), (60, 46), (46, 96), (96, 46), (47, 54), (54, 47), (47, 56), (56, 47), (48, 56), (56, 48), (49, 64), (64, 49), (49, 71), (71, 49), (50, 69), (69, 50), (50, 83), (83, 50), (50, 84), (84, 50), (51, 63), (63, 51), (51, 67), (67, 51), (51, 71), (71, 51), (51, 82), (82, 51), (51, 93), (93, 51), (52, 55), (55, 52), (52, 64), (64, 52), (52, 98), (98, 52), (53, 77), (77, 53), (54, 65), (65, 54), (54, 93), (93, 54), (55, 85), (85, 55), (56, 61), (61, 56), (57, 68), (68, 57), (57, 82), (82, 57), (57, 88), (88, 57), (57, 92), (92, 57), (58, 85), (85, 58), (59, 68), (68, 59), (60, 62), (62, 60), (62, 92), (92, 62), (62, 95), (95, 62), (63, 65), (65, 63), (63, 68), (68, 63), (63, 98), (98, 63), (64, 69), (69, 64), (64, 94), (94, 64), (64, 100), (100, 64), (65, 71), (71, 65), (65, 90), (90, 65), (66, 67), (67, 66), (66, 70), (70, 66), (66, 82), (82, 66), (66, 90), (90, 66), (67, 97), (97, 67), (68, 84), (84, 68), (68, 94), (94, 68), (68, 100), (100, 68), (69, 70), (70, 69), (69, 76), (76, 69), (69, 82), (82, 69), (70, 72), (72, 70), (70, 96), (96, 70), (71, 83), (83, 71), (73, 82), (82, 73), (74, 90), (90, 74), (74, 99), (99, 74), (75, 86), (86, 75), (76, 97), (97, 76), (76, 99), (99, 76), (77, 79), (79, 77), (77, 84), (84, 77), (77, 86), (86, 77), (78, 98), (98, 78), (79, 100), (100, 79), (80, 81), (81, 80), (81, 89), (89, 81), (82, 84), (84, 82), (82, 95), (95, 82), (85, 95), (95, 85), (86, 100), (100, 86), (88, 89), (89, 88), (88, 99), (99, 88), (89, 90), (90, 89), (89, 99), (99, 89), (90, 92), (92, 90), (90, 98), (98, 90), (92, 94), (94, 92), (93, 96), (96, 93)]
Z_dad = [82, 92]
Y_dad = [24, 27]
X_dad = [25, 63]
Z_da-ad = [24, 82]
Y_da-ad = [25, 92]
X_da-ad = [27, 87]
