no              #fail
1.435           #totTm
0.180           #lastADTm
5               #itDAD
1.500           #avItADGoal
6               #itADOpt
5               #opt
5               #optDA-AD
0.168           #tmDA
0.0             #relGain

V = [1, 2, 3, 4, 5, 6, 7, 8, 9, 10, 11, 12, 13, 14, 15, 16, 17, 18, 19, 20, 21, 22, 23, 24, 25, 26, 27, 28, 29, 30, 31, 32, 33, 34, 35, 36, 37, 38, 39, 40]
A = [(1, 5), (5, 1), (1, 6), (6, 1), (1, 11), (11, 1), (1, 12), (12, 1), (1, 13), (13, 1), (1, 14), (14, 1), (1, 24), (24, 1), (2, 38), (38, 2), (3, 10), (10, 3), (3, 18), (18, 3), (3, 28), (28, 3), (3, 37), (37, 3), (4, 15), (15, 4), (4, 17), (17, 4), (4, 19), (19, 4), (4, 20), (20, 4), (4, 22), (22, 4), (4, 25), (25, 4), (4, 39), (39, 4), (5, 21), (21, 5), (5, 28), (28, 5), (5, 30), (30, 5), (6, 10), (10, 6), (7, 12), (12, 7), (7, 23), (23, 7), (7, 25), (25, 7), (8, 10), (10, 8), (8, 20), (20, 8), (8, 31), (31, 8), (8, 40), (40, 8), (9, 27), (27, 9), (11, 19), (19, 11), (12, 23), (23, 12), (12, 24), (24, 12), (12, 31), (31, 12), (12, 32), (32, 12), (13, 28), (28, 13), (13, 38), (38, 13), (14, 16), (16, 14), (14, 38), (38, 14), (15, 19), (19, 15), (15, 27), (27, 15), (15, 31), (31, 15), (15, 36), (36, 15), (16, 35), (35, 16), (17, 37), (37, 17), (17, 39), (39, 17), (18, 26), (26, 18), (18, 32), (32, 18), (19, 23), (23, 19), (19, 34), (34, 19), (20, 30), (30, 20), (20, 35), (35, 20), (22, 27), (27, 22), (22, 28), (28, 22), (23, 31), (31, 23), (24, 25), (25, 24), (24, 34), (34, 24), (24, 38), (38, 24), (25, 32), (32, 25), (26, 33), (33, 26), (27, 30), (30, 27), (28, 35), (35, 28), (28, 37), (37, 28), (29, 36), (36, 29), (30, 32), (32, 30), (31, 34), (34, 31), (31, 40), (40, 31), (32, 34), (34, 32), (32, 39), (39, 32)]
Z_dad = [15]
Y_dad = [18]
X_dad = [26]
Z_da-ad = [15]
Y_da-ad = [18]
X_da-ad = [26]
