no              #fail
0.357           #totTm
0.140           #lastADTm
3               #itDAD
1.000           #avItADGoal
5               #itADOpt
7               #opt
7               #optDA-AD
0.165           #tmDA
0.0             #relGain

V = [1, 2, 3, 4, 5, 6, 7, 8, 9, 10, 11, 12, 13, 14, 15, 16, 17, 18, 19, 20, 21, 22, 23, 24, 25, 26, 27, 28, 29, 30, 31, 32, 33, 34, 35, 36, 37, 38, 39, 40]
A = [(1, 26), (26, 1), (1, 27), (27, 1), (1, 35), (35, 1), (2, 6), (6, 2), (2, 13), (13, 2), (2, 16), (16, 2), (2, 19), (19, 2), (2, 35), (35, 2), (3, 5), (5, 3), (3, 15), (15, 3), (3, 21), (21, 3), (3, 25), (25, 3), (3, 34), (34, 3), (4, 10), (10, 4), (4, 11), (11, 4), (4, 16), (16, 4), (5, 15), (15, 5), (6, 24), (24, 6), (7, 10), (10, 7), (7, 24), (24, 7), (7, 27), (27, 7), (7, 29), (29, 7), (7, 31), (31, 7), (8, 11), (11, 8), (8, 26), (26, 8), (8, 34), (34, 8), (8, 39), (39, 8), (9, 10), (10, 9), (9, 11), (11, 9), (9, 25), (25, 9), (9, 29), (29, 9), (10, 11), (11, 10), (10, 14), (14, 10), (10, 33), (33, 10), (10, 34), (34, 10), (11, 14), (14, 11), (11, 15), (15, 11), (11, 31), (31, 11), (11, 34), (34, 11), (12, 16), (16, 12), (12, 21), (21, 12), (12, 29), (29, 12), (13, 33), (33, 13), (15, 20), (20, 15), (15, 32), (32, 15), (16, 28), (28, 16), (16, 32), (32, 16), (17, 25), (25, 17), (17, 28), (28, 17), (18, 26), (26, 18), (19, 20), (20, 19), (19, 29), (29, 19), (21, 25), (25, 21), (21, 31), (31, 21), (21, 33), (33, 21), (21, 34), (34, 21), (22, 25), (25, 22), (22, 31), (31, 22), (22, 37), (37, 22), (23, 33), (33, 23), (25, 35), (35, 25), (25, 38), (38, 25), (29, 40), (40, 29), (30, 36), (36, 30), (30, 38), (38, 30), (32, 34), (34, 32), (32, 35), (35, 32), (33, 34), (34, 33), (34, 39), (39, 34), (35, 39), (39, 35)]
Z_dad = [25]
Y_dad = [34]
X_dad = [16]
Z_da-ad = [25]
Y_da-ad = [34]
X_da-ad = [16]
