no              #fail
0.803           #totTm
0.158           #lastADTm
4               #itDAD
1.333           #avItADGoal
5               #itADOpt
6               #opt
6               #optDA-AD
0.159           #tmDA
0.0             #relGain

V = [1, 2, 3, 4, 5, 6, 7, 8, 9, 10, 11, 12, 13, 14, 15, 16, 17, 18, 19, 20, 21, 22, 23, 24, 25, 26, 27, 28, 29, 30, 31, 32, 33, 34, 35, 36, 37, 38, 39, 40]
A = [(1, 14), (14, 1), (1, 20), (20, 1), (1, 37), (37, 1), (1, 39), (39, 1), (2, 7), (7, 2), (2, 33), (33, 2), (2, 39), (39, 2), (3, 4), (4, 3), (3, 7), (7, 3), (3, 8), (8, 3), (3, 23), (23, 3), (3, 26), (26, 3), (3, 36), (36, 3), (4, 9), (9, 4), (4, 28), (28, 4), (4, 29), (29, 4), (4, 33), (33, 4), (5, 12), (12, 5), (6, 27), (27, 6), (7, 29), (29, 7), (7, 32), (32, 7), (7, 38), (38, 7), (8, 13), (13, 8), (8, 23), (23, 8), (9, 22), (22, 9), (9, 28), (28, 9), (9, 32), (32, 9), (9, 38), (38, 9), (10, 29), (29, 10), (10, 36), (36, 10), (11, 37), (37, 11), (12, 26), (26, 12), (13, 19), (19, 13), (13, 24), (24, 13), (13, 32), (32, 13), (15, 28), (28, 15), (15, 29), (29, 15), (16, 27), (27, 16), (16, 33), (33, 16), (16, 38), (38, 16), (17, 23), (23, 17), (17, 24), (24, 17), (17, 30), (30, 17), (18, 22), (22, 18), (18, 32), (32, 18), (18, 38), (38, 18), (18, 40), (40, 18), (19, 22), (22, 19), (19, 29), (29, 19), (19, 33), (33, 19), (20, 27), (27, 20), (20, 33), (33, 20), (20, 35), (35, 20), (20, 39), (39, 20), (21, 32), (32, 21), (22, 30), (30, 22), (23, 24), (24, 23), (23, 34), (34, 23), (24, 25), (25, 24), (24, 29), (29, 24), (25, 31), (31, 25), (25, 37), (37, 25), (27, 33), (33, 27), (27, 36), (36, 27), (28, 33), (33, 28), (32, 33), (33, 32), (32, 36), (36, 32), (32, 39), (39, 32), (35, 36), (36, 35), (37, 39), (39, 37)]
Z_dad = [3]
Y_dad = [33]
X_dad = [27]
Z_da-ad = [3]
Y_da-ad = [33]
X_da-ad = [27]
