no              #fail
0.401           #totTm
0.102           #lastADTm
3               #itDAD
1.000           #avItADGoal
4               #itADOpt
5               #opt
5               #optDA-AD
0.168           #tmDA
0.0             #relGain

V = [1, 2, 3, 4, 5, 6, 7, 8, 9, 10, 11, 12, 13, 14, 15, 16, 17, 18, 19, 20, 21, 22, 23, 24, 25, 26, 27, 28, 29, 30, 31, 32, 33, 34, 35, 36, 37, 38, 39, 40]
A = [(1, 17), (17, 1), (1, 18), (18, 1), (1, 27), (27, 1), (1, 31), (31, 1), (2, 6), (6, 2), (2, 31), (31, 2), (3, 16), (16, 3), (3, 26), (26, 3), (3, 35), (35, 3), (4, 31), (31, 4), (5, 20), (20, 5), (5, 24), (24, 5), (6, 9), (9, 6), (6, 12), (12, 6), (6, 15), (15, 6), (6, 16), (16, 6), (6, 23), (23, 6), (6, 32), (32, 6), (6, 33), (33, 6), (7, 12), (12, 7), (7, 17), (17, 7), (7, 18), (18, 7), (7, 21), (21, 7), (7, 22), (22, 7), (7, 40), (40, 7), (8, 10), (10, 8), (8, 39), (39, 8), (10, 39), (39, 10), (11, 12), (12, 11), (11, 20), (20, 11), (12, 31), (31, 12), (13, 26), (26, 13), (13, 34), (34, 13), (13, 36), (36, 13), (14, 18), (18, 14), (14, 19), (19, 14), (14, 26), (26, 14), (14, 29), (29, 14), (14, 31), (31, 14), (15, 20), (20, 15), (16, 35), (35, 16), (17, 20), (20, 17), (17, 40), (40, 17), (18, 40), (40, 18), (19, 26), (26, 19), (19, 28), (28, 19), (19, 40), (40, 19), (20, 37), (37, 20), (21, 22), (22, 21), (21, 25), (25, 21), (21, 30), (30, 21), (21, 34), (34, 21), (22, 32), (32, 22), (23, 35), (35, 23), (23, 39), (39, 23), (24, 28), (28, 24), (24, 29), (29, 24), (24, 39), (39, 24), (25, 36), (36, 25), (25, 39), (39, 25), (26, 27), (27, 26), (26, 40), (40, 26), (27, 31), (31, 27), (28, 30), (30, 28), (30, 32), (32, 30), (31, 32), (32, 31), (32, 33), (33, 32), (33, 35), (35, 33), (33, 36), (36, 33), (38, 40), (40, 38)]
Z_dad = [6]
Y_dad = [7]
X_dad = [39]
Z_da-ad = [39]
Y_da-ad = [6]
X_da-ad = [20]
