no              #fail
0.386           #totTm
0.134           #lastADTm
3               #itDAD
1.000           #avItADGoal
6               #itADOpt
6               #opt
6               #optDA-AD
0.189           #tmDA
0.0             #relGain

V = [1, 2, 3, 4, 5, 6, 7, 8, 9, 10, 11, 12, 13, 14, 15, 16, 17, 18, 19, 20, 21, 22, 23, 24, 25, 26, 27, 28, 29, 30, 31, 32, 33, 34, 35, 36, 37, 38, 39, 40]
A = [(1, 2), (2, 1), (1, 30), (30, 1), (1, 35), (35, 1), (2, 10), (10, 2), (2, 11), (11, 2), (2, 13), (13, 2), (2, 35), (35, 2), (2, 39), (39, 2), (3, 4), (4, 3), (4, 21), (21, 4), (4, 25), (25, 4), (4, 30), (30, 4), (4, 34), (34, 4), (4, 36), (36, 4), (5, 14), (14, 5), (6, 39), (39, 6), (7, 25), (25, 7), (7, 33), (33, 7), (7, 39), (39, 7), (8, 15), (15, 8), (8, 19), (19, 8), (8, 24), (24, 8), (8, 37), (37, 8), (8, 40), (40, 8), (9, 14), (14, 9), (9, 15), (15, 9), (9, 16), (16, 9), (9, 25), (25, 9), (9, 29), (29, 9), (9, 38), (38, 9), (10, 37), (37, 10), (11, 18), (18, 11), (11, 34), (34, 11), (12, 14), (14, 12), (12, 16), (16, 12), (12, 27), (27, 12), (13, 24), (24, 13), (13, 26), (26, 13), (13, 32), (32, 13), (13, 37), (37, 13), (14, 18), (18, 14), (14, 33), (33, 14), (15, 34), (34, 15), (16, 26), (26, 16), (16, 32), (32, 16), (16, 35), (35, 16), (17, 33), (33, 17), (17, 37), (37, 17), (17, 38), (38, 17), (17, 40), (40, 17), (18, 22), (22, 18), (19, 22), (22, 19), (21, 30), (30, 21), (21, 33), (33, 21), (22, 27), (27, 22), (23, 27), (27, 23), (23, 36), (36, 23), (24, 30), (30, 24), (25, 28), (28, 25), (25, 33), (33, 25), (25, 39), (39, 25), (26, 29), (29, 26), (27, 40), (40, 27), (28, 33), (33, 28), (28, 35), (35, 28), (29, 35), (35, 29), (29, 36), (36, 29), (33, 34), (34, 33), (33, 36), (36, 33), (33, 39), (39, 33)]
Z_dad = [39]
Y_dad = [33]
X_dad = [14]
Z_da-ad = [4]
Y_da-ad = [33]
X_da-ad = [14]
