no              #fail
0.443           #totTm
0.113           #lastADTm
3               #itDAD
1.000           #avItADGoal
4               #itADOpt
4               #opt
4               #optDA-AD
0.185           #tmDA
0.0             #relGain

V = [1, 2, 3, 4, 5, 6, 7, 8, 9, 10, 11, 12, 13, 14, 15, 16, 17, 18, 19, 20, 21, 22, 23, 24, 25, 26, 27, 28, 29, 30, 31, 32, 33, 34, 35, 36, 37, 38, 39, 40]
A = [(1, 12), (12, 1), (1, 15), (15, 1), (1, 26), (26, 1), (2, 14), (14, 2), (2, 29), (29, 2), (2, 34), (34, 2), (3, 4), (4, 3), (3, 14), (14, 3), (3, 33), (33, 3), (4, 5), (5, 4), (4, 22), (22, 4), (4, 24), (24, 4), (5, 18), (18, 5), (5, 23), (23, 5), (5, 34), (34, 5), (6, 12), (12, 6), (6, 32), (32, 6), (6, 39), (39, 6), (7, 14), (14, 7), (7, 16), (16, 7), (7, 18), (18, 7), (9, 13), (13, 9), (9, 14), (14, 9), (9, 33), (33, 9), (9, 36), (36, 9), (10, 20), (20, 10), (10, 24), (24, 10), (10, 28), (28, 10), (10, 33), (33, 10), (10, 36), (36, 10), (11, 12), (12, 11), (11, 20), (20, 11), (11, 37), (37, 11), (12, 27), (27, 12), (12, 37), (37, 12), (13, 14), (14, 13), (13, 39), (39, 13), (14, 21), (21, 14), (14, 32), (32, 14), (14, 34), (34, 14), (14, 35), (35, 14), (14, 37), (37, 14), (15, 25), (25, 15), (15, 38), (38, 15), (15, 40), (40, 15), (16, 33), (33, 16), (16, 35), (35, 16), (16, 38), (38, 16), (17, 22), (22, 17), (17, 33), (33, 17), (17, 35), (35, 17), (19, 35), (35, 19), (21, 22), (22, 21), (22, 23), (23, 22), (22, 37), (37, 22), (23, 24), (24, 23), (23, 30), (30, 23), (25, 39), (39, 25), (26, 27), (27, 26), (27, 30), (30, 27), (28, 29), (29, 28), (28, 34), (34, 28), (30, 33), (33, 30), (31, 38), (38, 31), (31, 40), (40, 31), (32, 37), (37, 32), (35, 39), (39, 35), (37, 40), (40, 37), (38, 39), (39, 38), (39, 40), (40, 39)]
Z_dad = [14]
Y_dad = [33]
X_dad = [22]
Z_da-ad = [35]
Y_da-ad = [14]
X_da-ad = [2]
