no              #fail
0.429           #totTm
0.170           #lastADTm
3               #itDAD
1.000           #avItADGoal
5               #itADOpt
5               #opt
5               #optDA-AD
0.168           #tmDA
0.0             #relGain

V = [1, 2, 3, 4, 5, 6, 7, 8, 9, 10, 11, 12, 13, 14, 15, 16, 17, 18, 19, 20, 21, 22, 23, 24, 25, 26, 27, 28, 29, 30, 31, 32, 33, 34, 35, 36, 37, 38, 39, 40]
A = [(1, 3), (3, 1), (1, 4), (4, 1), (1, 25), (25, 1), (1, 31), (31, 1), (1, 32), (32, 1), (2, 7), (7, 2), (2, 20), (20, 2), (2, 23), (23, 2), (3, 12), (12, 3), (3, 17), (17, 3), (3, 18), (18, 3), (3, 33), (33, 3), (3, 40), (40, 3), (4, 10), (10, 4), (5, 10), (10, 5), (5, 12), (12, 5), (5, 21), (21, 5), (5, 33), (33, 5), (6, 12), (12, 6), (6, 13), (13, 6), (6, 14), (14, 6), (6, 15), (15, 6), (6, 22), (22, 6), (7, 22), (22, 7), (7, 34), (34, 7), (8, 26), (26, 8), (8, 36), (36, 8), (9, 16), (16, 9), (9, 28), (28, 9), (9, 34), (34, 9), (10, 13), (13, 10), (10, 22), (22, 10), (10, 35), (35, 10), (10, 38), (38, 10), (11, 13), (13, 11), (11, 22), (22, 11), (11, 24), (24, 11), (12, 37), (37, 12), (13, 27), (27, 13), (13, 32), (32, 13), (13, 37), (37, 13), (14, 18), (18, 14), (14, 20), (20, 14), (15, 16), (16, 15), (15, 27), (27, 15), (16, 31), (31, 16), (16, 38), (38, 16), (17, 39), (39, 17), (18, 31), (31, 18), (19, 31), (31, 19), (20, 21), (21, 20), (20, 25), (25, 20), (20, 26), (26, 20), (20, 27), (27, 20), (20, 31), (31, 20), (20, 36), (36, 20), (21, 28), (28, 21), (21, 37), (37, 21), (22, 23), (23, 22), (22, 26), (26, 22), (22, 39), (39, 22), (23, 38), (38, 23), (24, 34), (34, 24), (25, 29), (29, 25), (25, 37), (37, 25), (25, 38), (38, 25), (26, 34), (34, 26), (27, 39), (39, 27), (28, 36), (36, 28), (30, 40), (40, 30)]
Z_dad = [3]
Y_dad = [20]
X_dad = [25]
Z_da-ad = [3]
Y_da-ad = [20]
X_da-ad = [25]
