no              #fail
0.416           #totTm
0.122           #lastADTm
3               #itDAD
1.000           #avItADGoal
5               #itADOpt
5               #opt
5               #optDA-AD
0.177           #tmDA
0.0             #relGain

V = [1, 2, 3, 4, 5, 6, 7, 8, 9, 10, 11, 12, 13, 14, 15, 16, 17, 18, 19, 20, 21, 22, 23, 24, 25, 26, 27, 28, 29, 30, 31, 32, 33, 34, 35, 36, 37, 38, 39, 40]
A = [(1, 16), (16, 1), (2, 38), (38, 2), (2, 40), (40, 2), (3, 9), (9, 3), (3, 18), (18, 3), (3, 19), (19, 3), (3, 26), (26, 3), (3, 28), (28, 3), (3, 33), (33, 3), (4, 15), (15, 4), (4, 19), (19, 4), (5, 10), (10, 5), (5, 24), (24, 5), (5, 29), (29, 5), (5, 39), (39, 5), (6, 7), (7, 6), (6, 19), (19, 6), (6, 39), (39, 6), (7, 13), (13, 7), (8, 16), (16, 8), (9, 29), (29, 9), (10, 27), (27, 10), (10, 37), (37, 10), (11, 21), (21, 11), (11, 25), (25, 11), (11, 36), (36, 11), (12, 23), (23, 12), (12, 25), (25, 12), (12, 32), (32, 12), (13, 16), (16, 13), (13, 17), (17, 13), (13, 23), (23, 13), (13, 24), (24, 13), (14, 16), (16, 14), (14, 25), (25, 14), (14, 33), (33, 14), (15, 29), (29, 15), (15, 35), (35, 15), (16, 19), (19, 16), (16, 23), (23, 16), (16, 24), (24, 16), (16, 40), (40, 16), (17, 33), (33, 17), (17, 40), (40, 17), (19, 38), (38, 19), (20, 22), (22, 20), (20, 30), (30, 20), (20, 34), (34, 20), (20, 37), (37, 20), (20, 38), (38, 20), (22, 26), (26, 22), (22, 35), (35, 22), (23, 25), (25, 23), (23, 31), (31, 23), (23, 33), (33, 23), (24, 26), (26, 24), (24, 33), (33, 24), (24, 36), (36, 24), (25, 29), (29, 25), (26, 40), (40, 26), (27, 33), (33, 27), (28, 36), (36, 28), (29, 39), (39, 29), (30, 38), (38, 30), (30, 40), (40, 30), (31, 32), (32, 31), (31, 35), (35, 31), (33, 40), (40, 33), (35, 38), (38, 35), (39, 40), (40, 39)]
Z_dad = [16]
Y_dad = [33]
X_dad = [3]
Z_da-ad = [16]
Y_da-ad = [33]
X_da-ad = [3]
