no              #fail
0.433           #totTm
0.172           #lastADTm
3               #itDAD
1.000           #avItADGoal
5               #itADOpt
6               #opt
6               #optDA-AD
0.167           #tmDA
0.0             #relGain

V = [1, 2, 3, 4, 5, 6, 7, 8, 9, 10, 11, 12, 13, 14, 15, 16, 17, 18, 19, 20, 21, 22, 23, 24, 25, 26, 27, 28, 29, 30, 31, 32, 33, 34, 35, 36, 37, 38, 39, 40]
A = [(1, 39), (39, 1), (2, 4), (4, 2), (2, 9), (9, 2), (2, 20), (20, 2), (2, 24), (24, 2), (2, 28), (28, 2), (2, 30), (30, 2), (2, 31), (31, 2), (2, 33), (33, 2), (2, 35), (35, 2), (2, 36), (36, 2), (3, 7), (7, 3), (4, 20), (20, 4), (4, 26), (26, 4), (4, 35), (35, 4), (4, 38), (38, 4), (5, 12), (12, 5), (5, 17), (17, 5), (5, 19), (19, 5), (5, 26), (26, 5), (5, 32), (32, 5), (5, 33), (33, 5), (5, 38), (38, 5), (6, 16), (16, 6), (6, 40), (40, 6), (7, 9), (9, 7), (7, 15), (15, 7), (7, 20), (20, 7), (7, 39), (39, 7), (8, 22), (22, 8), (8, 33), (33, 8), (9, 18), (18, 9), (9, 22), (22, 9), (10, 22), (22, 10), (10, 32), (32, 10), (10, 38), (38, 10), (11, 14), (14, 11), (11, 18), (18, 11), (11, 25), (25, 11), (12, 23), (23, 12), (12, 31), (31, 12), (12, 38), (38, 12), (13, 18), (18, 13), (13, 31), (31, 13), (13, 37), (37, 13), (14, 18), (18, 14), (14, 26), (26, 14), (14, 39), (39, 14), (15, 17), (17, 15), (15, 21), (21, 15), (15, 33), (33, 15), (17, 35), (35, 17), (17, 40), (40, 17), (19, 26), (26, 19), (19, 27), (27, 19), (19, 33), (33, 19), (20, 30), (30, 20), (20, 39), (39, 20), (21, 33), (33, 21), (22, 37), (37, 22), (24, 26), (26, 24), (25, 33), (33, 25), (25, 34), (34, 25), (28, 30), (30, 28), (28, 33), (33, 28), (29, 34), (34, 29), (31, 35), (35, 31), (31, 39), (39, 31), (34, 38), (38, 34), (36, 37), (37, 36)]
Z_dad = [17]
Y_dad = [2]
X_dad = [7]
Z_da-ad = [17]
Y_da-ad = [2]
X_da-ad = [7]
