no              #fail
0.552           #totTm
0.122           #lastADTm
3               #itDAD
1.000           #avItADGoal
4               #itADOpt
4               #opt
4               #optDA-AD
0.168           #tmDA
0.0             #relGain

V = [1, 2, 3, 4, 5, 6, 7, 8, 9, 10, 11, 12, 13, 14, 15, 16, 17, 18, 19, 20, 21, 22, 23, 24, 25, 26, 27, 28, 29, 30, 31, 32, 33, 34, 35, 36, 37, 38, 39, 40]
A = [(1, 6), (6, 1), (1, 9), (9, 1), (1, 22), (22, 1), (2, 20), (20, 2), (2, 33), (33, 2), (2, 39), (39, 2), (3, 6), (6, 3), (3, 13), (13, 3), (3, 17), (17, 3), (3, 39), (39, 3), (4, 11), (11, 4), (4, 30), (30, 4), (5, 34), (34, 5), (6, 14), (14, 6), (6, 33), (33, 6), (6, 38), (38, 6), (7, 38), (38, 7), (8, 24), (24, 8), (8, 31), (31, 8), (8, 36), (36, 8), (9, 10), (10, 9), (9, 11), (11, 9), (9, 12), (12, 9), (9, 16), (16, 9), (9, 26), (26, 9), (9, 29), (29, 9), (10, 12), (12, 10), (10, 14), (14, 10), (10, 37), (37, 10), (11, 21), (21, 11), (11, 28), (28, 11), (11, 38), (38, 11), (11, 40), (40, 11), (13, 21), (21, 13), (13, 36), (36, 13), (15, 26), (26, 15), (15, 35), (35, 15), (15, 39), (39, 15), (16, 25), (25, 16), (16, 35), (35, 16), (18, 20), (20, 18), (18, 23), (23, 18), (18, 26), (26, 18), (18, 28), (28, 18), (18, 30), (30, 18), (18, 34), (34, 18), (19, 20), (20, 19), (19, 39), (39, 19), (19, 40), (40, 19), (20, 22), (22, 20), (20, 24), (24, 20), (21, 40), (40, 21), (22, 37), (37, 22), (23, 31), (31, 23), (23, 34), (34, 23), (24, 25), (25, 24), (24, 32), (32, 24), (24, 33), (33, 24), (25, 31), (31, 25), (26, 31), (31, 26), (26, 33), (33, 26), (27, 29), (29, 27), (28, 29), (29, 28), (29, 30), (30, 29), (30, 32), (32, 30), (30, 33), (33, 30), (31, 40), (40, 31), (34, 35), (35, 34), (34, 40), (40, 34), (35, 38), (38, 35)]
Z_dad = [3]
Y_dad = [9]
X_dad = [29]
Z_da-ad = [3]
Y_da-ad = [9]
X_da-ad = [29]
