no              #fail
1.193           #totTm
0.115           #lastADTm
5               #itDAD
1.500           #avItADGoal
4               #itADOpt
5               #opt
5               #optDA-AD
0.167           #tmDA
0.0             #relGain

V = [1, 2, 3, 4, 5, 6, 7, 8, 9, 10, 11, 12, 13, 14, 15, 16, 17, 18, 19, 20, 21, 22, 23, 24, 25, 26, 27, 28, 29, 30, 31, 32, 33, 34, 35, 36, 37, 38, 39, 40]
A = [(1, 5), (5, 1), (1, 13), (13, 1), (1, 26), (26, 1), (1, 28), (28, 1), (1, 30), (30, 1), (2, 26), (26, 2), (2, 36), (36, 2), (3, 12), (12, 3), (4, 15), (15, 4), (4, 37), (37, 4), (4, 40), (40, 4), (5, 7), (7, 5), (5, 9), (9, 5), (5, 23), (23, 5), (6, 18), (18, 6), (7, 23), (23, 7), (8, 11), (11, 8), (8, 23), (23, 8), (8, 33), (33, 8), (9, 39), (39, 9), (9, 40), (40, 9), (10, 12), (12, 10), (10, 15), (15, 10), (10, 16), (16, 10), (10, 25), (25, 10), (11, 25), (25, 11), (11, 39), (39, 11), (12, 25), (25, 12), (12, 30), (30, 12), (12, 34), (34, 12), (14, 19), (19, 14), (14, 35), (35, 14), (16, 29), (29, 16), (17, 35), (35, 17), (17, 36), (36, 17), (18, 28), (28, 18), (18, 31), (31, 18), (18, 33), (33, 18), (18, 35), (35, 18), (19, 40), (40, 19), (20, 21), (21, 20), (20, 23), (23, 20), (20, 27), (27, 20), (20, 29), (29, 20), (20, 35), (35, 20), (20, 38), (38, 20), (21, 27), (27, 21), (21, 33), (33, 21), (22, 26), (26, 22), (22, 32), (32, 22), (23, 32), (32, 23), (24, 37), (37, 24), (25, 30), (30, 25), (25, 31), (31, 25), (25, 32), (32, 25), (25, 39), (39, 25), (26, 31), (31, 26), (26, 34), (34, 26), (27, 33), (33, 27), (28, 30), (30, 28), (28, 40), (40, 28), (30, 39), (39, 30), (31, 35), (35, 31), (31, 40), (40, 31), (32, 33), (33, 32), (34, 35), (35, 34), (35, 36), (36, 35), (35, 38), (38, 35), (36, 38), (38, 36), (39, 40), (40, 39)]
Z_dad = [40]
Y_dad = [10]
X_dad = [15]
Z_da-ad = [4]
Y_da-ad = [25]
X_da-ad = [10]
