no              #fail
0.779           #totTm
0.191           #lastADTm
4               #itDAD
1.333           #avItADGoal
6               #itADOpt
6               #opt
6               #optDA-AD
0.182           #tmDA
0.0             #relGain

V = [1, 2, 3, 4, 5, 6, 7, 8, 9, 10, 11, 12, 13, 14, 15, 16, 17, 18, 19, 20, 21, 22, 23, 24, 25, 26, 27, 28, 29, 30, 31, 32, 33, 34, 35, 36, 37, 38, 39, 40]
A = [(1, 10), (10, 1), (1, 29), (29, 1), (1, 35), (35, 1), (2, 18), (18, 2), (2, 19), (19, 2), (2, 26), (26, 2), (2, 37), (37, 2), (3, 21), (21, 3), (3, 23), (23, 3), (3, 37), (37, 3), (4, 10), (10, 4), (4, 18), (18, 4), (4, 21), (21, 4), (4, 23), (23, 4), (4, 24), (24, 4), (5, 31), (31, 5), (5, 36), (36, 5), (6, 14), (14, 6), (6, 15), (15, 6), (6, 26), (26, 6), (6, 31), (31, 6), (7, 31), (31, 7), (7, 39), (39, 7), (8, 15), (15, 8), (8, 39), (39, 8), (9, 29), (29, 9), (9, 35), (35, 9), (10, 15), (15, 10), (10, 19), (19, 10), (10, 32), (32, 10), (10, 40), (40, 10), (11, 18), (18, 11), (11, 23), (23, 11), (11, 28), (28, 11), (11, 31), (31, 11), (11, 39), (39, 11), (12, 19), (19, 12), (12, 28), (28, 12), (12, 31), (31, 12), (13, 25), (25, 13), (14, 22), (22, 14), (15, 17), (17, 15), (15, 24), (24, 15), (15, 40), (40, 15), (16, 33), (33, 16), (17, 23), (23, 17), (17, 27), (27, 17), (17, 37), (37, 17), (18, 25), (25, 18), (18, 29), (29, 18), (19, 27), (27, 19), (19, 33), (33, 19), (21, 23), (23, 21), (21, 33), (33, 21), (23, 30), (30, 23), (23, 34), (34, 23), (24, 27), (27, 24), (24, 30), (30, 24), (24, 40), (40, 24), (25, 29), (29, 25), (26, 30), (30, 26), (27, 31), (31, 27), (27, 34), (34, 27), (31, 35), (35, 31), (31, 37), (37, 31), (33, 34), (34, 33), (33, 35), (35, 33), (33, 36), (36, 33), (38, 40), (40, 38), (39, 40), (40, 39)]
Z_dad = [6]
Y_dad = [23]
X_dad = [40]
Z_da-ad = [6]
Y_da-ad = [23]
X_da-ad = [40]
