no              #fail
6.135           #totTm
0.895           #lastADTm
5               #itDAD
2.000           #avItADGoal
4               #itADOpt
5               #opt
4               #optDA-AD
0.386           #tmDA
20.0            #relGain

V = [1, 2, 3, 4, 5, 6, 7, 8, 9, 10, 11, 12, 13, 14, 15, 16, 17, 18, 19, 20, 21, 22, 23, 24, 25, 26, 27, 28, 29, 30, 31, 32, 33, 34, 35, 36, 37, 38, 39, 40]
A = [(1, 15), (15, 1), (1, 21), (21, 1), (1, 25), (25, 1), (1, 38), (38, 1), (2, 12), (12, 2), (2, 34), (34, 2), (2, 38), (38, 2), (3, 4), (4, 3), (3, 5), (5, 3), (3, 9), (9, 3), (3, 19), (19, 3), (3, 28), (28, 3), (3, 29), (29, 3), (3, 34), (34, 3), (3, 36), (36, 3), (3, 38), (38, 3), (4, 9), (9, 4), (4, 11), (11, 4), (4, 15), (15, 4), (4, 31), (31, 4), (4, 36), (36, 4), (5, 8), (8, 5), (5, 13), (13, 5), (5, 36), (36, 5), (5, 37), (37, 5), (5, 40), (40, 5), (6, 18), (18, 6), (6, 24), (24, 6), (6, 26), (26, 6), (6, 27), (27, 6), (6, 29), (29, 6), (6, 37), (37, 6), (7, 11), (11, 7), (7, 22), (22, 7), (7, 31), (31, 7), (7, 35), (35, 7), (8, 18), (18, 8), (8, 21), (21, 8), (9, 14), (14, 9), (9, 22), (22, 9), (9, 25), (25, 9), (9, 26), (26, 9), (9, 29), (29, 9), (10, 12), (12, 10), (10, 15), (15, 10), (10, 18), (18, 10), (10, 20), (20, 10), (10, 30), (30, 10), (11, 14), (14, 11), (11, 16), (16, 11), (11, 22), (22, 11), (11, 29), (29, 11), (11, 33), (33, 11), (11, 34), (34, 11), (11, 35), (35, 11), (12, 13), (13, 12), (12, 19), (19, 12), (12, 28), (28, 12), (12, 34), (34, 12), (12, 35), (35, 12), (13, 14), (14, 13), (13, 32), (32, 13), (13, 33), (33, 13), (14, 15), (15, 14), (14, 24), (24, 14), (14, 25), (25, 14), (14, 35), (35, 14), (14, 36), (36, 14), (14, 39), (39, 14), (14, 40), (40, 14), (15, 17), (17, 15), (15, 18), (18, 15), (15, 37), (37, 15), (16, 31), (31, 16), (16, 35), (35, 16), (16, 39), (39, 16), (17, 27), (27, 17), (17, 32), (32, 17), (17, 34), (34, 17), (17, 37), (37, 17), (18, 25), (25, 18), (18, 39), (39, 18), (19, 34), (34, 19), (19, 36), (36, 19), (20, 29), (29, 20), (20, 37), (37, 20), (20, 40), (40, 20), (21, 33), (33, 21), (21, 36), (36, 21), (22, 25), (25, 22), (22, 28), (28, 22), (22, 31), (31, 22), (23, 35), (35, 23), (23, 36), (36, 23), (23, 38), (38, 23), (24, 29), (29, 24), (26, 30), (30, 26), (26, 31), (31, 26), (26, 33), (33, 26), (26, 35), (35, 26), (26, 36), (36, 26), (27, 30), (30, 27), (27, 39), (39, 27), (28, 31), (31, 28), (28, 33), (33, 28), (28, 35), (35, 28), (29, 34), (34, 29), (30, 32), (32, 30), (30, 39), (39, 30), (31, 33), (33, 31), (31, 35), (35, 31), (32, 34), (34, 32), (32, 39), (39, 32), (34, 37), (37, 34), (35, 37), (37, 35), (36, 39), (39, 36), (38, 40), (40, 38)]
Z_dad = [25, 38]
Y_dad = [14, 34]
X_dad = [15, 21]
Z_da-ad = [1, 2]
Y_da-ad = [8]
X_da-ad = [18, 21]
