no              #fail
20.435          #totTm
1.751           #lastADTm
9               #itDAD
2.125           #avItADGoal
6               #itADOpt
5               #opt
5               #optDA-AD
1.653           #tmDA
0.0             #relGain

V = [1, 2, 3, 4, 5, 6, 7, 8, 9, 10, 11, 12, 13, 14, 15, 16, 17, 18, 19, 20, 21, 22, 23, 24, 25, 26, 27, 28, 29, 30, 31, 32, 33, 34, 35, 36, 37, 38, 39, 40]
A = [(1, 13), (13, 1), (1, 21), (21, 1), (1, 26), (26, 1), (1, 29), (29, 1), (1, 35), (35, 1), (2, 9), (9, 2), (2, 12), (12, 2), (3, 4), (4, 3), (3, 9), (9, 3), (3, 10), (10, 3), (3, 12), (12, 3), (3, 20), (20, 3), (3, 23), (23, 3), (3, 24), (24, 3), (3, 26), (26, 3), (3, 27), (27, 3), (3, 28), (28, 3), (3, 35), (35, 3), (4, 7), (7, 4), (4, 13), (13, 4), (4, 14), (14, 4), (4, 15), (15, 4), (4, 17), (17, 4), (4, 30), (30, 4), (4, 32), (32, 4), (4, 39), (39, 4), (5, 8), (8, 5), (5, 19), (19, 5), (5, 23), (23, 5), (5, 28), (28, 5), (5, 31), (31, 5), (5, 36), (36, 5), (5, 37), (37, 5), (6, 10), (10, 6), (6, 13), (13, 6), (6, 19), (19, 6), (6, 28), (28, 6), (6, 37), (37, 6), (6, 39), (39, 6), (7, 13), (13, 7), (7, 18), (18, 7), (7, 27), (27, 7), (7, 30), (30, 7), (7, 31), (31, 7), (7, 32), (32, 7), (7, 34), (34, 7), (7, 35), (35, 7), (8, 17), (17, 8), (8, 20), (20, 8), (8, 22), (22, 8), (8, 30), (30, 8), (8, 36), (36, 8), (9, 13), (13, 9), (9, 17), (17, 9), (9, 26), (26, 9), (9, 28), (28, 9), (9, 32), (32, 9), (9, 40), (40, 9), (10, 13), (13, 10), (10, 16), (16, 10), (10, 19), (19, 10), (10, 22), (22, 10), (11, 13), (13, 11), (11, 14), (14, 11), (11, 20), (20, 11), (11, 25), (25, 11), (12, 16), (16, 12), (12, 27), (27, 12), (12, 36), (36, 12), (12, 38), (38, 12), (13, 17), (17, 13), (13, 18), (18, 13), (13, 24), (24, 13), (13, 33), (33, 13), (13, 38), (38, 13), (13, 39), (39, 13), (15, 19), (19, 15), (15, 24), (24, 15), (15, 25), (25, 15), (15, 26), (26, 15), (15, 32), (32, 15), (15, 40), (40, 15), (16, 25), (25, 16), (16, 36), (36, 16), (16, 37), (37, 16), (16, 39), (39, 16), (17, 24), (24, 17), (17, 36), (36, 17), (18, 21), (21, 18), (18, 22), (22, 18), (18, 33), (33, 18), (19, 25), (25, 19), (19, 35), (35, 19), (20, 37), (37, 20), (21, 39), (39, 21), (23, 29), (29, 23), (23, 33), (33, 23), (23, 39), (39, 23), (24, 28), (28, 24), (25, 29), (29, 25), (26, 38), (38, 26), (27, 30), (30, 27), (27, 36), (36, 27), (28, 29), (29, 28), (28, 37), (37, 28), (30, 31), (31, 30), (30, 32), (32, 30), (30, 33), (33, 30), (30, 40), (40, 30), (31, 32), (32, 31), (32, 34), (34, 32), (32, 39), (39, 32), (33, 35), (35, 33), (33, 38), (38, 33), (35, 36), (36, 35), (36, 38), (38, 36), (39, 40), (40, 39)]
Z_dad = [4, 11]
Y_dad = [7, 9]
X_dad = [13, 30]
Z_da-ad = [9, 12]
Y_da-ad = [2, 11]
X_da-ad = [7, 32]
