no              #fail
22.823          #totTm
1.568           #lastADTm
8               #itDAD
2.857           #avItADGoal
6               #itADOpt
5               #opt
5               #optDA-AD
2.028           #tmDA
0.0             #relGain

V = [1, 2, 3, 4, 5, 6, 7, 8, 9, 10, 11, 12, 13, 14, 15, 16, 17, 18, 19, 20, 21, 22, 23, 24, 25, 26, 27, 28, 29, 30, 31, 32, 33, 34, 35, 36, 37, 38, 39, 40]
A = [(1, 8), (8, 1), (1, 9), (9, 1), (1, 17), (17, 1), (1, 21), (21, 1), (1, 28), (28, 1), (1, 30), (30, 1), (1, 31), (31, 1), (1, 36), (36, 1), (2, 5), (5, 2), (2, 6), (6, 2), (2, 9), (9, 2), (2, 20), (20, 2), (2, 39), (39, 2), (3, 22), (22, 3), (3, 25), (25, 3), (3, 29), (29, 3), (3, 35), (35, 3), (4, 8), (8, 4), (4, 13), (13, 4), (5, 22), (22, 5), (5, 27), (27, 5), (5, 29), (29, 5), (5, 32), (32, 5), (5, 39), (39, 5), (5, 40), (40, 5), (6, 7), (7, 6), (6, 8), (8, 6), (6, 17), (17, 6), (6, 25), (25, 6), (6, 28), (28, 6), (6, 38), (38, 6), (7, 11), (11, 7), (7, 14), (14, 7), (7, 16), (16, 7), (7, 27), (27, 7), (8, 10), (10, 8), (8, 12), (12, 8), (8, 16), (16, 8), (8, 18), (18, 8), (8, 21), (21, 8), (8, 30), (30, 8), (8, 33), (33, 8), (8, 40), (40, 8), (9, 11), (11, 9), (9, 12), (12, 9), (9, 31), (31, 9), (9, 32), (32, 9), (9, 34), (34, 9), (10, 14), (14, 10), (10, 29), (29, 10), (10, 32), (32, 10), (10, 34), (34, 10), (11, 14), (14, 11), (11, 17), (17, 11), (11, 32), (32, 11), (11, 35), (35, 11), (11, 36), (36, 11), (12, 20), (20, 12), (12, 23), (23, 12), (12, 25), (25, 12), (12, 29), (29, 12), (12, 32), (32, 12), (12, 33), (33, 12), (12, 37), (37, 12), (13, 16), (16, 13), (13, 24), (24, 13), (13, 26), (26, 13), (13, 30), (30, 13), (13, 38), (38, 13), (13, 39), (39, 13), (14, 15), (15, 14), (14, 17), (17, 14), (14, 22), (22, 14), (14, 24), (24, 14), (14, 29), (29, 14), (15, 40), (40, 15), (16, 21), (21, 16), (16, 22), (22, 16), (16, 25), (25, 16), (16, 39), (39, 16), (16, 40), (40, 16), (17, 18), (18, 17), (17, 23), (23, 17), (17, 25), (25, 17), (17, 32), (32, 17), (18, 28), (28, 18), (18, 30), (30, 18), (18, 34), (34, 18), (19, 27), (27, 19), (19, 32), (32, 19), (20, 22), (22, 20), (20, 26), (26, 20), (20, 28), (28, 20), (20, 39), (39, 20), (20, 40), (40, 20), (21, 24), (24, 21), (21, 30), (30, 21), (21, 33), (33, 21), (21, 35), (35, 21), (21, 38), (38, 21), (23, 26), (26, 23), (23, 30), (30, 23), (24, 27), (27, 24), (24, 32), (32, 24), (25, 29), (29, 25), (25, 31), (31, 25), (26, 29), (29, 26), (27, 33), (33, 27), (28, 29), (29, 28), (28, 30), (30, 28), (28, 36), (36, 28), (28, 38), (38, 28), (29, 31), (31, 29), (31, 36), (36, 31), (32, 40), (40, 32), (35, 40), (40, 35), (36, 37), (37, 36)]
Z_dad = [12, 36]
Y_dad = [8, 37]
X_dad = [27, 32]
Z_da-ad = [27, 32]
Y_da-ad = [7, 19]
X_da-ad = [14, 40]
