no              #fail
38.991          #totTm
1.514           #lastADTm
10              #itDAD
2.778           #avItADGoal
6               #itADOpt
5               #opt
4               #optDA-AD
1.248           #tmDA
20.0            #relGain

V = [1, 2, 3, 4, 5, 6, 7, 8, 9, 10, 11, 12, 13, 14, 15, 16, 17, 18, 19, 20, 21, 22, 23, 24, 25, 26, 27, 28, 29, 30, 31, 32, 33, 34, 35, 36, 37, 38, 39, 40]
A = [(1, 7), (7, 1), (1, 25), (25, 1), (1, 29), (29, 1), (1, 32), (32, 1), (1, 35), (35, 1), (2, 7), (7, 2), (2, 12), (12, 2), (2, 13), (13, 2), (2, 21), (21, 2), (2, 23), (23, 2), (2, 34), (34, 2), (3, 4), (4, 3), (3, 10), (10, 3), (3, 19), (19, 3), (3, 21), (21, 3), (3, 26), (26, 3), (3, 32), (32, 3), (3, 40), (40, 3), (4, 6), (6, 4), (4, 10), (10, 4), (4, 12), (12, 4), (4, 13), (13, 4), (4, 15), (15, 4), (4, 27), (27, 4), (4, 35), (35, 4), (4, 36), (36, 4), (4, 37), (37, 4), (5, 16), (16, 5), (5, 29), (29, 5), (5, 39), (39, 5), (6, 13), (13, 6), (6, 16), (16, 6), (6, 19), (19, 6), (6, 23), (23, 6), (6, 38), (38, 6), (6, 39), (39, 6), (7, 8), (8, 7), (7, 15), (15, 7), (7, 19), (19, 7), (7, 26), (26, 7), (7, 35), (35, 7), (7, 36), (36, 7), (8, 21), (21, 8), (8, 33), (33, 8), (9, 11), (11, 9), (9, 13), (13, 9), (9, 19), (19, 9), (9, 26), (26, 9), (9, 28), (28, 9), (9, 31), (31, 9), (9, 37), (37, 9), (9, 40), (40, 9), (10, 34), (34, 10), (11, 14), (14, 11), (11, 37), (37, 11), (11, 39), (39, 11), (12, 18), (18, 12), (12, 22), (22, 12), (12, 31), (31, 12), (12, 32), (32, 12), (12, 33), (33, 12), (12, 39), (39, 12), (13, 15), (15, 13), (13, 18), (18, 13), (13, 25), (25, 13), (13, 28), (28, 13), (13, 34), (34, 13), (14, 26), (26, 14), (14, 29), (29, 14), (15, 20), (20, 15), (15, 27), (27, 15), (15, 28), (28, 15), (15, 30), (30, 15), (16, 17), (17, 16), (16, 38), (38, 16), (17, 30), (30, 17), (18, 20), (20, 18), (18, 25), (25, 18), (18, 30), (30, 18), (19, 22), (22, 19), (19, 29), (29, 19), (20, 24), (24, 20), (20, 26), (26, 20), (21, 22), (22, 21), (21, 25), (25, 21), (21, 26), (26, 21), (21, 30), (30, 21), (21, 31), (31, 21), (21, 39), (39, 21), (22, 26), (26, 22), (22, 30), (30, 22), (22, 31), (31, 22), (24, 27), (27, 24), (24, 34), (34, 24), (24, 36), (36, 24), (24, 38), (38, 24), (25, 31), (31, 25), (26, 33), (33, 26), (26, 40), (40, 26), (28, 37), (37, 28), (28, 38), (38, 28), (28, 40), (40, 28), (29, 30), (30, 29), (29, 31), (31, 29), (29, 32), (32, 29), (30, 33), (33, 30), (30, 35), (35, 30), (30, 40), (40, 30), (31, 37), (37, 31), (31, 40), (40, 31), (33, 36), (36, 33), (34, 35), (35, 34), (34, 38), (38, 34), (34, 39), (39, 34), (35, 36), (36, 35), (35, 38), (38, 35), (38, 40), (40, 38)]
Z_dad = [4, 24]
Y_dad = [7, 31]
X_dad = [2, 15]
Z_da-ad = [2, 6]
Y_da-ad = [16, 23]
X_da-ad = [5, 17]
