no              #fail
8.481           #totTm
1.318           #lastADTm
6               #itDAD
2.400           #avItADGoal
5               #itADOpt
5               #opt
4               #optDA-AD
0.541           #tmDA
20.0            #relGain

V = [1, 2, 3, 4, 5, 6, 7, 8, 9, 10, 11, 12, 13, 14, 15, 16, 17, 18, 19, 20, 21, 22, 23, 24, 25, 26, 27, 28, 29, 30, 31, 32, 33, 34, 35, 36, 37, 38, 39, 40]
A = [(1, 4), (4, 1), (1, 6), (6, 1), (1, 13), (13, 1), (1, 15), (15, 1), (1, 17), (17, 1), (2, 5), (5, 2), (2, 9), (9, 2), (2, 16), (16, 2), (2, 17), (17, 2), (2, 19), (19, 2), (2, 21), (21, 2), (2, 32), (32, 2), (2, 35), (35, 2), (3, 7), (7, 3), (3, 32), (32, 3), (4, 6), (6, 4), (4, 8), (8, 4), (4, 9), (9, 4), (4, 36), (36, 4), (4, 39), (39, 4), (5, 6), (6, 5), (5, 7), (7, 5), (5, 14), (14, 5), (5, 17), (17, 5), (5, 19), (19, 5), (5, 20), (20, 5), (5, 24), (24, 5), (5, 30), (30, 5), (5, 38), (38, 5), (6, 8), (8, 6), (6, 20), (20, 6), (6, 23), (23, 6), (6, 26), (26, 6), (6, 39), (39, 6), (7, 16), (16, 7), (7, 17), (17, 7), (7, 25), (25, 7), (7, 30), (30, 7), (7, 39), (39, 7), (8, 26), (26, 8), (8, 38), (38, 8), (9, 15), (15, 9), (9, 22), (22, 9), (9, 40), (40, 9), (10, 16), (16, 10), (10, 18), (18, 10), (10, 24), (24, 10), (10, 25), (25, 10), (10, 26), (26, 10), (10, 32), (32, 10), (10, 34), (34, 10), (11, 17), (17, 11), (11, 32), (32, 11), (11, 39), (39, 11), (12, 15), (15, 12), (12, 23), (23, 12), (12, 26), (26, 12), (12, 32), (32, 12), (12, 33), (33, 12), (12, 36), (36, 12), (12, 37), (37, 12), (12, 39), (39, 12), (13, 22), (22, 13), (13, 29), (29, 13), (13, 34), (34, 13), (13, 37), (37, 13), (13, 40), (40, 13), (14, 26), (26, 14), (14, 35), (35, 14), (15, 17), (17, 15), (15, 21), (21, 15), (15, 29), (29, 15), (15, 30), (30, 15), (15, 37), (37, 15), (15, 40), (40, 15), (16, 25), (25, 16), (16, 38), (38, 16), (16, 40), (40, 16), (17, 18), (18, 17), (17, 25), (25, 17), (17, 29), (29, 17), (17, 35), (35, 17), (18, 20), (20, 18), (18, 26), (26, 18), (18, 28), (28, 18), (18, 29), (29, 18), (18, 30), (30, 18), (19, 25), (25, 19), (19, 28), (28, 19), (19, 36), (36, 19), (19, 40), (40, 19), (20, 21), (21, 20), (20, 29), (29, 20), (20, 39), (39, 20), (21, 23), (23, 21), (21, 24), (24, 21), (22, 25), (25, 22), (22, 39), (39, 22), (23, 29), (29, 23), (23, 39), (39, 23), (24, 27), (27, 24), (24, 38), (38, 24), (25, 34), (34, 25), (26, 27), (27, 26), (26, 40), (40, 26), (27, 37), (37, 27), (28, 39), (39, 28), (28, 40), (40, 28), (29, 40), (40, 29), (30, 31), (31, 30), (31, 35), (35, 31), (31, 36), (36, 31), (32, 36), (36, 32), (33, 35), (35, 33), (33, 40), (40, 33), (34, 40), (40, 34), (36, 37), (37, 36)]
Z_dad = [39, 40]
Y_dad = [5, 12]
X_dad = [17, 32]
Z_da-ad = [7, 32]
Y_da-ad = [3, 17]
X_da-ad = [1, 35]
