no              #fail
6.926           #totTm
1.142           #lastADTm
5               #itDAD
1.500           #avItADGoal
6               #itADOpt
5               #opt
4               #optDA-AD
0.638           #tmDA
20.0            #relGain

V = [1, 2, 3, 4, 5, 6, 7, 8, 9, 10, 11, 12, 13, 14, 15, 16, 17, 18, 19, 20, 21, 22, 23, 24, 25, 26, 27, 28, 29, 30, 31, 32, 33, 34, 35, 36, 37, 38, 39, 40]
A = [(1, 11), (11, 1), (1, 13), (13, 1), (1, 19), (19, 1), (1, 20), (20, 1), (1, 27), (27, 1), (1, 35), (35, 1), (2, 32), (32, 2), (2, 37), (37, 2), (3, 14), (14, 3), (3, 20), (20, 3), (3, 22), (22, 3), (3, 25), (25, 3), (3, 27), (27, 3), (3, 28), (28, 3), (3, 35), (35, 3), (3, 36), (36, 3), (3, 40), (40, 3), (4, 13), (13, 4), (4, 18), (18, 4), (4, 22), (22, 4), (4, 26), (26, 4), (5, 15), (15, 5), (5, 26), (26, 5), (5, 27), (27, 5), (5, 29), (29, 5), (5, 31), (31, 5), (5, 33), (33, 5), (5, 35), (35, 5), (6, 7), (7, 6), (6, 8), (8, 6), (6, 17), (17, 6), (6, 19), (19, 6), (6, 29), (29, 6), (6, 31), (31, 6), (7, 10), (10, 7), (7, 30), (30, 7), (7, 33), (33, 7), (7, 34), (34, 7), (7, 36), (36, 7), (8, 13), (13, 8), (8, 18), (18, 8), (8, 30), (30, 8), (8, 31), (31, 8), (8, 37), (37, 8), (9, 18), (18, 9), (9, 28), (28, 9), (9, 38), (38, 9), (10, 30), (30, 10), (10, 39), (39, 10), (11, 22), (22, 11), (11, 24), (24, 11), (11, 31), (31, 11), (11, 38), (38, 11), (11, 39), (39, 11), (12, 20), (20, 12), (12, 27), (27, 12), (12, 34), (34, 12), (12, 37), (37, 12), (12, 40), (40, 12), (13, 25), (25, 13), (13, 31), (31, 13), (13, 35), (35, 13), (13, 39), (39, 13), (14, 23), (23, 14), (14, 30), (30, 14), (15, 19), (19, 15), (15, 24), (24, 15), (15, 30), (30, 15), (15, 33), (33, 15), (15, 39), (39, 15), (16, 17), (17, 16), (16, 21), (21, 16), (16, 24), (24, 16), (16, 29), (29, 16), (16, 40), (40, 16), (17, 38), (38, 17), (18, 21), (21, 18), (18, 28), (28, 18), (18, 31), (31, 18), (18, 38), (38, 18), (18, 40), (40, 18), (19, 28), (28, 19), (19, 32), (32, 19), (19, 35), (35, 19), (19, 38), (38, 19), (20, 21), (21, 20), (20, 27), (27, 20), (20, 30), (30, 20), (20, 34), (34, 20), (20, 37), (37, 20), (21, 26), (26, 21), (21, 30), (30, 21), (21, 32), (32, 21), (21, 34), (34, 21), (21, 39), (39, 21), (22, 29), (29, 22), (22, 33), (33, 22), (22, 35), (35, 22), (22, 40), (40, 22), (23, 27), (27, 23), (23, 33), (33, 23), (23, 40), (40, 23), (24, 25), (25, 24), (24, 35), (35, 24), (26, 31), (31, 26), (27, 30), (30, 27), (27, 36), (36, 27), (27, 37), (37, 27), (29, 32), (32, 29), (29, 34), (34, 29), (30, 33), (33, 30), (30, 36), (36, 30), (32, 34), (34, 32), (32, 35), (35, 32), (33, 36), (36, 33), (38, 40), (40, 38), (39, 40), (40, 39)]
Z_dad = [3, 18]
Y_dad = [19, 30]
X_dad = [28, 38]
Z_da-ad = [32, 37]
Y_da-ad = [2, 9]
X_da-ad = [28, 38]
