no              #fail
17.930          #totTm
1.331           #lastADTm
7               #itDAD
3.000           #avItADGoal
5               #itADOpt
5               #opt
4               #optDA-AD
1.116           #tmDA
20.0            #relGain

V = [1, 2, 3, 4, 5, 6, 7, 8, 9, 10, 11, 12, 13, 14, 15, 16, 17, 18, 19, 20, 21, 22, 23, 24, 25, 26, 27, 28, 29, 30, 31, 32, 33, 34, 35, 36, 37, 38, 39, 40]
A = [(1, 5), (5, 1), (1, 16), (16, 1), (1, 35), (35, 1), (1, 37), (37, 1), (2, 6), (6, 2), (2, 21), (21, 2), (2, 22), (22, 2), (2, 24), (24, 2), (2, 33), (33, 2), (3, 9), (9, 3), (3, 14), (14, 3), (3, 24), (24, 3), (3, 28), (28, 3), (4, 9), (9, 4), (4, 17), (17, 4), (4, 21), (21, 4), (4, 23), (23, 4), (4, 25), (25, 4), (4, 29), (29, 4), (4, 31), (31, 4), (4, 37), (37, 4), (5, 12), (12, 5), (5, 13), (13, 5), (5, 22), (22, 5), (5, 23), (23, 5), (5, 24), (24, 5), (5, 29), (29, 5), (5, 32), (32, 5), (6, 8), (8, 6), (6, 9), (9, 6), (6, 12), (12, 6), (6, 17), (17, 6), (6, 26), (26, 6), (6, 33), (33, 6), (7, 9), (9, 7), (7, 10), (10, 7), (7, 13), (13, 7), (7, 14), (14, 7), (7, 15), (15, 7), (8, 17), (17, 8), (8, 24), (24, 8), (8, 25), (25, 8), (8, 34), (34, 8), (8, 38), (38, 8), (8, 40), (40, 8), (9, 21), (21, 9), (9, 30), (30, 9), (10, 13), (13, 10), (10, 25), (25, 10), (10, 27), (27, 10), (10, 31), (31, 10), (10, 37), (37, 10), (11, 21), (21, 11), (11, 24), (24, 11), (11, 36), (36, 11), (12, 16), (16, 12), (12, 19), (19, 12), (12, 20), (20, 12), (12, 23), (23, 12), (12, 31), (31, 12), (12, 40), (40, 12), (13, 18), (18, 13), (13, 35), (35, 13), (13, 40), (40, 13), (14, 15), (15, 14), (14, 19), (19, 14), (14, 21), (21, 14), (14, 25), (25, 14), (14, 26), (26, 14), (15, 17), (17, 15), (15, 27), (27, 15), (15, 33), (33, 15), (16, 20), (20, 16), (16, 22), (22, 16), (16, 23), (23, 16), (16, 26), (26, 16), (16, 34), (34, 16), (17, 18), (18, 17), (17, 25), (25, 17), (17, 27), (27, 17), (17, 31), (31, 17), (18, 19), (19, 18), (18, 26), (26, 18), (18, 32), (32, 18), (18, 40), (40, 18), (19, 28), (28, 19), (19, 35), (35, 19), (20, 23), (23, 20), (20, 26), (26, 20), (20, 34), (34, 20), (20, 40), (40, 20), (21, 23), (23, 21), (21, 25), (25, 21), (21, 26), (26, 21), (21, 29), (29, 21), (23, 29), (29, 23), (23, 32), (32, 23), (23, 36), (36, 23), (24, 27), (27, 24), (24, 36), (36, 24), (24, 37), (37, 24), (25, 26), (26, 25), (26, 30), (30, 26), (26, 34), (34, 26), (26, 38), (38, 26), (27, 30), (30, 27), (27, 34), (34, 27), (28, 34), (34, 28), (28, 36), (36, 28), (29, 32), (32, 29), (29, 34), (34, 29), (30, 39), (39, 30), (30, 40), (40, 30), (31, 34), (34, 31), (32, 36), (36, 32), (35, 39), (39, 35), (35, 40), (40, 35)]
Z_dad = [5, 35]
Y_dad = [4, 26]
X_dad = [6, 30]
Z_da-ad = [8, 26]
Y_da-ad = [35, 38]
X_da-ad = [11, 39]
