no              #fail
13.739          #totTm
1.196           #lastADTm
7               #itDAD
2.667           #avItADGoal
4               #itADOpt
5               #opt
4               #optDA-AD
1.058           #tmDA
20.0            #relGain

V = [1, 2, 3, 4, 5, 6, 7, 8, 9, 10, 11, 12, 13, 14, 15, 16, 17, 18, 19, 20, 21, 22, 23, 24, 25, 26, 27, 28, 29, 30, 31, 32, 33, 34, 35, 36, 37, 38, 39, 40]
A = [(1, 2), (2, 1), (1, 7), (7, 1), (1, 17), (17, 1), (1, 25), (25, 1), (1, 32), (32, 1), (2, 5), (5, 2), (2, 17), (17, 2), (2, 23), (23, 2), (2, 39), (39, 2), (3, 4), (4, 3), (3, 21), (21, 3), (3, 23), (23, 3), (3, 28), (28, 3), (3, 40), (40, 3), (4, 12), (12, 4), (4, 17), (17, 4), (4, 26), (26, 4), (5, 9), (9, 5), (5, 22), (22, 5), (5, 30), (30, 5), (5, 32), (32, 5), (5, 35), (35, 5), (5, 39), (39, 5), (6, 20), (20, 6), (6, 32), (32, 6), (6, 37), (37, 6), (6, 38), (38, 6), (7, 19), (19, 7), (7, 24), (24, 7), (7, 26), (26, 7), (7, 29), (29, 7), (7, 30), (30, 7), (7, 35), (35, 7), (8, 20), (20, 8), (8, 23), (23, 8), (8, 24), (24, 8), (8, 28), (28, 8), (8, 30), (30, 8), (9, 12), (12, 9), (9, 23), (23, 9), (9, 29), (29, 9), (10, 11), (11, 10), (10, 13), (13, 10), (10, 15), (15, 10), (10, 16), (16, 10), (10, 19), (19, 10), (10, 20), (20, 10), (10, 26), (26, 10), (11, 24), (24, 11), (11, 25), (25, 11), (11, 29), (29, 11), (11, 33), (33, 11), (11, 35), (35, 11), (11, 37), (37, 11), (11, 40), (40, 11), (12, 13), (13, 12), (12, 15), (15, 12), (12, 19), (19, 12), (12, 21), (21, 12), (12, 31), (31, 12), (12, 38), (38, 12), (13, 26), (26, 13), (13, 38), (38, 13), (14, 36), (36, 14), (14, 39), (39, 14), (15, 18), (18, 15), (15, 21), (21, 15), (15, 25), (25, 15), (15, 26), (26, 15), (15, 35), (35, 15), (16, 17), (17, 16), (16, 18), (18, 16), (16, 30), (30, 16), (16, 33), (33, 16), (16, 37), (37, 16), (17, 23), (23, 17), (17, 39), (39, 17), (18, 21), (21, 18), (18, 31), (31, 18), (18, 40), (40, 18), (19, 20), (20, 19), (20, 30), (30, 20), (20, 33), (33, 20), (20, 35), (35, 20), (21, 32), (32, 21), (21, 37), (37, 21), (22, 23), (23, 22), (22, 32), (32, 22), (22, 33), (33, 22), (22, 37), (37, 22), (24, 29), (29, 24), (24, 35), (35, 24), (24, 39), (39, 24), (25, 33), (33, 25), (25, 37), (37, 25), (26, 28), (28, 26), (26, 30), (30, 26), (26, 37), (37, 26), (26, 39), (39, 26), (27, 29), (29, 27), (27, 35), (35, 27), (27, 36), (36, 27), (27, 38), (38, 27), (29, 31), (31, 29), (29, 35), (35, 29), (29, 39), (39, 29), (30, 36), (36, 30), (30, 39), (39, 30), (32, 33), (33, 32), (32, 34), (34, 32), (32, 36), (36, 32), (33, 34), (34, 33), (33, 36), (36, 33), (33, 37), (37, 33), (35, 37), (37, 35), (37, 39), (39, 37), (37, 40), (40, 37)]
Z_dad = [12, 26]
Y_dad = [37, 39]
X_dad = [10, 38]
Z_da-ad = [32, 33]
Y_da-ad = [34, 36]
X_da-ad = [14, 30]
