no              #fail
83.860          #totTm
1.175           #lastADTm
11              #itDAD
3.500           #avItADGoal
10              #itADOpt
5               #opt
5               #optDA-AD
1.584           #tmDA
0.0             #relGain

V = [1, 2, 3, 4, 5, 6, 7, 8, 9, 10, 11, 12, 13, 14, 15, 16, 17, 18, 19, 20, 21, 22, 23, 24, 25, 26, 27, 28, 29, 30, 31, 32, 33, 34, 35, 36, 37, 38, 39, 40]
A = [(1, 3), (3, 1), (1, 5), (5, 1), (1, 10), (10, 1), (1, 13), (13, 1), (1, 36), (36, 1), (2, 8), (8, 2), (2, 12), (12, 2), (2, 14), (14, 2), (2, 24), (24, 2), (2, 37), (37, 2), (3, 10), (10, 3), (3, 15), (15, 3), (3, 16), (16, 3), (3, 19), (19, 3), (3, 28), (28, 3), (3, 32), (32, 3), (4, 8), (8, 4), (4, 10), (10, 4), (4, 22), (22, 4), (4, 28), (28, 4), (4, 34), (34, 4), (5, 7), (7, 5), (5, 8), (8, 5), (5, 11), (11, 5), (5, 13), (13, 5), (5, 30), (30, 5), (5, 35), (35, 5), (5, 36), (36, 5), (6, 7), (7, 6), (6, 14), (14, 6), (6, 27), (27, 6), (6, 29), (29, 6), (6, 35), (35, 6), (6, 36), (36, 6), (6, 37), (37, 6), (7, 13), (13, 7), (7, 36), (36, 7), (7, 39), (39, 7), (8, 16), (16, 8), (8, 17), (17, 8), (8, 21), (21, 8), (8, 24), (24, 8), (8, 32), (32, 8), (9, 14), (14, 9), (9, 23), (23, 9), (10, 12), (12, 10), (10, 15), (15, 10), (10, 19), (19, 10), (10, 20), (20, 10), (10, 22), (22, 10), (10, 24), (24, 10), (10, 28), (28, 10), (10, 36), (36, 10), (11, 15), (15, 11), (11, 18), (18, 11), (11, 24), (24, 11), (11, 25), (25, 11), (11, 28), (28, 11), (11, 32), (32, 11), (11, 33), (33, 11), (11, 34), (34, 11), (12, 24), (24, 12), (12, 28), (28, 12), (12, 32), (32, 12), (12, 34), (34, 12), (13, 15), (15, 13), (13, 22), (22, 13), (13, 29), (29, 13), (13, 31), (31, 13), (14, 24), (24, 14), (14, 25), (25, 14), (14, 26), (26, 14), (14, 28), (28, 14), (14, 40), (40, 14), (15, 20), (20, 15), (15, 22), (22, 15), (15, 23), (23, 15), (15, 26), (26, 15), (15, 29), (29, 15), (15, 30), (30, 15), (16, 18), (18, 16), (16, 32), (32, 16), (16, 33), (33, 16), (16, 37), (37, 16), (17, 18), (18, 17), (17, 24), (24, 17), (17, 31), (31, 17), (17, 32), (32, 17), (18, 29), (29, 18), (18, 34), (34, 18), (18, 35), (35, 18), (19, 35), (35, 19), (20, 29), (29, 20), (20, 34), (34, 20), (21, 38), (38, 21), (21, 39), (39, 21), (21, 40), (40, 21), (22, 25), (25, 22), (22, 30), (30, 22), (22, 31), (31, 22), (23, 34), (34, 23), (23, 37), (37, 23), (25, 40), (40, 25), (27, 31), (31, 27), (27, 33), (33, 27), (27, 40), (40, 27), (28, 34), (34, 28), (29, 32), (32, 29), (29, 33), (33, 29), (30, 31), (31, 30), (30, 33), (33, 30), (30, 35), (35, 30), (31, 40), (40, 31), (34, 39), (39, 34), (35, 36), (36, 35), (35, 40), (40, 35), (37, 40), (40, 37)]
Z_dad = [14, 21]
Y_dad = [15, 38]
X_dad = [23, 26]
Z_da-ad = [14, 15]
Y_da-ad = [21, 23]
X_da-ad = [2, 34]
