no              #fail
17.230          #totTm
0.743           #lastADTm
8               #itDAD
2.000           #avItADGoal
8               #itADOpt
5               #opt
4               #optDA-AD
1.158           #tmDA
20.0            #relGain

V = [1, 2, 3, 4, 5, 6, 7, 8, 9, 10, 11, 12, 13, 14, 15, 16, 17, 18, 19, 20, 21, 22, 23, 24, 25, 26, 27, 28, 29, 30, 31, 32, 33, 34, 35, 36, 37, 38, 39, 40]
A = [(1, 11), (11, 1), (1, 19), (19, 1), (1, 20), (20, 1), (1, 38), (38, 1), (2, 7), (7, 2), (2, 11), (11, 2), (2, 18), (18, 2), (2, 29), (29, 2), (2, 33), (33, 2), (2, 36), (36, 2), (2, 39), (39, 2), (3, 6), (6, 3), (3, 13), (13, 3), (3, 18), (18, 3), (3, 24), (24, 3), (3, 26), (26, 3), (3, 27), (27, 3), (3, 32), (32, 3), (3, 33), (33, 3), (3, 38), (38, 3), (4, 11), (11, 4), (4, 23), (23, 4), (4, 33), (33, 4), (4, 34), (34, 4), (4, 38), (38, 4), (5, 10), (10, 5), (5, 14), (14, 5), (5, 19), (19, 5), (5, 26), (26, 5), (5, 38), (38, 5), (6, 27), (27, 6), (6, 31), (31, 6), (6, 38), (38, 6), (7, 15), (15, 7), (7, 18), (18, 7), (7, 19), (19, 7), (7, 20), (20, 7), (7, 39), (39, 7), (8, 18), (18, 8), (8, 21), (21, 8), (8, 28), (28, 8), (9, 13), (13, 9), (9, 20), (20, 9), (9, 21), (21, 9), (9, 33), (33, 9), (9, 38), (38, 9), (10, 18), (18, 10), (10, 26), (26, 10), (10, 36), (36, 10), (11, 12), (12, 11), (11, 32), (32, 11), (12, 13), (13, 12), (12, 15), (15, 12), (12, 21), (21, 12), (12, 31), (31, 12), (13, 19), (19, 13), (13, 20), (20, 13), (13, 25), (25, 13), (13, 32), (32, 13), (13, 33), (33, 13), (13, 34), (34, 13), (13, 35), (35, 13), (14, 20), (20, 14), (14, 23), (23, 14), (14, 24), (24, 14), (14, 25), (25, 14), (14, 28), (28, 14), (14, 33), (33, 14), (14, 39), (39, 14), (15, 19), (19, 15), (15, 20), (20, 15), (15, 22), (22, 15), (15, 34), (34, 15), (15, 36), (36, 15), (15, 37), (37, 15), (15, 39), (39, 15), (16, 18), (18, 16), (16, 24), (24, 16), (17, 21), (21, 17), (17, 23), (23, 17), (17, 24), (24, 17), (17, 25), (25, 17), (17, 29), (29, 17), (17, 32), (32, 17), (18, 27), (27, 18), (19, 24), (24, 19), (19, 25), (25, 19), (19, 34), (34, 19), (19, 36), (36, 19), (19, 37), (37, 19), (20, 25), (25, 20), (20, 34), (34, 20), (21, 23), (23, 21), (21, 29), (29, 21), (21, 33), (33, 21), (22, 23), (23, 22), (22, 32), (32, 22), (24, 26), (26, 24), (24, 29), (29, 24), (25, 26), (26, 25), (25, 31), (31, 25), (25, 32), (32, 25), (26, 32), (32, 26), (26, 33), (33, 26), (27, 40), (40, 27), (28, 35), (35, 28), (29, 30), (30, 29), (30, 32), (32, 30), (30, 33), (33, 30), (30, 40), (40, 30), (31, 32), (32, 31), (31, 36), (36, 31), (32, 34), (34, 32), (34, 37), (37, 34), (36, 40), (40, 36), (38, 40), (40, 38), (39, 40), (40, 39)]
Z_dad = [18, 28]
Y_dad = [13, 24]
X_dad = [16, 21]
Z_da-ad = [18, 24]
Y_da-ad = [16, 28]
X_da-ad = [8, 14]
