no              #fail
26.974          #totTm
0.887           #lastADTm
9               #itDAD
2.000           #avItADGoal
6               #itADOpt
5               #opt
5               #optDA-AD
1.014           #tmDA
0.0             #relGain

V = [1, 2, 3, 4, 5, 6, 7, 8, 9, 10, 11, 12, 13, 14, 15, 16, 17, 18, 19, 20, 21, 22, 23, 24, 25, 26, 27, 28, 29, 30, 31, 32, 33, 34, 35, 36, 37, 38, 39, 40]
A = [(1, 4), (4, 1), (1, 5), (5, 1), (1, 13), (13, 1), (1, 20), (20, 1), (1, 22), (22, 1), (1, 27), (27, 1), (1, 35), (35, 1), (1, 36), (36, 1), (2, 5), (5, 2), (2, 14), (14, 2), (2, 29), (29, 2), (2, 34), (34, 2), (3, 11), (11, 3), (3, 14), (14, 3), (3, 17), (17, 3), (3, 20), (20, 3), (3, 25), (25, 3), (3, 39), (39, 3), (4, 7), (7, 4), (4, 25), (25, 4), (4, 26), (26, 4), (4, 28), (28, 4), (4, 33), (33, 4), (5, 8), (8, 5), (5, 22), (22, 5), (5, 29), (29, 5), (5, 30), (30, 5), (6, 37), (37, 6), (6, 39), (39, 6), (7, 16), (16, 7), (7, 19), (19, 7), (7, 21), (21, 7), (7, 23), (23, 7), (7, 26), (26, 7), (7, 27), (27, 7), (7, 37), (37, 7), (8, 12), (12, 8), (8, 23), (23, 8), (8, 30), (30, 8), (8, 36), (36, 8), (9, 14), (14, 9), (9, 15), (15, 9), (9, 18), (18, 9), (9, 22), (22, 9), (10, 21), (21, 10), (10, 23), (23, 10), (10, 24), (24, 10), (10, 35), (35, 10), (11, 12), (12, 11), (11, 22), (22, 11), (11, 27), (27, 11), (11, 29), (29, 11), (11, 35), (35, 11), (12, 14), (14, 12), (12, 22), (22, 12), (12, 33), (33, 12), (13, 15), (15, 13), (13, 21), (21, 13), (13, 23), (23, 13), (13, 34), (34, 13), (14, 17), (17, 14), (14, 23), (23, 14), (14, 29), (29, 14), (14, 35), (35, 14), (15, 17), (17, 15), (15, 21), (21, 15), (15, 26), (26, 15), (15, 29), (29, 15), (15, 39), (39, 15), (15, 40), (40, 15), (16, 27), (27, 16), (17, 18), (18, 17), (17, 21), (21, 17), (17, 22), (22, 17), (17, 31), (31, 17), (17, 34), (34, 17), (18, 27), (27, 18), (18, 30), (30, 18), (18, 36), (36, 18), (19, 20), (20, 19), (19, 21), (21, 19), (19, 31), (31, 19), (19, 38), (38, 19), (20, 21), (21, 20), (20, 24), (24, 20), (20, 39), (39, 20), (21, 23), (23, 21), (21, 32), (32, 21), (21, 38), (38, 21), (22, 23), (23, 22), (22, 29), (29, 22), (23, 25), (25, 23), (23, 30), (30, 23), (23, 32), (32, 23), (23, 33), (33, 23), (23, 37), (37, 23), (24, 27), (27, 24), (24, 35), (35, 24), (25, 29), (29, 25), (26, 30), (30, 26), (26, 35), (35, 26), (26, 39), (39, 26), (27, 31), (31, 27), (27, 36), (36, 27), (27, 37), (37, 27), (28, 29), (29, 28), (28, 35), (35, 28), (29, 30), (30, 29), (29, 39), (39, 29), (29, 40), (40, 29), (32, 34), (34, 32), (33, 35), (35, 33), (33, 36), (36, 33), (34, 37), (37, 34), (34, 38), (38, 34), (35, 39), (39, 35), (37, 40), (40, 37)]
Z_dad = [29, 39]
Y_dad = [15, 23]
X_dad = [7, 37]
Z_da-ad = [7, 27]
Y_da-ad = [6, 17]
X_da-ad = [3, 37]
