no              #fail
42.300          #totTm
1.778           #lastADTm
10              #itDAD
2.000           #avItADGoal
6               #itADOpt
5               #opt
4               #optDA-AD
1.013           #tmDA
20.0            #relGain

V = [1, 2, 3, 4, 5, 6, 7, 8, 9, 10, 11, 12, 13, 14, 15, 16, 17, 18, 19, 20, 21, 22, 23, 24, 25, 26, 27, 28, 29, 30, 31, 32, 33, 34, 35, 36, 37, 38, 39, 40]
A = [(1, 4), (4, 1), (1, 17), (17, 1), (1, 20), (20, 1), (1, 30), (30, 1), (1, 31), (31, 1), (1, 34), (34, 1), (2, 6), (6, 2), (2, 8), (8, 2), (2, 23), (23, 2), (2, 24), (24, 2), (2, 25), (25, 2), (3, 14), (14, 3), (3, 24), (24, 3), (3, 35), (35, 3), (4, 6), (6, 4), (4, 11), (11, 4), (4, 14), (14, 4), (5, 11), (11, 5), (5, 16), (16, 5), (5, 23), (23, 5), (5, 26), (26, 5), (5, 29), (29, 5), (5, 30), (30, 5), (5, 32), (32, 5), (5, 33), (33, 5), (6, 15), (15, 6), (6, 23), (23, 6), (6, 27), (27, 6), (6, 38), (38, 6), (6, 39), (39, 6), (7, 10), (10, 7), (7, 14), (14, 7), (7, 24), (24, 7), (7, 27), (27, 7), (7, 33), (33, 7), (8, 11), (11, 8), (8, 13), (13, 8), (8, 18), (18, 8), (8, 19), (19, 8), (8, 20), (20, 8), (8, 23), (23, 8), (8, 27), (27, 8), (8, 37), (37, 8), (9, 10), (10, 9), (9, 18), (18, 9), (9, 22), (22, 9), (10, 14), (14, 10), (10, 18), (18, 10), (10, 24), (24, 10), (10, 31), (31, 10), (11, 12), (12, 11), (11, 13), (13, 11), (11, 18), (18, 11), (11, 29), (29, 11), (11, 34), (34, 11), (11, 39), (39, 11), (11, 40), (40, 11), (12, 14), (14, 12), (12, 17), (17, 12), (12, 20), (20, 12), (12, 38), (38, 12), (12, 39), (39, 12), (13, 14), (14, 13), (13, 18), (18, 13), (13, 19), (19, 13), (13, 25), (25, 13), (13, 34), (34, 13), (13, 37), (37, 13), (14, 21), (21, 14), (14, 31), (31, 14), (15, 20), (20, 15), (15, 26), (26, 15), (15, 31), (31, 15), (15, 32), (32, 15), (15, 33), (33, 15), (15, 38), (38, 15), (16, 40), (40, 16), (17, 20), (20, 17), (17, 23), (23, 17), (17, 25), (25, 17), (17, 27), (27, 17), (17, 34), (34, 17), (17, 37), (37, 17), (17, 39), (39, 17), (18, 34), (34, 18), (19, 22), (22, 19), (19, 28), (28, 19), (19, 39), (39, 19), (20, 38), (38, 20), (21, 22), (22, 21), (21, 35), (35, 21), (22, 25), (25, 22), (22, 30), (30, 22), (22, 35), (35, 22), (22, 38), (38, 22), (23, 26), (26, 23), (23, 31), (31, 23), (24, 30), (30, 24), (24, 34), (34, 24), (24, 38), (38, 24), (24, 39), (39, 24), (25, 28), (28, 25), (26, 35), (35, 26), (27, 34), (34, 27), (27, 36), (36, 27), (28, 39), (39, 28), (29, 35), (35, 29), (30, 36), (36, 30), (30, 40), (40, 30), (31, 38), (38, 31), (32, 39), (39, 32), (33, 34), (34, 33), (33, 35), (35, 33), (34, 38), (38, 34), (35, 39), (39, 35), (37, 40), (40, 37), (38, 40), (40, 38)]
Z_dad = [5, 40]
Y_dad = [16, 34]
X_dad = [27, 30]
Z_da-ad = [27, 30]
Y_da-ad = [36, 40]
X_da-ad = [11, 37]
