no              #fail
7.427           #totTm
0.237           #lastADTm
8               #itDAD
1.429           #avItADGoal
7               #itADOpt
13              #opt
13              #optDA-AD
0.534           #tmDA
0.0             #relGain

V = [1, 2, 3, 4, 5, 6, 7, 8, 9, 10, 11, 12, 13, 14, 15, 16, 17, 18, 19, 20, 21, 22, 23, 24, 25, 26, 27, 28, 29, 30, 31, 32, 33, 34, 35, 36, 37, 38, 39, 40]
A = [(1, 32), (32, 1), (2, 3), (3, 2), (2, 6), (6, 2), (2, 7), (7, 2), (2, 21), (21, 2), (2, 33), (33, 2), (3, 9), (9, 3), (3, 16), (16, 3), (3, 21), (21, 3), (3, 26), (26, 3), (3, 37), (37, 3), (4, 8), (8, 4), (4, 9), (9, 4), (4, 12), (12, 4), (4, 25), (25, 4), (4, 27), (27, 4), (4, 30), (30, 4), (6, 10), (10, 6), (6, 13), (13, 6), (6, 14), (14, 6), (6, 15), (15, 6), (6, 24), (24, 6), (6, 34), (34, 6), (6, 36), (36, 6), (6, 37), (37, 6), (6, 40), (40, 6), (7, 10), (10, 7), (7, 12), (12, 7), (7, 14), (14, 7), (7, 24), (24, 7), (7, 26), (26, 7), (7, 27), (27, 7), (7, 33), (33, 7), (8, 17), (17, 8), (8, 23), (23, 8), (8, 37), (37, 8), (9, 13), (13, 9), (9, 30), (30, 9), (9, 40), (40, 9), (10, 16), (16, 10), (10, 20), (20, 10), (10, 30), (30, 10), (11, 23), (23, 11), (11, 39), (39, 11), (12, 14), (14, 12), (12, 19), (19, 12), (12, 22), (22, 12), (12, 23), (23, 12), (12, 25), (25, 12), (12, 26), (26, 12), (12, 32), (32, 12), (12, 33), (33, 12), (12, 34), (34, 12), (12, 36), (36, 12), (13, 20), (20, 13), (13, 34), (34, 13), (13, 35), (35, 13), (14, 21), (21, 14), (16, 35), (35, 16), (17, 23), (23, 17), (17, 25), (25, 17), (17, 32), (32, 17), (17, 34), (34, 17), (17, 38), (38, 17), (17, 39), (39, 17), (18, 33), (33, 18), (18, 34), (34, 18), (19, 20), (20, 19), (19, 33), (33, 19), (19, 37), (37, 19), (20, 25), (25, 20), (20, 27), (27, 20), (20, 28), (28, 20), (20, 32), (32, 20), (21, 32), (32, 21), (21, 38), (38, 21), (21, 40), (40, 21), (22, 26), (26, 22), (22, 27), (27, 22), (22, 37), (37, 22), (24, 32), (32, 24), (24, 33), (33, 24), (24, 39), (39, 24), (25, 26), (26, 25), (25, 35), (35, 25), (26, 30), (30, 26), (27, 38), (38, 27), (28, 40), (40, 28), (29, 36), (36, 29), (30, 32), (32, 30), (31, 40), (40, 31), (35, 38), (38, 35), (37, 39), (39, 37)]
Z_dad = [6, 12, 17]
Y_dad = [37]
X_dad = [13, 33, 40]
Z_da-ad = [6, 12, 32]
Y_da-ad = [21]
X_da-ad = [20, 26, 40]
