no              #fail
30.349          #totTm
0.195           #lastADTm
9               #itDAD
1.750           #avItADGoal
7               #itADOpt
12              #opt
11              #optDA-AD
0.658           #tmDA
8.3             #relGain

V = [1, 2, 3, 4, 5, 6, 7, 8, 9, 10, 11, 12, 13, 14, 15, 16, 17, 18, 19, 20, 21, 22, 23, 24, 25, 26, 27, 28, 29, 30, 31, 32, 33, 34, 35, 36, 37, 38, 39, 40]
A = [(1, 4), (4, 1), (1, 5), (5, 1), (1, 6), (6, 1), (1, 7), (7, 1), (1, 11), (11, 1), (1, 14), (14, 1), (1, 17), (17, 1), (1, 20), (20, 1), (1, 34), (34, 1), (2, 8), (8, 2), (2, 12), (12, 2), (2, 18), (18, 2), (2, 25), (25, 2), (2, 27), (27, 2), (2, 33), (33, 2), (3, 13), (13, 3), (3, 15), (15, 3), (3, 20), (20, 3), (4, 7), (7, 4), (4, 9), (9, 4), (4, 13), (13, 4), (4, 15), (15, 4), (4, 21), (21, 4), (4, 38), (38, 4), (5, 8), (8, 5), (5, 32), (32, 5), (5, 38), (38, 5), (5, 40), (40, 5), (6, 13), (13, 6), (6, 28), (28, 6), (6, 32), (32, 6), (6, 35), (35, 6), (7, 9), (9, 7), (7, 11), (11, 7), (7, 39), (39, 7), (8, 11), (11, 8), (8, 14), (14, 8), (8, 25), (25, 8), (8, 29), (29, 8), (8, 35), (35, 8), (8, 38), (38, 8), (9, 12), (12, 9), (9, 14), (14, 9), (10, 19), (19, 10), (10, 22), (22, 10), (11, 23), (23, 11), (11, 28), (28, 11), (11, 38), (38, 11), (11, 39), (39, 11), (12, 13), (13, 12), (12, 16), (16, 12), (12, 20), (20, 12), (12, 27), (27, 12), (12, 32), (32, 12), (12, 39), (39, 12), (13, 25), (25, 13), (13, 26), (26, 13), (13, 28), (28, 13), (13, 37), (37, 13), (14, 26), (26, 14), (14, 28), (28, 14), (14, 37), (37, 14), (15, 33), (33, 15), (16, 34), (34, 16), (16, 38), (38, 16), (17, 31), (31, 17), (17, 35), (35, 17), (19, 36), (36, 19), (20, 24), (24, 20), (21, 26), (26, 21), (21, 28), (28, 21), (21, 37), (37, 21), (22, 23), (23, 22), (22, 34), (34, 22), (22, 35), (35, 22), (22, 36), (36, 22), (22, 38), (38, 22), (23, 35), (35, 23), (24, 26), (26, 24), (24, 27), (27, 24), (25, 31), (31, 25), (25, 36), (36, 25), (26, 35), (35, 26), (27, 35), (35, 27), (27, 40), (40, 27), (28, 30), (30, 28), (28, 32), (32, 28), (28, 34), (34, 28), (29, 34), (34, 29), (29, 39), (39, 29), (32, 34), (34, 32), (34, 40), (40, 34), (36, 39), (39, 36)]
Z_dad = [22, 25, 39]
Y_dad = [1]
X_dad = [2, 15, 28]
Z_da-ad = [22, 28, 36]
Y_da-ad = [2]
X_da-ad = [1, 25, 35]
