no              #fail
21.717          #totTm
0.226           #lastADTm
8               #itDAD
1.571           #avItADGoal
8               #itADOpt
11              #opt
10              #optDA-AD
0.567           #tmDA
9.1             #relGain

V = [1, 2, 3, 4, 5, 6, 7, 8, 9, 10, 11, 12, 13, 14, 15, 16, 17, 18, 19, 20, 21, 22, 23, 24, 25, 26, 27, 28, 29, 30, 31, 32, 33, 34, 35, 36, 37, 38, 39, 40]
A = [(1, 3), (3, 1), (1, 10), (10, 1), (1, 16), (16, 1), (1, 18), (18, 1), (1, 25), (25, 1), (1, 36), (36, 1), (2, 16), (16, 2), (2, 30), (30, 2), (2, 40), (40, 2), (3, 7), (7, 3), (3, 10), (10, 3), (3, 15), (15, 3), (3, 19), (19, 3), (3, 21), (21, 3), (3, 22), (22, 3), (3, 27), (27, 3), (3, 34), (34, 3), (3, 35), (35, 3), (4, 11), (11, 4), (4, 37), (37, 4), (5, 16), (16, 5), (5, 18), (18, 5), (5, 28), (28, 5), (5, 38), (38, 5), (6, 28), (28, 6), (7, 11), (11, 7), (7, 12), (12, 7), (7, 15), (15, 7), (7, 18), (18, 7), (7, 31), (31, 7), (7, 39), (39, 7), (8, 10), (10, 8), (8, 11), (11, 8), (8, 23), (23, 8), (8, 36), (36, 8), (8, 39), (39, 8), (9, 10), (10, 9), (9, 11), (11, 9), (9, 14), (14, 9), (9, 33), (33, 9), (10, 22), (22, 10), (10, 28), (28, 10), (11, 15), (15, 11), (11, 24), (24, 11), (11, 26), (26, 11), (11, 27), (27, 11), (11, 29), (29, 11), (11, 31), (31, 11), (12, 37), (37, 12), (13, 19), (19, 13), (13, 21), (21, 13), (14, 27), (27, 14), (14, 30), (30, 14), (14, 33), (33, 14), (15, 21), (21, 15), (15, 24), (24, 15), (16, 17), (17, 16), (16, 23), (23, 16), (16, 26), (26, 16), (16, 32), (32, 16), (16, 36), (36, 16), (16, 38), (38, 16), (17, 21), (21, 17), (17, 22), (22, 17), (17, 35), (35, 17), (18, 28), (28, 18), (19, 28), (28, 19), (19, 31), (31, 19), (20, 27), (27, 20), (20, 29), (29, 20), (20, 30), (30, 20), (20, 31), (31, 20), (20, 36), (36, 20), (20, 37), (37, 20), (20, 40), (40, 20), (22, 29), (29, 22), (22, 34), (34, 22), (23, 30), (30, 23), (23, 40), (40, 23), (25, 32), (32, 25), (26, 29), (29, 26), (26, 31), (31, 26), (27, 32), (32, 27), (27, 37), (37, 27), (28, 31), (31, 28), (28, 40), (40, 28), (30, 33), (33, 30), (30, 38), (38, 30), (32, 34), (34, 32), (32, 35), (35, 32), (34, 40), (40, 34), (35, 38), (38, 35), (35, 40), (40, 35)]
Z_dad = [3, 7, 11]
Y_dad = [17]
X_dad = [21, 28, 37]
Z_da-ad = [7, 8, 37]
Y_da-ad = [11]
X_da-ad = [16, 30, 40]
