no              #fail
34.397          #totTm
0.210           #lastADTm
9               #itDAD
1.625           #avItADGoal
8               #itADOpt
11              #opt
10              #optDA-AD
0.479           #tmDA
9.1             #relGain

V = [1, 2, 3, 4, 5, 6, 7, 8, 9, 10, 11, 12, 13, 14, 15, 16, 17, 18, 19, 20, 21, 22, 23, 24, 25, 26, 27, 28, 29, 30, 31, 32, 33, 34, 35, 36, 37, 38, 39, 40]
A = [(1, 9), (9, 1), (1, 13), (13, 1), (1, 21), (21, 1), (1, 25), (25, 1), (1, 38), (38, 1), (2, 5), (5, 2), (2, 7), (7, 2), (2, 10), (10, 2), (2, 13), (13, 2), (2, 15), (15, 2), (2, 20), (20, 2), (2, 27), (27, 2), (2, 35), (35, 2), (2, 37), (37, 2), (2, 39), (39, 2), (3, 10), (10, 3), (3, 15), (15, 3), (3, 19), (19, 3), (3, 23), (23, 3), (3, 30), (30, 3), (3, 32), (32, 3), (4, 22), (22, 4), (4, 24), (24, 4), (4, 25), (25, 4), (4, 28), (28, 4), (5, 9), (9, 5), (5, 14), (14, 5), (5, 30), (30, 5), (6, 29), (29, 6), (6, 32), (32, 6), (6, 39), (39, 6), (7, 21), (21, 7), (7, 29), (29, 7), (8, 15), (15, 8), (8, 27), (27, 8), (8, 37), (37, 8), (9, 31), (31, 9), (9, 34), (34, 9), (10, 15), (15, 10), (10, 18), (18, 10), (10, 33), (33, 10), (10, 37), (37, 10), (11, 12), (12, 11), (11, 21), (21, 11), (11, 26), (26, 11), (11, 30), (30, 11), (11, 33), (33, 11), (11, 35), (35, 11), (12, 34), (34, 12), (13, 17), (17, 13), (14, 24), (24, 14), (14, 33), (33, 14), (14, 40), (40, 14), (15, 17), (17, 15), (15, 38), (38, 15), (15, 40), (40, 15), (16, 19), (19, 16), (16, 35), (35, 16), (17, 28), (28, 17), (17, 29), (29, 17), (17, 30), (30, 17), (17, 35), (35, 17), (18, 29), (29, 18), (20, 24), (24, 20), (20, 28), (28, 20), (20, 39), (39, 20), (20, 40), (40, 20), (21, 25), (25, 21), (21, 26), (26, 21), (21, 27), (27, 21), (22, 33), (33, 22), (22, 34), (34, 22), (25, 36), (36, 25), (26, 27), (27, 26), (26, 37), (37, 26), (26, 39), (39, 26), (27, 30), (30, 27), (27, 31), (31, 27), (27, 32), (32, 27), (27, 34), (34, 27), (27, 39), (39, 27), (28, 33), (33, 28), (28, 38), (38, 28), (29, 31), (31, 29), (29, 34), (34, 29), (29, 35), (35, 29), (31, 34), (34, 31), (31, 36), (36, 31), (33, 34), (34, 33), (33, 40), (40, 33), (34, 40), (40, 34), (36, 39), (39, 36), (38, 39), (39, 38)]
Z_dad = [3, 29, 39]
Y_dad = [27]
X_dad = [10, 32, 35]
Z_da-ad = [3, 15, 35]
Y_da-ad = [27]
X_da-ad = [10, 29, 32]
