no              #fail
23.444          #totTm
0.185           #lastADTm
7               #itDAD
1.667           #avItADGoal
5               #itADOpt
10              #opt
10              #optDA-AD
0.626           #tmDA
0.0             #relGain

V = [1, 2, 3, 4, 5, 6, 7, 8, 9, 10, 11, 12, 13, 14, 15, 16, 17, 18, 19, 20, 21, 22, 23, 24, 25, 26, 27, 28, 29, 30, 31, 32, 33, 34, 35, 36, 37, 38, 39, 40]
A = [(1, 6), (6, 1), (1, 15), (15, 1), (1, 18), (18, 1), (1, 21), (21, 1), (1, 23), (23, 1), (1, 33), (33, 1), (1, 39), (39, 1), (2, 7), (7, 2), (2, 9), (9, 2), (2, 14), (14, 2), (2, 35), (35, 2), (3, 7), (7, 3), (3, 11), (11, 3), (3, 12), (12, 3), (3, 35), (35, 3), (3, 40), (40, 3), (4, 6), (6, 4), (4, 11), (11, 4), (4, 22), (22, 4), (4, 24), (24, 4), (4, 27), (27, 4), (4, 34), (34, 4), (5, 9), (9, 5), (5, 13), (13, 5), (5, 15), (15, 5), (5, 25), (25, 5), (5, 38), (38, 5), (6, 7), (7, 6), (6, 16), (16, 6), (7, 19), (19, 7), (7, 25), (25, 7), (7, 29), (29, 7), (7, 31), (31, 7), (8, 9), (9, 8), (9, 20), (20, 9), (9, 25), (25, 9), (9, 26), (26, 9), (9, 28), (28, 9), (10, 23), (23, 10), (10, 26), (26, 10), (10, 28), (28, 10), (10, 32), (32, 10), (10, 40), (40, 10), (11, 13), (13, 11), (11, 24), (24, 11), (11, 32), (32, 11), (11, 40), (40, 11), (12, 17), (17, 12), (12, 24), (24, 12), (12, 25), (25, 12), (12, 34), (34, 12), (13, 27), (27, 13), (13, 36), (36, 13), (14, 16), (16, 14), (14, 17), (17, 14), (14, 22), (22, 14), (14, 23), (23, 14), (14, 40), (40, 14), (15, 20), (20, 15), (15, 38), (38, 15), (16, 23), (23, 16), (18, 25), (25, 18), (18, 28), (28, 18), (18, 36), (36, 18), (19, 27), (27, 19), (19, 33), (33, 19), (20, 25), (25, 20), (20, 26), (26, 20), (20, 27), (27, 20), (21, 39), (39, 21), (21, 40), (40, 21), (22, 32), (32, 22), (22, 34), (34, 22), (23, 30), (30, 23), (23, 38), (38, 23), (23, 39), (39, 23), (24, 26), (26, 24), (24, 37), (37, 24), (25, 30), (30, 25), (25, 38), (38, 25), (26, 36), (36, 26), (27, 39), (39, 27), (28, 33), (33, 28), (29, 36), (36, 29), (29, 39), (39, 29), (31, 40), (40, 31), (32, 33), (33, 32), (32, 36), (36, 32), (33, 37), (37, 33), (35, 36), (36, 35), (36, 40), (40, 36), (37, 38), (38, 37), (38, 40), (40, 38)]
Z_dad = [9, 14, 40]
Y_dad = [25]
X_dad = [7, 12, 35]
Z_da-ad = [9, 12, 14]
Y_da-ad = [40]
X_da-ad = [6, 23, 25]
