no              #fail
76.845          #totTm
0.155           #lastADTm
9               #itDAD
2.000           #avItADGoal
4               #itADOpt
10              #opt
9               #optDA-AD
0.579           #tmDA
10.0            #relGain

V = [1, 2, 3, 4, 5, 6, 7, 8, 9, 10, 11, 12, 13, 14, 15, 16, 17, 18, 19, 20, 21, 22, 23, 24, 25, 26, 27, 28, 29, 30, 31, 32, 33, 34, 35, 36, 37, 38, 39, 40]
A = [(1, 4), (4, 1), (1, 9), (9, 1), (1, 14), (14, 1), (1, 40), (40, 1), (2, 12), (12, 2), (2, 17), (17, 2), (2, 22), (22, 2), (2, 30), (30, 2), (2, 36), (36, 2), (3, 21), (21, 3), (3, 24), (24, 3), (4, 18), (18, 4), (4, 31), (31, 4), (4, 33), (33, 4), (5, 20), (20, 5), (5, 26), (26, 5), (5, 30), (30, 5), (5, 33), (33, 5), (6, 22), (22, 6), (6, 28), (28, 6), (6, 30), (30, 6), (7, 10), (10, 7), (7, 13), (13, 7), (7, 15), (15, 7), (7, 16), (16, 7), (7, 23), (23, 7), (7, 38), (38, 7), (8, 9), (9, 8), (8, 24), (24, 8), (8, 35), (35, 8), (9, 14), (14, 9), (9, 23), (23, 9), (9, 26), (26, 9), (9, 28), (28, 9), (9, 36), (36, 9), (10, 11), (11, 10), (10, 24), (24, 10), (10, 31), (31, 10), (11, 12), (12, 11), (11, 16), (16, 11), (11, 33), (33, 11), (11, 35), (35, 11), (11, 39), (39, 11), (12, 15), (15, 12), (12, 22), (22, 12), (12, 25), (25, 12), (12, 26), (26, 12), (12, 35), (35, 12), (13, 16), (16, 13), (13, 24), (24, 13), (14, 31), (31, 14), (14, 33), (33, 14), (14, 35), (35, 14), (15, 23), (23, 15), (15, 24), (24, 15), (15, 30), (30, 15), (15, 39), (39, 15), (15, 40), (40, 15), (16, 37), (37, 16), (16, 39), (39, 16), (17, 33), (33, 17), (17, 37), (37, 17), (19, 23), (23, 19), (19, 28), (28, 19), (19, 34), (34, 19), (19, 35), (35, 19), (19, 37), (37, 19), (20, 23), (23, 20), (20, 39), (39, 20), (20, 40), (40, 20), (21, 34), (34, 21), (21, 35), (35, 21), (22, 24), (24, 22), (22, 30), (30, 22), (22, 31), (31, 22), (22, 34), (34, 22), (23, 25), (25, 23), (23, 30), (30, 23), (24, 26), (26, 24), (24, 30), (30, 24), (24, 38), (38, 24), (25, 32), (32, 25), (27, 30), (30, 27), (27, 31), (31, 27), (28, 40), (40, 28), (29, 39), (39, 29), (29, 40), (40, 29), (30, 36), (36, 30), (30, 38), (38, 30), (32, 34), (34, 32), (32, 36), (36, 32), (32, 39), (39, 32), (33, 40), (40, 33)]
Z_dad = [1, 30, 33]
Y_dad = [24]
X_dad = [2, 31, 37]
Z_da-ad = [4, 30, 31]
Y_da-ad = [24]
X_da-ad = [15, 22, 28]
