no              #fail
20.296          #totTm
0.287           #lastADTm
8               #itDAD
1.571           #avItADGoal
7               #itADOpt
12              #opt
11              #optDA-AD
0.583           #tmDA
8.3             #relGain

V = [1, 2, 3, 4, 5, 6, 7, 8, 9, 10, 11, 12, 13, 14, 15, 16, 17, 18, 19, 20, 21, 22, 23, 24, 25, 26, 27, 28, 29, 30, 31, 32, 33, 34, 35, 36, 37, 38, 39, 40]
A = [(1, 17), (17, 1), (1, 27), (27, 1), (1, 34), (34, 1), (1, 38), (38, 1), (2, 25), (25, 2), (3, 18), (18, 3), (3, 19), (19, 3), (3, 29), (29, 3), (3, 31), (31, 3), (3, 34), (34, 3), (3, 36), (36, 3), (4, 18), (18, 4), (4, 24), (24, 4), (4, 33), (33, 4), (4, 40), (40, 4), (5, 8), (8, 5), (5, 9), (9, 5), (5, 18), (18, 5), (5, 19), (19, 5), (5, 29), (29, 5), (5, 39), (39, 5), (6, 38), (38, 6), (7, 10), (10, 7), (7, 21), (21, 7), (7, 28), (28, 7), (7, 29), (29, 7), (8, 22), (22, 8), (8, 39), (39, 8), (9, 17), (17, 9), (10, 11), (11, 10), (10, 12), (12, 10), (10, 24), (24, 10), (10, 30), (30, 10), (11, 13), (13, 11), (11, 18), (18, 11), (11, 32), (32, 11), (12, 24), (24, 12), (12, 26), (26, 12), (12, 29), (29, 12), (12, 31), (31, 12), (12, 32), (32, 12), (12, 33), (33, 12), (12, 37), (37, 12), (13, 14), (14, 13), (13, 24), (24, 13), (13, 30), (30, 13), (13, 38), (38, 13), (14, 17), (17, 14), (14, 18), (18, 14), (14, 24), (24, 14), (14, 36), (36, 14), (15, 22), (22, 15), (15, 29), (29, 15), (15, 32), (32, 15), (16, 24), (24, 16), (16, 28), (28, 16), (17, 26), (26, 17), (17, 28), (28, 17), (17, 39), (39, 17), (19, 24), (24, 19), (19, 29), (29, 19), (19, 35), (35, 19), (20, 21), (21, 20), (20, 23), (23, 20), (20, 26), (26, 20), (20, 27), (27, 20), (20, 34), (34, 20), (21, 22), (22, 21), (21, 38), (38, 21), (21, 40), (40, 21), (22, 23), (23, 22), (22, 29), (29, 22), (22, 33), (33, 22), (23, 31), (31, 23), (23, 36), (36, 23), (24, 28), (28, 24), (25, 34), (34, 25), (25, 35), (35, 25), (26, 36), (36, 26), (27, 28), (28, 27), (27, 31), (31, 27), (27, 33), (33, 27), (27, 37), (37, 27), (28, 37), (37, 28), (29, 31), (31, 29), (30, 32), (32, 30), (30, 40), (40, 30), (31, 40), (40, 31), (32, 35), (35, 32), (32, 37), (37, 32), (33, 38), (38, 33), (34, 38), (38, 34), (38, 40), (40, 38)]
Z_dad = [17, 22, 34]
Y_dad = [12]
X_dad = [5, 35, 38]
Z_da-ad = [19, 32, 34]
Y_da-ad = [17]
X_da-ad = [22, 29, 38]
