no              #fail
21.020          #totTm
0.192           #lastADTm
7               #itDAD
1.500           #avItADGoal
6               #itADOpt
10              #opt
10              #optDA-AD
0.648           #tmDA
0.0             #relGain

V = [1, 2, 3, 4, 5, 6, 7, 8, 9, 10, 11, 12, 13, 14, 15, 16, 17, 18, 19, 20, 21, 22, 23, 24, 25, 26, 27, 28, 29, 30, 31, 32, 33, 34, 35, 36, 37, 38, 39, 40]
A = [(1, 7), (7, 1), (1, 12), (12, 1), (1, 15), (15, 1), (1, 22), (22, 1), (1, 23), (23, 1), (2, 10), (10, 2), (2, 22), (22, 2), (2, 26), (26, 2), (2, 27), (27, 2), (2, 28), (28, 2), (2, 33), (33, 2), (3, 5), (5, 3), (3, 20), (20, 3), (3, 26), (26, 3), (3, 37), (37, 3), (4, 14), (14, 4), (4, 18), (18, 4), (4, 28), (28, 4), (4, 38), (38, 4), (5, 6), (6, 5), (5, 8), (8, 5), (5, 14), (14, 5), (5, 15), (15, 5), (5, 18), (18, 5), (5, 22), (22, 5), (5, 23), (23, 5), (6, 15), (15, 6), (6, 24), (24, 6), (6, 38), (38, 6), (7, 21), (21, 7), (8, 19), (19, 8), (8, 20), (20, 8), (8, 31), (31, 8), (8, 34), (34, 8), (8, 40), (40, 8), (9, 18), (18, 9), (9, 25), (25, 9), (9, 31), (31, 9), (10, 14), (14, 10), (10, 16), (16, 10), (10, 22), (22, 10), (10, 33), (33, 10), (10, 36), (36, 10), (11, 14), (14, 11), (11, 24), (24, 11), (11, 27), (27, 11), (11, 29), (29, 11), (11, 35), (35, 11), (11, 36), (36, 11), (12, 32), (32, 12), (12, 39), (39, 12), (13, 25), (25, 13), (13, 28), (28, 13), (13, 34), (34, 13), (14, 27), (27, 14), (14, 34), (34, 14), (14, 37), (37, 14), (15, 16), (16, 15), (15, 27), (27, 15), (15, 31), (31, 15), (16, 34), (34, 16), (16, 38), (38, 16), (17, 18), (18, 17), (18, 29), (29, 18), (18, 39), (39, 18), (18, 40), (40, 18), (19, 23), (23, 19), (19, 24), (24, 19), (19, 25), (25, 19), (19, 28), (28, 19), (19, 32), (32, 19), (19, 35), (35, 19), (20, 25), (25, 20), (20, 31), (31, 20), (20, 37), (37, 20), (21, 27), (27, 21), (21, 29), (29, 21), (21, 30), (30, 21), (22, 35), (35, 22), (24, 37), (37, 24), (25, 29), (29, 25), (25, 39), (39, 25), (26, 32), (32, 26), (27, 29), (29, 27), (27, 40), (40, 27), (28, 33), (33, 28), (29, 39), (39, 29), (30, 33), (33, 30), (31, 33), (33, 31), (31, 34), (34, 31), (33, 36), (36, 33), (37, 38), (38, 37), (37, 40), (40, 37)]
Z_dad = [1, 18, 33]
Y_dad = [14]
X_dad = [21, 25, 31]
Z_da-ad = [1, 21, 33]
Y_da-ad = [4]
X_da-ad = [5, 18, 19]
