no              #fail
13.869          #totTm
0.258           #lastADTm
9               #itDAD
1.750           #avItADGoal
9               #itADOpt
11              #opt
11              #optDA-AD
0.541           #tmDA
0.0             #relGain

V = [1, 2, 3, 4, 5, 6, 7, 8, 9, 10, 11, 12, 13, 14, 15, 16, 17, 18, 19, 20, 21, 22, 23, 24, 25, 26, 27, 28, 29, 30, 31, 32, 33, 34, 35, 36, 37, 38, 39, 40]
A = [(1, 6), (6, 1), (1, 20), (20, 1), (1, 30), (30, 1), (1, 32), (32, 1), (2, 14), (14, 2), (2, 18), (18, 2), (2, 20), (20, 2), (2, 22), (22, 2), (2, 24), (24, 2), (2, 27), (27, 2), (2, 28), (28, 2), (3, 8), (8, 3), (3, 15), (15, 3), (3, 17), (17, 3), (3, 24), (24, 3), (3, 26), (26, 3), (3, 38), (38, 3), (4, 5), (5, 4), (4, 7), (7, 4), (4, 9), (9, 4), (4, 10), (10, 4), (4, 13), (13, 4), (4, 21), (21, 4), (4, 25), (25, 4), (4, 28), (28, 4), (5, 6), (6, 5), (5, 18), (18, 5), (5, 32), (32, 5), (6, 16), (16, 6), (6, 18), (18, 6), (6, 29), (29, 6), (6, 34), (34, 6), (7, 24), (24, 7), (7, 26), (26, 7), (7, 36), (36, 7), (8, 16), (16, 8), (8, 21), (21, 8), (8, 31), (31, 8), (9, 11), (11, 9), (9, 23), (23, 9), (9, 24), (24, 9), (10, 13), (13, 10), (10, 20), (20, 10), (10, 37), (37, 10), (11, 28), (28, 11), (11, 29), (29, 11), (11, 36), (36, 11), (12, 16), (16, 12), (12, 20), (20, 12), (12, 24), (24, 12), (12, 33), (33, 12), (12, 36), (36, 12), (13, 23), (23, 13), (13, 33), (33, 13), (13, 39), (39, 13), (14, 16), (16, 14), (14, 17), (17, 14), (15, 26), (26, 15), (15, 27), (27, 15), (15, 36), (36, 15), (15, 37), (37, 15), (16, 24), (24, 16), (16, 31), (31, 16), (16, 40), (40, 16), (17, 21), (21, 17), (17, 23), (23, 17), (17, 29), (29, 17), (17, 30), (30, 17), (17, 35), (35, 17), (18, 21), (21, 18), (18, 35), (35, 18), (19, 40), (40, 19), (20, 25), (25, 20), (20, 33), (33, 20), (20, 37), (37, 20), (20, 39), (39, 20), (21, 23), (23, 21), (21, 24), (24, 21), (21, 30), (30, 21), (22, 23), (23, 22), (22, 25), (25, 22), (22, 33), (33, 22), (23, 26), (26, 23), (23, 37), (37, 23), (23, 39), (39, 23), (24, 25), (25, 24), (24, 30), (30, 24), (24, 37), (37, 24), (24, 40), (40, 24), (25, 33), (33, 25), (25, 34), (34, 25), (26, 40), (40, 26), (28, 32), (32, 28)]
Z_dad = [16, 24, 26]
Y_dad = [17]
X_dad = [3, 14, 21]
Z_da-ad = [3, 16, 21]
Y_da-ad = [6]
X_da-ad = [10, 24, 26]
