no              #fail
5.028           #totTm
0.202           #lastADTm
7               #itDAD
1.333           #avItADGoal
7               #itADOpt
13              #opt
11              #optDA-AD
0.524           #tmDA
15.4            #relGain

V = [1, 2, 3, 4, 5, 6, 7, 8, 9, 10, 11, 12, 13, 14, 15, 16, 17, 18, 19, 20, 21, 22, 23, 24, 25, 26, 27, 28, 29, 30, 31, 32, 33, 34, 35, 36, 37, 38, 39, 40]
A = [(1, 7), (7, 1), (1, 8), (8, 1), (1, 37), (37, 1), (2, 5), (5, 2), (2, 12), (12, 2), (2, 20), (20, 2), (2, 29), (29, 2), (2, 32), (32, 2), (3, 8), (8, 3), (3, 16), (16, 3), (3, 19), (19, 3), (3, 28), (28, 3), (3, 35), (35, 3), (3, 37), (37, 3), (4, 9), (9, 4), (4, 18), (18, 4), (4, 28), (28, 4), (4, 33), (33, 4), (4, 34), (34, 4), (5, 7), (7, 5), (5, 8), (8, 5), (5, 10), (10, 5), (5, 25), (25, 5), (6, 7), (7, 6), (6, 14), (14, 6), (6, 32), (32, 6), (6, 34), (34, 6), (6, 40), (40, 6), (7, 22), (22, 7), (7, 23), (23, 7), (7, 29), (29, 7), (7, 37), (37, 7), (8, 26), (26, 8), (8, 28), (28, 8), (9, 21), (21, 9), (9, 27), (27, 9), (10, 12), (12, 10), (10, 14), (14, 10), (10, 37), (37, 10), (11, 14), (14, 11), (11, 26), (26, 11), (11, 31), (31, 11), (11, 34), (34, 11), (11, 37), (37, 11), (12, 13), (13, 12), (12, 22), (22, 12), (12, 26), (26, 12), (12, 34), (34, 12), (12, 37), (37, 12), (12, 40), (40, 12), (13, 15), (15, 13), (13, 18), (18, 13), (13, 19), (19, 13), (13, 29), (29, 13), (13, 30), (30, 13), (13, 31), (31, 13), (14, 15), (15, 14), (14, 31), (31, 14), (15, 30), (30, 15), (16, 18), (18, 16), (16, 19), (19, 16), (16, 30), (30, 16), (17, 20), (20, 17), (17, 38), (38, 17), (18, 29), (29, 18), (20, 22), (22, 20), (20, 32), (32, 20), (20, 33), (33, 20), (20, 34), (34, 20), (20, 35), (35, 20), (21, 27), (27, 21), (21, 32), (32, 21), (22, 24), (24, 22), (22, 31), (31, 22), (23, 25), (25, 23), (23, 31), (31, 23), (23, 38), (38, 23), (24, 28), (28, 24), (24, 34), (34, 24), (26, 30), (30, 26), (28, 35), (35, 28), (28, 39), (39, 28), (29, 30), (30, 29), (29, 37), (37, 29), (29, 38), (38, 29), (29, 39), (39, 29), (30, 39), (39, 30), (31, 35), (35, 31), (32, 35), (35, 32), (32, 36), (36, 32), (32, 40), (40, 32), (33, 34), (34, 33), (33, 40), (40, 33)]
Z_dad = [4, 29, 32]
Y_dad = [12]
X_dad = [5, 20, 23]
Z_da-ad = [2, 4, 32]
Y_da-ad = [29]
X_da-ad = [20, 25, 38]
