no              #fail
37.039          #totTm
0.327           #lastADTm
8               #itDAD
1.714           #avItADGoal
11              #itADOpt
11              #opt
10              #optDA-AD
0.712           #tmDA
9.1             #relGain

V = [1, 2, 3, 4, 5, 6, 7, 8, 9, 10, 11, 12, 13, 14, 15, 16, 17, 18, 19, 20, 21, 22, 23, 24, 25, 26, 27, 28, 29, 30, 31, 32, 33, 34, 35, 36, 37, 38, 39, 40]
A = [(1, 3), (3, 1), (1, 11), (11, 1), (1, 13), (13, 1), (1, 37), (37, 1), (2, 15), (15, 2), (2, 22), (22, 2), (2, 40), (40, 2), (3, 17), (17, 3), (3, 22), (22, 3), (3, 28), (28, 3), (3, 35), (35, 3), (4, 5), (5, 4), (4, 13), (13, 4), (4, 14), (14, 4), (4, 21), (21, 4), (4, 22), (22, 4), (4, 33), (33, 4), (4, 35), (35, 4), (5, 6), (6, 5), (5, 7), (7, 5), (5, 12), (12, 5), (5, 17), (17, 5), (5, 34), (34, 5), (5, 36), (36, 5), (6, 13), (13, 6), (6, 17), (17, 6), (6, 22), (22, 6), (6, 27), (27, 6), (6, 32), (32, 6), (6, 39), (39, 6), (7, 34), (34, 7), (7, 38), (38, 7), (8, 9), (9, 8), (8, 14), (14, 8), (8, 15), (15, 8), (8, 22), (22, 8), (8, 24), (24, 8), (8, 26), (26, 8), (9, 21), (21, 9), (9, 30), (30, 9), (10, 29), (29, 10), (10, 30), (30, 10), (10, 36), (36, 10), (11, 12), (12, 11), (11, 14), (14, 11), (11, 25), (25, 11), (12, 21), (21, 12), (12, 31), (31, 12), (12, 32), (32, 12), (12, 36), (36, 12), (12, 38), (38, 12), (12, 40), (40, 12), (13, 19), (19, 13), (13, 28), (28, 13), (13, 31), (31, 13), (14, 17), (17, 14), (14, 28), (28, 14), (14, 31), (31, 14), (15, 26), (26, 15), (15, 28), (28, 15), (15, 30), (30, 15), (16, 31), (31, 16), (16, 39), (39, 16), (17, 19), (19, 17), (18, 24), (24, 18), (18, 28), (28, 18), (19, 22), (22, 19), (19, 28), (28, 19), (19, 32), (32, 19), (19, 36), (36, 19), (19, 37), (37, 19), (20, 28), (28, 20), (20, 35), (35, 20), (20, 39), (39, 20), (22, 40), (40, 22), (23, 30), (30, 23), (24, 26), (26, 24), (24, 28), (28, 24), (24, 31), (31, 24), (24, 35), (35, 24), (25, 27), (27, 25), (25, 29), (29, 25), (25, 30), (30, 25), (25, 36), (36, 25), (26, 28), (28, 26), (26, 34), (34, 26), (28, 31), (31, 28), (29, 32), (32, 29), (29, 39), (39, 29), (30, 31), (31, 30), (31, 37), (37, 31), (33, 38), (38, 33), (35, 40), (40, 35)]
Z_dad = [4, 12, 30]
Y_dad = [5]
X_dad = [7, 8, 36]
Z_da-ad = [4, 7, 12]
Y_da-ad = [8]
X_da-ad = [9, 30, 39]
