no              #fail
3.536           #totTm
0.242           #lastADTm
6               #itDAD
1.400           #avItADGoal
8               #itADOpt
12              #opt
11              #optDA-AD
0.562           #tmDA
8.3             #relGain

V = [1, 2, 3, 4, 5, 6, 7, 8, 9, 10, 11, 12, 13, 14, 15, 16, 17, 18, 19, 20, 21, 22, 23, 24, 25, 26, 27, 28, 29, 30, 31, 32, 33, 34, 35, 36, 37, 38, 39, 40]
A = [(1, 4), (4, 1), (1, 25), (25, 1), (2, 3), (3, 2), (2, 6), (6, 2), (2, 10), (10, 2), (2, 11), (11, 2), (2, 15), (15, 2), (2, 24), (24, 2), (2, 39), (39, 2), (3, 13), (13, 3), (3, 24), (24, 3), (3, 33), (33, 3), (3, 34), (34, 3), (4, 10), (10, 4), (4, 19), (19, 4), (4, 21), (21, 4), (4, 28), (28, 4), (4, 30), (30, 4), (4, 39), (39, 4), (5, 11), (11, 5), (5, 22), (22, 5), (5, 35), (35, 5), (5, 36), (36, 5), (6, 16), (16, 6), (6, 17), (17, 6), (6, 33), (33, 6), (7, 19), (19, 7), (7, 21), (21, 7), (7, 27), (27, 7), (7, 34), (34, 7), (7, 39), (39, 7), (8, 18), (18, 8), (8, 29), (29, 8), (8, 36), (36, 8), (8, 37), (37, 8), (9, 10), (10, 9), (9, 38), (38, 9), (10, 20), (20, 10), (10, 21), (21, 10), (10, 30), (30, 10), (10, 36), (36, 10), (11, 14), (14, 11), (11, 18), (18, 11), (11, 31), (31, 11), (11, 33), (33, 11), (11, 36), (36, 11), (12, 14), (14, 12), (12, 31), (31, 12), (13, 26), (26, 13), (13, 36), (36, 13), (13, 40), (40, 13), (14, 16), (16, 14), (14, 17), (17, 14), (14, 26), (26, 14), (14, 31), (31, 14), (14, 35), (35, 14), (14, 38), (38, 14), (15, 17), (17, 15), (15, 19), (19, 15), (15, 25), (25, 15), (16, 19), (19, 16), (16, 28), (28, 16), (17, 28), (28, 17), (17, 33), (33, 17), (17, 34), (34, 17), (17, 37), (37, 17), (18, 33), (33, 18), (18, 36), (36, 18), (19, 25), (25, 19), (19, 26), (26, 19), (19, 28), (28, 19), (19, 40), (40, 19), (20, 24), (24, 20), (20, 32), (32, 20), (20, 35), (35, 20), (20, 36), (36, 20), (20, 39), (39, 20), (20, 40), (40, 20), (21, 30), (30, 21), (22, 30), (30, 22), (23, 39), (39, 23), (24, 32), (32, 24), (24, 37), (37, 24), (24, 40), (40, 24), (26, 38), (38, 26), (27, 36), (36, 27), (28, 39), (39, 28), (28, 40), (40, 28), (34, 35), (35, 34), (34, 38), (38, 34), (35, 36), (36, 35), (36, 39), (39, 36), (38, 40), (40, 38)]
Z_dad = [14, 33, 36]
Y_dad = [19]
X_dad = [11, 37, 39]
Z_da-ad = [8, 11, 14]
Y_da-ad = [7]
X_da-ad = [17, 20, 24]
