no              #fail
1415.637        #totTm
4.202           #lastADTm
20              #itDAD
4.947           #avItADGoal
18              #itADOpt
8               #opt
7               #optDA-AD
10.27           #tmDA
12.5            #relGain

V = [1, 2, 3, 4, 5, 6, 7, 8, 9, 10, 11, 12, 13, 14, 15, 16, 17, 18, 19, 20, 21, 22, 23, 24, 25, 26, 27, 28, 29, 30, 31, 32, 33, 34, 35, 36, 37, 38, 39, 40]
A = [(1, 4), (4, 1), (1, 13), (13, 1), (1, 14), (14, 1), (1, 19), (19, 1), (1, 22), (22, 1), (1, 26), (26, 1), (1, 29), (29, 1), (1, 34), (34, 1), (2, 8), (8, 2), (2, 12), (12, 2), (2, 14), (14, 2), (2, 18), (18, 2), (2, 30), (30, 2), (2, 32), (32, 2), (2, 33), (33, 2), (2, 38), (38, 2), (3, 10), (10, 3), (3, 15), (15, 3), (3, 18), (18, 3), (3, 21), (21, 3), (3, 36), (36, 3), (3, 38), (38, 3), (4, 5), (5, 4), (4, 13), (13, 4), (4, 22), (22, 4), (4, 29), (29, 4), (4, 36), (36, 4), (4, 38), (38, 4), (5, 15), (15, 5), (5, 18), (18, 5), (5, 29), (29, 5), (5, 36), (36, 5), (6, 12), (12, 6), (6, 14), (14, 6), (6, 30), (30, 6), (6, 33), (33, 6), (6, 39), (39, 6), (7, 28), (28, 7), (8, 20), (20, 8), (8, 32), (32, 8), (9, 13), (13, 9), (9, 20), (20, 9), (9, 22), (22, 9), (9, 24), (24, 9), (9, 29), (29, 9), (9, 30), (30, 9), (9, 35), (35, 9), (10, 18), (18, 10), (10, 24), (24, 10), (10, 25), (25, 10), (10, 27), (27, 10), (10, 29), (29, 10), (10, 31), (31, 10), (10, 33), (33, 10), (10, 34), (34, 10), (10, 38), (38, 10), (11, 29), (29, 11), (11, 39), (39, 11), (11, 40), (40, 11), (12, 15), (15, 12), (12, 23), (23, 12), (12, 26), (26, 12), (12, 30), (30, 12), (13, 16), (16, 13), (13, 25), (25, 13), (13, 37), (37, 13), (13, 39), (39, 13), (14, 17), (17, 14), (14, 24), (24, 14), (16, 17), (17, 16), (16, 20), (20, 16), (16, 24), (24, 16), (16, 26), (26, 16), (16, 37), (37, 16), (16, 38), (38, 16), (17, 24), (24, 17), (17, 29), (29, 17), (17, 35), (35, 17), (18, 21), (21, 18), (18, 22), (22, 18), (18, 26), (26, 18), (19, 29), (29, 19), (19, 30), (30, 19), (19, 34), (34, 19), (19, 39), (39, 19), (20, 21), (21, 20), (20, 22), (22, 20), (20, 34), (34, 20), (20, 36), (36, 20), (20, 37), (37, 20), (21, 27), (27, 21), (21, 38), (38, 21), (21, 40), (40, 21), (22, 28), (28, 22), (22, 33), (33, 22), (23, 29), (29, 23), (23, 39), (39, 23), (24, 27), (27, 24), (24, 28), (28, 24), (24, 30), (30, 24), (24, 38), (38, 24), (24, 40), (40, 24), (25, 30), (30, 25), (26, 30), (30, 26), (27, 33), (33, 27), (27, 35), (35, 27), (28, 34), (34, 28), (28, 39), (39, 28), (28, 40), (40, 28), (29, 33), (33, 29), (30, 36), (36, 30), (30, 37), (37, 30), (31, 33), (33, 31), (31, 37), (37, 31), (32, 40), (40, 32), (35, 36), (36, 35), (38, 39), (39, 38)]
Z_dad = [29, 39, 40]
Y_dad = [10, 11, 20]
X_dad = [3, 12, 28]
Z_da-ad = [3, 5, 12]
Y_da-ad = [15, 23, 32]
X_da-ad = [29, 39, 40]
