no              #fail
2790.484        #totTm
6.719           #lastADTm
18              #itDAD
5.059           #avItADGoal
17              #itADOpt
8               #opt
7               #optDA-AD
10.54           #tmDA
12.5            #relGain

V = [1, 2, 3, 4, 5, 6, 7, 8, 9, 10, 11, 12, 13, 14, 15, 16, 17, 18, 19, 20, 21, 22, 23, 24, 25, 26, 27, 28, 29, 30, 31, 32, 33, 34, 35, 36, 37, 38, 39, 40]
A = [(1, 2), (2, 1), (1, 7), (7, 1), (1, 15), (15, 1), (1, 25), (25, 1), (1, 28), (28, 1), (2, 6), (6, 2), (2, 11), (11, 2), (2, 25), (25, 2), (2, 29), (29, 2), (2, 32), (32, 2), (3, 6), (6, 3), (3, 13), (13, 3), (3, 16), (16, 3), (3, 23), (23, 3), (3, 26), (26, 3), (3, 30), (30, 3), (3, 32), (32, 3), (3, 36), (36, 3), (4, 14), (14, 4), (4, 19), (19, 4), (4, 24), (24, 4), (4, 29), (29, 4), (4, 37), (37, 4), (5, 8), (8, 5), (5, 33), (33, 5), (6, 8), (8, 6), (6, 14), (14, 6), (6, 24), (24, 6), (6, 27), (27, 6), (6, 29), (29, 6), (7, 11), (11, 7), (7, 12), (12, 7), (7, 15), (15, 7), (7, 16), (16, 7), (7, 17), (17, 7), (7, 21), (21, 7), (7, 24), (24, 7), (7, 29), (29, 7), (7, 36), (36, 7), (8, 9), (9, 8), (8, 10), (10, 8), (8, 11), (11, 8), (8, 15), (15, 8), (8, 25), (25, 8), (8, 29), (29, 8), (8, 34), (34, 8), (9, 19), (19, 9), (9, 32), (32, 9), (9, 37), (37, 9), (9, 38), (38, 9), (10, 13), (13, 10), (10, 19), (19, 10), (10, 26), (26, 10), (10, 33), (33, 10), (10, 39), (39, 10), (11, 16), (16, 11), (11, 21), (21, 11), (11, 25), (25, 11), (11, 31), (31, 11), (11, 34), (34, 11), (11, 38), (38, 11), (11, 39), (39, 11), (12, 14), (14, 12), (12, 29), (29, 12), (12, 33), (33, 12), (13, 21), (21, 13), (13, 24), (24, 13), (13, 32), (32, 13), (13, 37), (37, 13), (13, 40), (40, 13), (14, 28), (28, 14), (15, 17), (17, 15), (15, 33), (33, 15), (16, 20), (20, 16), (16, 22), (22, 16), (16, 25), (25, 16), (16, 29), (29, 16), (17, 19), (19, 17), (17, 25), (25, 17), (18, 22), (22, 18), (18, 27), (27, 18), (18, 31), (31, 18), (18, 40), (40, 18), (19, 23), (23, 19), (19, 29), (29, 19), (19, 33), (33, 19), (20, 21), (21, 20), (20, 24), (24, 20), (20, 25), (25, 20), (20, 37), (37, 20), (21, 24), (24, 21), (21, 36), (36, 21), (22, 33), (33, 22), (22, 38), (38, 22), (23, 32), (32, 23), (23, 36), (36, 23), (23, 38), (38, 23), (24, 36), (36, 24), (25, 32), (32, 25), (25, 33), (33, 25), (25, 36), (36, 25), (26, 30), (30, 26), (26, 31), (31, 26), (26, 32), (32, 26), (27, 31), (31, 27), (27, 37), (37, 27), (27, 40), (40, 27), (28, 31), (31, 28), (29, 36), (36, 29), (29, 38), (38, 29), (30, 31), (31, 30), (30, 32), (32, 30), (30, 36), (36, 30), (31, 33), (33, 31), (33, 34), (34, 33), (34, 36), (36, 34), (36, 37), (37, 36)]
Z_dad = [10, 11, 22]
Y_dad = [31, 35, 36]
X_dad = [8, 21, 33]
Z_da-ad = [1, 10, 11]
Y_da-ad = [8, 35, 39]
X_da-ad = [3, 14, 31]
