no              #fail
641.149         #totTm
2.436           #lastADTm
16              #itDAD
4.867           #avItADGoal
14              #itADOpt
8               #opt
7               #optDA-AD
5.08            #tmDA
12.5            #relGain

V = [1, 2, 3, 4, 5, 6, 7, 8, 9, 10, 11, 12, 13, 14, 15, 16, 17, 18, 19, 20, 21, 22, 23, 24, 25, 26, 27, 28, 29, 30, 31, 32, 33, 34, 35, 36, 37, 38, 39, 40]
A = [(1, 26), (26, 1), (1, 31), (31, 1), (1, 38), (38, 1), (2, 8), (8, 2), (2, 16), (16, 2), (2, 23), (23, 2), (2, 25), (25, 2), (2, 26), (26, 2), (2, 27), (27, 2), (2, 31), (31, 2), (2, 36), (36, 2), (2, 37), (37, 2), (3, 7), (7, 3), (3, 8), (8, 3), (3, 9), (9, 3), (3, 23), (23, 3), (3, 24), (24, 3), (3, 29), (29, 3), (3, 30), (30, 3), (3, 31), (31, 3), (3, 38), (38, 3), (3, 40), (40, 3), (4, 11), (11, 4), (4, 12), (12, 4), (4, 13), (13, 4), (4, 23), (23, 4), (4, 35), (35, 4), (4, 37), (37, 4), (4, 38), (38, 4), (5, 6), (6, 5), (5, 12), (12, 5), (5, 17), (17, 5), (5, 19), (19, 5), (5, 21), (21, 5), (6, 8), (8, 6), (6, 17), (17, 6), (6, 26), (26, 6), (6, 30), (30, 6), (6, 39), (39, 6), (7, 10), (10, 7), (7, 13), (13, 7), (7, 21), (21, 7), (7, 34), (34, 7), (7, 39), (39, 7), (8, 17), (17, 8), (8, 21), (21, 8), (8, 24), (24, 8), (8, 28), (28, 8), (8, 33), (33, 8), (8, 35), (35, 8), (8, 36), (36, 8), (9, 31), (31, 9), (9, 40), (40, 9), (10, 14), (14, 10), (10, 21), (21, 10), (10, 24), (24, 10), (10, 29), (29, 10), (10, 34), (34, 10), (10, 36), (36, 10), (11, 12), (12, 11), (11, 15), (15, 11), (11, 18), (18, 11), (11, 20), (20, 11), (11, 22), (22, 11), (11, 26), (26, 11), (11, 39), (39, 11), (12, 19), (19, 12), (12, 29), (29, 12), (12, 30), (30, 12), (12, 37), (37, 12), (13, 25), (25, 13), (13, 35), (35, 13), (14, 15), (15, 14), (14, 22), (22, 14), (14, 35), (35, 14), (14, 36), (36, 14), (14, 38), (38, 14), (15, 21), (21, 15), (15, 23), (23, 15), (17, 32), (32, 17), (18, 21), (21, 18), (18, 26), (26, 18), (18, 27), (27, 18), (19, 21), (21, 19), (19, 27), (27, 19), (19, 28), (28, 19), (20, 27), (27, 20), (20, 31), (31, 20), (20, 40), (40, 20), (22, 27), (27, 22), (22, 30), (30, 22), (22, 35), (35, 22), (23, 34), (34, 23), (23, 39), (39, 23), (24, 30), (30, 24), (24, 33), (33, 24), (24, 40), (40, 24), (25, 30), (30, 25), (25, 34), (34, 25), (25, 38), (38, 25), (26, 28), (28, 26), (26, 31), (31, 26), (26, 33), (33, 26), (26, 39), (39, 26), (27, 28), (28, 27), (27, 32), (32, 27), (27, 39), (39, 27), (29, 39), (39, 29), (30, 35), (35, 30), (30, 40), (40, 30), (31, 36), (36, 31), (32, 40), (40, 32), (33, 40), (40, 33), (34, 35), (35, 34), (34, 38), (38, 34), (37, 39), (39, 37), (39, 40), (40, 39)]
Z_dad = [27, 31, 40]
Y_dad = [3, 8, 11]
X_dad = [2, 9, 17]
Z_da-ad = [17, 27, 40]
Y_da-ad = [31, 32, 33]
X_da-ad = [2, 9, 20]
