no              #fail
1867.722        #totTm
6.064           #lastADTm
16              #itDAD
5.200           #avItADGoal
25              #itADOpt
8               #opt
7               #optDA-AD
18.36           #tmDA
12.5            #relGain

V = [1, 2, 3, 4, 5, 6, 7, 8, 9, 10, 11, 12, 13, 14, 15, 16, 17, 18, 19, 20, 21, 22, 23, 24, 25, 26, 27, 28, 29, 30, 31, 32, 33, 34, 35, 36, 37, 38, 39, 40]
A = [(1, 5), (5, 1), (1, 6), (6, 1), (1, 7), (7, 1), (1, 14), (14, 1), (1, 16), (16, 1), (1, 34), (34, 1), (2, 8), (8, 2), (2, 16), (16, 2), (2, 20), (20, 2), (2, 22), (22, 2), (2, 31), (31, 2), (2, 32), (32, 2), (3, 14), (14, 3), (3, 16), (16, 3), (3, 27), (27, 3), (3, 38), (38, 3), (4, 10), (10, 4), (4, 15), (15, 4), (4, 18), (18, 4), (4, 21), (21, 4), (4, 28), (28, 4), (4, 36), (36, 4), (4, 38), (38, 4), (5, 9), (9, 5), (5, 14), (14, 5), (5, 30), (30, 5), (5, 32), (32, 5), (5, 36), (36, 5), (6, 7), (7, 6), (6, 9), (9, 6), (6, 18), (18, 6), (6, 21), (21, 6), (6, 23), (23, 6), (6, 25), (25, 6), (6, 28), (28, 6), (6, 31), (31, 6), (6, 35), (35, 6), (6, 36), (36, 6), (6, 39), (39, 6), (7, 10), (10, 7), (7, 19), (19, 7), (7, 22), (22, 7), (7, 25), (25, 7), (8, 9), (9, 8), (8, 12), (12, 8), (8, 24), (24, 8), (8, 34), (34, 8), (9, 22), (22, 9), (9, 24), (24, 9), (9, 30), (30, 9), (10, 13), (13, 10), (10, 19), (19, 10), (10, 21), (21, 10), (10, 24), (24, 10), (10, 26), (26, 10), (10, 27), (27, 10), (10, 31), (31, 10), (10, 34), (34, 10), (10, 35), (35, 10), (10, 38), (38, 10), (11, 12), (12, 11), (11, 22), (22, 11), (11, 30), (30, 11), (11, 35), (35, 11), (12, 13), (13, 12), (12, 31), (31, 12), (12, 39), (39, 12), (13, 33), (33, 13), (13, 36), (36, 13), (14, 16), (16, 14), (14, 17), (17, 14), (14, 19), (19, 14), (14, 24), (24, 14), (14, 28), (28, 14), (14, 30), (30, 14), (15, 19), (19, 15), (15, 28), (28, 15), (15, 33), (33, 15), (16, 38), (38, 16), (16, 39), (39, 16), (17, 19), (19, 17), (17, 26), (26, 17), (18, 19), (19, 18), (18, 26), (26, 18), (18, 30), (30, 18), (18, 34), (34, 18), (18, 37), (37, 18), (19, 21), (21, 19), (19, 24), (24, 19), (19, 30), (30, 19), (20, 21), (21, 20), (20, 26), (26, 20), (20, 30), (30, 20), (20, 34), (34, 20), (21, 24), (24, 21), (21, 26), (26, 21), (21, 39), (39, 21), (22, 33), (33, 22), (22, 36), (36, 22), (22, 39), (39, 22), (24, 28), (28, 24), (24, 29), (29, 24), (24, 38), (38, 24), (25, 30), (30, 25), (25, 40), (40, 25), (27, 37), (37, 27), (28, 35), (35, 28), (30, 36), (36, 30), (30, 38), (38, 30), (31, 32), (32, 31), (31, 34), (34, 31), (31, 35), (35, 31), (31, 40), (40, 31), (32, 33), (33, 32), (32, 34), (34, 32), (35, 36), (36, 35), (35, 38), (38, 35)]
Z_dad = [6, 10, 24]
Y_dad = [18, 29, 30]
X_dad = [25, 31, 34]
Z_da-ad = [18, 24, 27]
Y_da-ad = [25, 29, 37]
X_da-ad = [3, 6, 40]
