no              #fail
62.846          #totTm
2.785           #lastADTm
10              #itDAD
2.556           #avItADGoal
11              #itADOpt
8               #opt
7               #optDA-AD
5.936           #tmDA
12.5            #relGain

V = [1, 2, 3, 4, 5, 6, 7, 8, 9, 10, 11, 12, 13, 14, 15, 16, 17, 18, 19, 20, 21, 22, 23, 24, 25, 26, 27, 28, 29, 30, 31, 32, 33, 34, 35, 36, 37, 38, 39, 40]
A = [(1, 4), (4, 1), (1, 19), (19, 1), (1, 20), (20, 1), (2, 6), (6, 2), (2, 15), (15, 2), (2, 21), (21, 2), (2, 22), (22, 2), (2, 29), (29, 2), (2, 31), (31, 2), (2, 39), (39, 2), (3, 7), (7, 3), (3, 9), (9, 3), (3, 10), (10, 3), (3, 11), (11, 3), (3, 14), (14, 3), (3, 33), (33, 3), (3, 35), (35, 3), (4, 5), (5, 4), (4, 10), (10, 4), (4, 12), (12, 4), (4, 21), (21, 4), (4, 27), (27, 4), (4, 36), (36, 4), (4, 39), (39, 4), (4, 40), (40, 4), (5, 7), (7, 5), (5, 9), (9, 5), (5, 18), (18, 5), (5, 29), (29, 5), (5, 31), (31, 5), (5, 35), (35, 5), (6, 24), (24, 6), (6, 26), (26, 6), (6, 27), (27, 6), (7, 8), (8, 7), (7, 11), (11, 7), (7, 20), (20, 7), (8, 23), (23, 8), (8, 26), (26, 8), (8, 30), (30, 8), (8, 37), (37, 8), (9, 19), (19, 9), (9, 25), (25, 9), (9, 37), (37, 9), (10, 15), (15, 10), (10, 16), (16, 10), (10, 22), (22, 10), (10, 23), (23, 10), (10, 25), (25, 10), (10, 30), (30, 10), (10, 33), (33, 10), (10, 36), (36, 10), (11, 12), (12, 11), (11, 25), (25, 11), (11, 33), (33, 11), (11, 34), (34, 11), (12, 21), (21, 12), (12, 25), (25, 12), (12, 33), (33, 12), (13, 20), (20, 13), (13, 21), (21, 13), (13, 39), (39, 13), (14, 18), (18, 14), (14, 24), (24, 14), (14, 32), (32, 14), (14, 34), (34, 14), (15, 16), (16, 15), (15, 22), (22, 15), (15, 33), (33, 15), (15, 39), (39, 15), (16, 28), (28, 16), (16, 39), (39, 16), (17, 18), (18, 17), (17, 22), (22, 17), (18, 26), (26, 18), (18, 30), (30, 18), (18, 40), (40, 18), (19, 36), (36, 19), (19, 39), (39, 19), (20, 33), (33, 20), (20, 35), (35, 20), (20, 38), (38, 20), (21, 32), (32, 21), (21, 33), (33, 21), (21, 37), (37, 21), (22, 24), (24, 22), (22, 26), (26, 22), (22, 28), (28, 22), (22, 30), (30, 22), (22, 33), (33, 22), (22, 34), (34, 22), (22, 38), (38, 22), (23, 24), (24, 23), (23, 27), (27, 23), (23, 35), (35, 23), (23, 37), (37, 23), (24, 25), (25, 24), (24, 28), (28, 24), (25, 27), (27, 25), (25, 32), (32, 25), (25, 33), (33, 25), (25, 34), (34, 25), (25, 35), (35, 25), (25, 39), (39, 25), (25, 40), (40, 25), (26, 38), (38, 26), (26, 39), (39, 26), (28, 32), (32, 28), (29, 33), (33, 29), (29, 37), (37, 29), (29, 40), (40, 29), (30, 36), (36, 30), (32, 34), (34, 32), (32, 40), (40, 32), (33, 37), (37, 33), (35, 40), (40, 35), (38, 39), (39, 38)]
Z_dad = [20, 22, 39]
Y_dad = [10, 25, 26]
X_dad = [18, 21, 30]
Z_da-ad = [1, 18, 22]
Y_da-ad = [2, 17, 31]
X_da-ad = [20, 21, 39]
