no              #fail
610.357         #totTm
604.766         #lastADTm
5               #itDAD
1.000           #avItADGoal
189             #itADOpt
44              #opt
42              #optDA-AD
4.646           #tmDA
4.5             #relGain

V = [1, 2, 3, 4, 5, 6, 7, 8, 9, 10, 11, 12, 13, 14, 15, 16, 17, 18, 19, 20, 21, 22, 23, 24, 25, 26, 27, 28, 29, 30, 31, 32, 33, 34, 35, 36, 37, 38, 39, 40, 41, 42, 43, 44, 45, 46, 47, 48, 49, 50, 51, 52, 53, 54, 55, 56, 57, 58, 59, 60, 61, 62, 63, 64, 65, 66, 67, 68, 69, 70, 71, 72, 73, 74, 75, 76, 77, 78, 79, 80]
A = [(2, 1), (1, 2), (3, 2), (2, 3), (4, 1), (1, 4), (5, 1), (1, 5), (6, 5), (5, 6), (7, 3), (3, 7), (8, 4), (4, 8), (9, 8), (8, 9), (10, 4), (4, 10), (11, 2), (2, 11), (12, 7), (7, 12), (13, 12), (12, 13), (14, 1), (1, 14), (15, 10), (10, 15), (16, 5), (5, 16), (17, 10), (10, 17), (18, 9), (9, 18), (19, 3), (3, 19), (20, 12), (12, 20), (21, 18), (18, 21), (22, 6), (6, 22), (23, 4), (4, 23), (24, 22), (22, 24), (25, 8), (8, 25), (26, 20), (20, 26), (27, 16), (16, 27), (28, 16), (16, 28), (29, 9), (9, 29), (30, 8), (8, 30), (31, 7), (7, 31), (32, 15), (15, 32), (33, 29), (29, 33), (34, 21), (21, 34), (35, 30), (30, 35), (36, 2), (2, 36), (37, 24), (24, 37), (38, 35), (35, 38), (39, 28), (28, 39), (40, 32), (32, 40), (41, 36), (36, 41), (42, 33), (33, 42), (43, 6), (6, 43), (44, 16), (16, 44), (45, 32), (32, 45), (46, 3), (3, 46), (47, 22), (22, 47), (48, 17), (17, 48), (49, 9), (9, 49), (50, 46), (46, 50), (51, 29), (29, 51), (52, 42), (42, 52), (53, 26), (26, 53), (54, 50), (50, 54), (55, 25), (25, 55), (56, 10), (10, 56), (57, 12), (12, 57), (58, 11), (11, 58), (59, 49), (49, 59), (60, 28), (28, 60), (61, 7), (7, 61), (62, 9), (9, 62), (63, 11), (11, 63), (64, 12), (12, 64), (65, 24), (24, 65), (66, 30), (30, 66), (67, 25), (25, 67), (68, 2), (2, 68), (69, 59), (59, 69), (70, 7), (7, 70), (71, 47), (47, 71), (72, 9), (9, 72), (73, 32), (32, 73), (74, 32), (32, 74), (75, 43), (43, 75), (76, 50), (50, 76), (77, 51), (51, 77), (78, 47), (47, 78), (79, 19), (19, 79), (80, 58), (58, 80)]
Z_dad = [5]
Y_dad = [3, 9, 15]
X_dad = [2, 7, 8]
Z_da-ad = [9]
Y_da-ad = [4, 7, 22]
X_da-ad = [1, 3, 6]
