no              #fail
3893.152        #totTm
3887.458        #lastADTm
5               #itDAD
1.000           #avItADGoal
609             #itADOpt
46              #opt
46              #optDA-AD
3.101           #tmDA
0.0             #relGain

V = [1, 2, 3, 4, 5, 6, 7, 8, 9, 10, 11, 12, 13, 14, 15, 16, 17, 18, 19, 20, 21, 22, 23, 24, 25, 26, 27, 28, 29, 30, 31, 32, 33, 34, 35, 36, 37, 38, 39, 40, 41, 42, 43, 44, 45, 46, 47, 48, 49, 50, 51, 52, 53, 54, 55, 56, 57, 58, 59, 60, 61, 62, 63, 64, 65, 66, 67, 68, 69, 70, 71, 72, 73, 74, 75, 76, 77, 78, 79, 80]
A = [(2, 1), (1, 2), (3, 2), (2, 3), (4, 1), (1, 4), (5, 2), (2, 5), (6, 2), (2, 6), (7, 3), (3, 7), (8, 4), (4, 8), (9, 8), (8, 9), (10, 9), (9, 10), (11, 9), (9, 11), (12, 1), (1, 12), (13, 1), (1, 13), (14, 10), (10, 14), (15, 12), (12, 15), (16, 10), (10, 16), (17, 7), (7, 17), (18, 15), (15, 18), (19, 11), (11, 19), (20, 10), (10, 20), (21, 2), (2, 21), (22, 6), (6, 22), (23, 6), (6, 23), (24, 9), (9, 24), (25, 23), (23, 25), (26, 11), (11, 26), (27, 5), (5, 27), (28, 9), (9, 28), (29, 22), (22, 29), (30, 29), (29, 30), (31, 27), (27, 31), (32, 29), (29, 32), (33, 6), (6, 33), (34, 22), (22, 34), (35, 15), (15, 35), (36, 35), (35, 36), (37, 19), (19, 37), (38, 22), (22, 38), (39, 29), (29, 39), (40, 28), (28, 40), (41, 11), (11, 41), (42, 37), (37, 42), (43, 42), (42, 43), (44, 33), (33, 44), (45, 43), (43, 45), (46, 22), (22, 46), (47, 11), (11, 47), (48, 2), (2, 48), (49, 31), (31, 49), (50, 11), (11, 50), (51, 49), (49, 51), (52, 42), (42, 52), (53, 13), (13, 53), (54, 6), (6, 54), (55, 17), (17, 55), (56, 24), (24, 56), (57, 28), (28, 57), (58, 13), (13, 58), (59, 50), (50, 59), (60, 42), (42, 60), (61, 32), (32, 61), (62, 36), (36, 62), (63, 38), (38, 63), (64, 32), (32, 64), (65, 22), (22, 65), (66, 56), (56, 66), (67, 33), (33, 67), (68, 21), (21, 68), (69, 24), (24, 69), (70, 16), (16, 70), (71, 37), (37, 71), (72, 57), (57, 72), (73, 27), (27, 73), (74, 41), (41, 74), (75, 58), (58, 75), (76, 35), (35, 76), (77, 62), (62, 77), (78, 36), (36, 78), (79, 60), (60, 79), (80, 35), (35, 80)]
Z_dad = [9]
Y_dad = [2, 19, 22]
X_dad = [1, 11, 37]
Z_da-ad = [9]
Y_da-ad = [1, 19, 22]
X_da-ad = [2, 12, 37]
