no              #fail
6340.918        #totTm
6335.366        #lastADTm
4               #itDAD
1.000           #avItADGoal
728             #itADOpt
48              #opt
48              #optDA-AD
86.49           #tmDA
0.0             #relGain

V = [1, 2, 3, 4, 5, 6, 7, 8, 9, 10, 11, 12, 13, 14, 15, 16, 17, 18, 19, 20, 21, 22, 23, 24, 25, 26, 27, 28, 29, 30, 31, 32, 33, 34, 35, 36, 37, 38, 39, 40, 41, 42, 43, 44, 45, 46, 47, 48, 49, 50, 51, 52, 53, 54, 55, 56, 57, 58, 59, 60, 61, 62, 63, 64, 65, 66, 67, 68, 69, 70, 71, 72, 73, 74, 75, 76, 77, 78, 79, 80]
A = [(2, 1), (1, 2), (3, 2), (2, 3), (4, 1), (1, 4), (5, 2), (2, 5), (6, 5), (5, 6), (7, 3), (3, 7), (8, 4), (4, 8), (9, 8), (8, 9), (10, 8), (8, 10), (11, 2), (2, 11), (12, 11), (11, 12), (13, 2), (2, 13), (14, 13), (13, 14), (15, 12), (12, 15), (16, 14), (14, 16), (17, 13), (13, 17), (18, 5), (5, 18), (19, 12), (12, 19), (20, 7), (7, 20), (21, 6), (6, 21), (22, 6), (6, 22), (23, 2), (2, 23), (24, 13), (13, 24), (25, 20), (20, 25), (26, 12), (12, 26), (27, 7), (7, 27), (28, 24), (24, 28), (29, 12), (12, 29), (30, 20), (20, 30), (31, 22), (22, 31), (32, 14), (14, 32), (33, 19), (19, 33), (34, 6), (6, 34), (35, 28), (28, 35), (36, 31), (31, 36), (37, 19), (19, 37), (38, 10), (10, 38), (39, 9), (9, 39), (40, 35), (35, 40), (41, 30), (30, 41), (42, 15), (15, 42), (43, 10), (10, 43), (44, 31), (31, 44), (45, 34), (34, 45), (46, 44), (44, 46), (47, 11), (11, 47), (48, 44), (44, 48), (49, 47), (47, 49), (50, 8), (8, 50), (51, 42), (42, 51), (52, 44), (44, 52), (53, 30), (30, 53), (54, 11), (11, 54), (55, 38), (38, 55), (56, 11), (11, 56), (57, 54), (54, 57), (58, 57), (57, 58), (59, 50), (50, 59), (60, 36), (36, 60), (61, 1), (1, 61), (62, 33), (33, 62), (63, 17), (17, 63), (64, 13), (13, 64), (65, 63), (63, 65), (66, 52), (52, 66), (67, 41), (41, 67), (68, 36), (36, 68), (69, 64), (64, 69), (70, 22), (22, 70), (71, 27), (27, 71), (72, 42), (42, 72), (73, 72), (72, 73), (74, 68), (68, 74), (75, 25), (25, 75), (76, 75), (75, 76), (77, 53), (53, 77), (78, 48), (48, 78), (79, 12), (12, 79), (80, 67), (67, 80)]
Z_dad = [2]
Y_dad = [12, 20, 31]
X_dad = [11, 22, 44]
Z_da-ad = [2]
Y_da-ad = [12, 20, 31]
X_da-ad = [11, 22, 30]
