no              #fail
3657.703        #totTm
3655.099        #lastADTm
3               #itDAD
1.000           #avItADGoal
621             #itADOpt
50              #opt
40              #optDA-AD
2.128           #tmDA
20.0            #relGain

V = [1, 2, 3, 4, 5, 6, 7, 8, 9, 10, 11, 12, 13, 14, 15, 16, 17, 18, 19, 20, 21, 22, 23, 24, 25, 26, 27, 28, 29, 30, 31, 32, 33, 34, 35, 36, 37, 38, 39, 40, 41, 42, 43, 44, 45, 46, 47, 48, 49, 50, 51, 52, 53, 54, 55, 56, 57, 58, 59, 60, 61, 62, 63, 64, 65, 66, 67, 68, 69, 70, 71, 72, 73, 74, 75, 76, 77, 78, 79, 80]
A = [(2, 1), (1, 2), (3, 1), (1, 3), (4, 3), (3, 4), (5, 1), (1, 5), (6, 4), (4, 6), (7, 1), (1, 7), (8, 5), (5, 8), (9, 3), (3, 9), (10, 4), (4, 10), (11, 6), (6, 11), (12, 10), (10, 12), (13, 9), (9, 13), (14, 12), (12, 14), (15, 5), (5, 15), (16, 10), (10, 16), (17, 9), (9, 17), (18, 14), (14, 18), (19, 5), (5, 19), (20, 16), (16, 20), (21, 20), (20, 21), (22, 3), (3, 22), (23, 9), (9, 23), (24, 6), (6, 24), (25, 10), (10, 25), (26, 21), (21, 26), (27, 9), (9, 27), (28, 8), (8, 28), (29, 16), (16, 29), (30, 18), (18, 30), (31, 27), (27, 31), (32, 23), (23, 32), (33, 3), (3, 33), (34, 31), (31, 34), (35, 22), (22, 35), (36, 9), (9, 36), (37, 18), (18, 37), (38, 16), (16, 38), (39, 4), (4, 39), (40, 1), (1, 40), (41, 30), (30, 41), (42, 33), (33, 42), (43, 10), (10, 43), (44, 7), (7, 44), (45, 28), (28, 45), (46, 34), (34, 46), (47, 23), (23, 47), (48, 4), (4, 48), (49, 28), (28, 49), (50, 25), (25, 50), (51, 43), (43, 51), (52, 50), (50, 52), (53, 29), (29, 53), (54, 33), (33, 54), (55, 40), (40, 55), (56, 19), (19, 56), (57, 18), (18, 57), (58, 20), (20, 58), (59, 5), (5, 59), (60, 36), (36, 60), (61, 37), (37, 61), (62, 35), (35, 62), (63, 60), (60, 63), (64, 34), (34, 64), (65, 43), (43, 65), (66, 4), (4, 66), (67, 58), (58, 67), (68, 39), (39, 68), (69, 2), (2, 69), (70, 27), (27, 70), (71, 64), (64, 71), (72, 48), (48, 72), (73, 35), (35, 73), (74, 62), (62, 74), (75, 33), (33, 75), (76, 29), (29, 76), (77, 62), (62, 77), (78, 14), (14, 78), (79, 68), (68, 79), (80, 34), (34, 80)]
Z_dad = [10]
Y_dad = [3, 16, 18]
X_dad = [1, 4, 9]
Z_da-ad = [3]
Y_da-ad = [5, 10, 27]
X_da-ad = [4, 9, 16]
