no              #fail
4035.757        #totTm
4031.375        #lastADTm
4               #itDAD
1.000           #avItADGoal
611             #itADOpt
48              #opt
48              #optDA-AD
2.064           #tmDA
0.0             #relGain

V = [1, 2, 3, 4, 5, 6, 7, 8, 9, 10, 11, 12, 13, 14, 15, 16, 17, 18, 19, 20, 21, 22, 23, 24, 25, 26, 27, 28, 29, 30, 31, 32, 33, 34, 35, 36, 37, 38, 39, 40, 41, 42, 43, 44, 45, 46, 47, 48, 49, 50, 51, 52, 53, 54, 55, 56, 57, 58, 59, 60, 61, 62, 63, 64, 65, 66, 67, 68, 69, 70, 71, 72, 73, 74, 75, 76, 77, 78, 79, 80]
A = [(2, 1), (1, 2), (3, 2), (2, 3), (4, 3), (3, 4), (5, 3), (3, 5), (6, 5), (5, 6), (7, 2), (2, 7), (8, 7), (7, 8), (9, 8), (8, 9), (10, 6), (6, 10), (11, 6), (6, 11), (12, 8), (8, 12), (13, 1), (1, 13), (14, 5), (5, 14), (15, 7), (7, 15), (16, 6), (6, 16), (17, 11), (11, 17), (18, 8), (8, 18), (19, 10), (10, 19), (20, 14), (14, 20), (21, 17), (17, 21), (22, 16), (16, 22), (23, 1), (1, 23), (24, 2), (2, 24), (25, 1), (1, 25), (26, 6), (6, 26), (27, 3), (3, 27), (28, 20), (20, 28), (29, 26), (26, 29), (30, 19), (19, 30), (31, 14), (14, 31), (32, 25), (25, 32), (33, 9), (9, 33), (34, 10), (10, 34), (35, 28), (28, 35), (36, 4), (4, 36), (37, 1), (1, 37), (38, 21), (21, 38), (39, 15), (15, 39), (40, 11), (11, 40), (41, 4), (4, 41), (42, 15), (15, 42), (43, 41), (41, 43), (44, 10), (10, 44), (45, 7), (7, 45), (46, 27), (27, 46), (47, 43), (43, 47), (48, 23), (23, 48), (49, 40), (40, 49), (50, 13), (13, 50), (51, 28), (28, 51), (52, 24), (24, 52), (53, 9), (9, 53), (54, 40), (40, 54), (55, 31), (31, 55), (56, 32), (32, 56), (57, 17), (17, 57), (58, 41), (41, 58), (59, 28), (28, 59), (60, 2), (2, 60), (61, 26), (26, 61), (62, 57), (57, 62), (63, 20), (20, 63), (64, 46), (46, 64), (65, 48), (48, 65), (66, 16), (16, 66), (67, 26), (26, 67), (68, 17), (17, 68), (69, 43), (43, 69), (70, 17), (17, 70), (71, 40), (40, 71), (72, 66), (66, 72), (73, 69), (69, 73), (74, 9), (9, 74), (75, 3), (3, 75), (76, 18), (18, 76), (77, 5), (5, 77), (78, 40), (40, 78), (79, 1), (1, 79), (80, 18), (18, 80)]
Z_dad = [6]
Y_dad = [3, 8, 40]
X_dad = [2, 4, 5]
Z_da-ad = [6]
Y_da-ad = [3, 8, 17]
X_da-ad = [2, 4, 5]
