no              #fail
4264.385        #totTm
4261.042        #lastADTm
4               #itDAD
1.000           #avItADGoal
635             #itADOpt
45              #opt
45              #optDA-AD
42.86           #tmDA
0.0             #relGain

V = [1, 2, 3, 4, 5, 6, 7, 8, 9, 10, 11, 12, 13, 14, 15, 16, 17, 18, 19, 20, 21, 22, 23, 24, 25, 26, 27, 28, 29, 30, 31, 32, 33, 34, 35, 36, 37, 38, 39, 40, 41, 42, 43, 44, 45, 46, 47, 48, 49, 50, 51, 52, 53, 54, 55, 56, 57, 58, 59, 60, 61, 62, 63, 64, 65, 66, 67, 68, 69, 70, 71, 72, 73, 74, 75, 76, 77, 78, 79, 80]
A = [(2, 1), (1, 2), (3, 2), (2, 3), (4, 3), (3, 4), (5, 2), (2, 5), (6, 2), (2, 6), (7, 5), (5, 7), (8, 2), (2, 8), (9, 6), (6, 9), (10, 4), (4, 10), (11, 10), (10, 11), (12, 5), (5, 12), (13, 1), (1, 13), (14, 12), (12, 14), (15, 7), (7, 15), (16, 6), (6, 16), (17, 9), (9, 17), (18, 8), (8, 18), (19, 10), (10, 19), (20, 15), (15, 20), (21, 2), (2, 21), (22, 1), (1, 22), (23, 11), (11, 23), (24, 17), (17, 24), (25, 5), (5, 25), (26, 24), (24, 26), (27, 24), (24, 27), (28, 27), (27, 28), (29, 14), (14, 29), (30, 5), (5, 30), (31, 21), (21, 31), (32, 11), (11, 32), (33, 24), (24, 33), (34, 9), (9, 34), (35, 18), (18, 35), (36, 10), (10, 36), (37, 12), (12, 37), (38, 4), (4, 38), (39, 22), (22, 39), (40, 20), (20, 40), (41, 35), (35, 41), (42, 37), (37, 42), (43, 36), (36, 43), (44, 4), (4, 44), (45, 23), (23, 45), (46, 17), (17, 46), (47, 3), (3, 47), (48, 35), (35, 48), (49, 28), (28, 49), (50, 6), (6, 50), (51, 29), (29, 51), (52, 1), (1, 52), (53, 51), (51, 53), (54, 6), (6, 54), (55, 43), (43, 55), (56, 18), (18, 56), (57, 11), (11, 57), (58, 38), (38, 58), (59, 10), (10, 59), (60, 55), (55, 60), (61, 24), (24, 61), (62, 29), (29, 62), (63, 54), (54, 63), (64, 39), (39, 64), (65, 41), (41, 65), (66, 1), (1, 66), (67, 8), (8, 67), (68, 59), (59, 68), (69, 32), (32, 69), (70, 37), (37, 70), (71, 4), (4, 71), (72, 20), (20, 72), (73, 34), (34, 73), (74, 66), (66, 74), (75, 6), (6, 75), (76, 28), (28, 76), (77, 70), (70, 77), (78, 76), (76, 78), (79, 12), (12, 79), (80, 17), (17, 80)]
Z_dad = [2]
Y_dad = [10, 12, 17]
X_dad = [5, 9, 24]
Z_da-ad = [2]
Y_da-ad = [10, 12, 17]
X_da-ad = [5, 9, 24]
