no              #fail
4967.639        #totTm
4962.365        #lastADTm
5               #itDAD
1.000           #avItADGoal
757             #itADOpt
48              #opt
47              #optDA-AD
3.365           #tmDA
2.1             #relGain

V = [1, 2, 3, 4, 5, 6, 7, 8, 9, 10, 11, 12, 13, 14, 15, 16, 17, 18, 19, 20, 21, 22, 23, 24, 25, 26, 27, 28, 29, 30, 31, 32, 33, 34, 35, 36, 37, 38, 39, 40, 41, 42, 43, 44, 45, 46, 47, 48, 49, 50, 51, 52, 53, 54, 55, 56, 57, 58, 59, 60, 61, 62, 63, 64, 65, 66, 67, 68, 69, 70, 71, 72, 73, 74, 75, 76, 77, 78, 79, 80]
A = [(2, 1), (1, 2), (3, 2), (2, 3), (4, 1), (1, 4), (5, 1), (1, 5), (6, 5), (5, 6), (7, 4), (4, 7), (8, 5), (5, 8), (9, 3), (3, 9), (10, 2), (2, 10), (11, 1), (1, 11), (12, 4), (4, 12), (13, 12), (12, 13), (14, 1), (1, 14), (15, 2), (2, 15), (16, 7), (7, 16), (17, 14), (14, 17), (18, 1), (1, 18), (19, 10), (10, 19), (20, 4), (4, 20), (21, 16), (16, 21), (22, 6), (6, 22), (23, 8), (8, 23), (24, 1), (1, 24), (25, 22), (22, 25), (26, 10), (10, 26), (27, 17), (17, 27), (28, 11), (11, 28), (29, 8), (8, 29), (30, 14), (14, 30), (31, 27), (27, 31), (32, 29), (29, 32), (33, 32), (32, 33), (34, 16), (16, 34), (35, 30), (30, 35), (36, 16), (16, 36), (37, 5), (5, 37), (38, 7), (7, 38), (39, 13), (13, 39), (40, 7), (7, 40), (41, 40), (40, 41), (42, 36), (36, 42), (43, 42), (42, 43), (44, 4), (4, 44), (45, 31), (31, 45), (46, 22), (22, 46), (47, 2), (2, 47), (48, 13), (13, 48), (49, 4), (4, 49), (50, 26), (26, 50), (51, 47), (47, 51), (52, 51), (51, 52), (53, 13), (13, 53), (54, 42), (42, 54), (55, 17), (17, 55), (56, 50), (50, 56), (57, 16), (16, 57), (58, 6), (6, 58), (59, 16), (16, 59), (60, 24), (24, 60), (61, 59), (59, 61), (62, 41), (41, 62), (63, 29), (29, 63), (64, 38), (38, 64), (65, 53), (53, 65), (66, 17), (17, 66), (67, 52), (52, 67), (68, 53), (53, 68), (69, 26), (26, 69), (70, 39), (39, 70), (71, 47), (47, 71), (72, 3), (3, 72), (73, 32), (32, 73), (74, 56), (56, 74), (75, 33), (33, 75), (76, 52), (52, 76), (77, 4), (4, 77), (78, 5), (5, 78), (79, 3), (3, 79), (80, 77), (77, 80)]
Z_dad = [2]
Y_dad = [5, 13, 16]
X_dad = [1, 7, 8]
Z_da-ad = [1]
Y_da-ad = [2, 7, 8]
X_da-ad = [4, 5, 16]
