no              #fail
2537.870        #totTm
26.285          #lastADTm
15              #itDAD
16.786          #avItADGoal
55              #itADOpt
10              #opt
9               #optDA-AD
2.438           #tmDA
10.0            #relGain

V = [1, 2, 3, 4, 5, 6, 7, 8, 9, 10, 11, 12, 13, 14, 15, 16, 17, 18, 19, 20, 21, 22, 23, 24, 25, 26, 27, 28, 29, 30, 31, 32, 33, 34, 35, 36, 37, 38, 39, 40]
A = [(1, 12), (12, 1), (1, 16), (16, 1), (1, 38), (38, 1), (1, 40), (40, 1), (2, 4), (4, 2), (2, 10), (10, 2), (2, 14), (14, 2), (2, 31), (31, 2), (2, 37), (37, 2), (3, 28), (28, 3), (3, 35), (35, 3), (3, 37), (37, 3), (4, 16), (16, 4), (4, 19), (19, 4), (4, 23), (23, 4), (4, 32), (32, 4), (4, 35), (35, 4), (5, 6), (6, 5), (5, 17), (17, 5), (5, 21), (21, 5), (5, 22), (22, 5), (5, 35), (35, 5), (6, 19), (19, 6), (6, 30), (30, 6), (6, 35), (35, 6), (6, 40), (40, 6), (7, 17), (17, 7), (7, 21), (21, 7), (7, 28), (28, 7), (7, 38), (38, 7), (8, 22), (22, 8), (9, 13), (13, 9), (9, 20), (20, 9), (9, 26), (26, 9), (9, 28), (28, 9), (9, 31), (31, 9), (9, 34), (34, 9), (11, 15), (15, 11), (11, 19), (19, 11), (11, 40), (40, 11), (12, 18), (18, 12), (12, 20), (20, 12), (12, 21), (21, 12), (12, 25), (25, 12), (12, 31), (31, 12), (13, 15), (15, 13), (13, 19), (19, 13), (13, 20), (20, 13), (13, 21), (21, 13), (13, 27), (27, 13), (13, 28), (28, 13), (15, 16), (16, 15), (16, 21), (21, 16), (16, 25), (25, 16), (16, 26), (26, 16), (16, 37), (37, 16), (17, 19), (19, 17), (17, 20), (20, 17), (17, 34), (34, 17), (17, 38), (38, 17), (18, 27), (27, 18), (18, 33), (33, 18), (18, 34), (34, 18), (18, 36), (36, 18), (18, 37), (37, 18), (19, 28), (28, 19), (19, 32), (32, 19), (19, 37), (37, 19), (20, 23), (23, 20), (20, 33), (33, 20), (21, 23), (23, 21), (21, 26), (26, 21), (21, 30), (30, 21), (21, 35), (35, 21), (21, 40), (40, 21), (22, 31), (31, 22), (23, 24), (24, 23), (23, 25), (25, 23), (25, 35), (35, 25), (26, 30), (30, 26), (26, 38), (38, 26), (28, 29), (29, 28), (31, 36), (36, 31), (31, 37), (37, 31), (32, 37), (37, 32), (32, 40), (40, 32), (33, 36), (36, 33), (33, 39), (39, 33), (34, 35), (35, 34), (34, 40), (40, 34), (35, 40), (40, 35), (36, 40), (40, 36), (38, 39), (39, 38)]
Z_dad = [2, 23, 28]
Y_dad = [21, 22, 29]
X_dad = [9, 35, 37]
Z_da-ad = [2, 22, 23]
Y_da-ad = [8, 10, 28]
X_da-ad = [1, 33, 38]
