no              #fail
5347.890        #totTm
5.618           #lastADTm
18              #itDAD
9.412           #avItADGoal
30              #itADOpt
9               #opt
9               #optDA-AD
2.459           #tmDA
0.0             #relGain

V = [1, 2, 3, 4, 5, 6, 7, 8, 9, 10, 11, 12, 13, 14, 15, 16, 17, 18, 19, 20, 21, 22, 23, 24, 25, 26, 27, 28, 29, 30, 31, 32, 33, 34, 35, 36, 37, 38, 39, 40]
A = [(2, 14), (14, 2), (2, 21), (21, 2), (2, 40), (40, 2), (3, 13), (13, 3), (3, 14), (14, 3), (3, 16), (16, 3), (3, 17), (17, 3), (3, 21), (21, 3), (3, 23), (23, 3), (3, 33), (33, 3), (3, 34), (34, 3), (4, 14), (14, 4), (4, 15), (15, 4), (4, 40), (40, 4), (5, 6), (6, 5), (5, 23), (23, 5), (5, 29), (29, 5), (6, 11), (11, 6), (6, 14), (14, 6), (6, 17), (17, 6), (6, 28), (28, 6), (6, 35), (35, 6), (6, 39), (39, 6), (6, 40), (40, 6), (7, 10), (10, 7), (7, 21), (21, 7), (7, 25), (25, 7), (7, 33), (33, 7), (8, 13), (13, 8), (8, 15), (15, 8), (8, 17), (17, 8), (8, 23), (23, 8), (8, 24), (24, 8), (8, 34), (34, 8), (8, 39), (39, 8), (9, 10), (10, 9), (9, 14), (14, 9), (9, 19), (19, 9), (9, 33), (33, 9), (9, 35), (35, 9), (9, 40), (40, 9), (10, 19), (19, 10), (10, 31), (31, 10), (10, 33), (33, 10), (10, 35), (35, 10), (11, 19), (19, 11), (12, 13), (13, 12), (12, 31), (31, 12), (12, 33), (33, 12), (13, 23), (23, 13), (14, 28), (28, 14), (14, 32), (32, 14), (14, 34), (34, 14), (15, 21), (21, 15), (15, 31), (31, 15), (15, 36), (36, 15), (15, 37), (37, 15), (16, 24), (24, 16), (16, 35), (35, 16), (16, 37), (37, 16), (16, 38), (38, 16), (16, 40), (40, 16), (17, 30), (30, 17), (17, 32), (32, 17), (18, 20), (20, 18), (18, 21), (21, 18), (18, 33), (33, 18), (18, 37), (37, 18), (19, 21), (21, 19), (19, 37), (37, 19), (20, 23), (23, 20), (20, 28), (28, 20), (20, 31), (31, 20), (20, 39), (39, 20), (21, 38), (38, 21), (22, 24), (24, 22), (22, 27), (27, 22), (22, 40), (40, 22), (23, 27), (27, 23), (23, 38), (38, 23), (24, 30), (30, 24), (24, 32), (32, 24), (24, 37), (37, 24), (25, 30), (30, 25), (25, 31), (31, 25), (25, 33), (33, 25), (26, 32), (32, 26), (28, 32), (32, 28), (29, 32), (32, 29), (32, 35), (35, 32), (32, 40), (40, 32), (33, 36), (36, 33), (36, 39), (39, 36)]
Z_dad = [14, 32, 40]
Y_dad = [15, 23, 26]
X_dad = [5, 13, 21]
Z_da-ad = [6, 23, 32]
Y_da-ad = [5, 19, 26]
X_da-ad = [14, 24, 40]
