no              #fail
568.240         #totTm
5.965           #lastADTm
14              #itDAD
5.692           #avItADGoal
30              #itADOpt
10              #opt
10              #optDA-AD
1.581           #tmDA
0.0             #relGain

V = [1, 2, 3, 4, 5, 6, 7, 8, 9, 10, 11, 12, 13, 14, 15, 16, 17, 18, 19, 20, 21, 22, 23, 24, 25, 26, 27, 28, 29, 30, 31, 32, 33, 34, 35, 36, 37, 38, 39, 40]
A = [(1, 12), (12, 1), (1, 13), (13, 1), (1, 17), (17, 1), (1, 21), (21, 1), (1, 34), (34, 1), (2, 4), (4, 2), (2, 6), (6, 2), (2, 10), (10, 2), (2, 24), (24, 2), (2, 28), (28, 2), (2, 33), (33, 2), (3, 15), (15, 3), (3, 17), (17, 3), (3, 18), (18, 3), (3, 21), (21, 3), (3, 22), (22, 3), (3, 32), (32, 3), (4, 8), (8, 4), (4, 16), (16, 4), (4, 26), (26, 4), (4, 28), (28, 4), (4, 36), (36, 4), (5, 8), (8, 5), (5, 12), (12, 5), (5, 23), (23, 5), (5, 24), (24, 5), (5, 26), (26, 5), (5, 27), (27, 5), (5, 34), (34, 5), (6, 8), (8, 6), (6, 30), (30, 6), (7, 9), (9, 7), (7, 20), (20, 7), (7, 28), (28, 7), (7, 34), (34, 7), (8, 20), (20, 8), (8, 30), (30, 8), (8, 37), (37, 8), (9, 20), (20, 9), (9, 36), (36, 9), (10, 14), (14, 10), (10, 15), (15, 10), (10, 37), (37, 10), (10, 38), (38, 10), (10, 40), (40, 10), (11, 18), (18, 11), (11, 23), (23, 11), (11, 28), (28, 11), (11, 36), (36, 11), (12, 18), (18, 12), (12, 25), (25, 12), (13, 27), (27, 13), (13, 29), (29, 13), (13, 30), (30, 13), (13, 38), (38, 13), (14, 17), (17, 14), (15, 28), (28, 15), (15, 36), (36, 15), (15, 39), (39, 15), (16, 18), (18, 16), (16, 23), (23, 16), (16, 25), (25, 16), (16, 33), (33, 16), (17, 27), (27, 17), (17, 33), (33, 17), (18, 19), (19, 18), (18, 23), (23, 18), (18, 32), (32, 18), (18, 33), (33, 18), (18, 40), (40, 18), (19, 21), (21, 19), (19, 34), (34, 19), (19, 37), (37, 19), (19, 38), (38, 19), (19, 40), (40, 19), (20, 22), (22, 20), (20, 26), (26, 20), (20, 28), (28, 20), (20, 30), (30, 20), (20, 32), (32, 20), (20, 40), (40, 20), (22, 32), (32, 22), (22, 37), (37, 22), (22, 38), (38, 22), (22, 39), (39, 22), (23, 26), (26, 23), (24, 26), (26, 24), (24, 32), (32, 24), (24, 37), (37, 24), (26, 32), (32, 26), (28, 38), (38, 28), (33, 37), (37, 33), (37, 38), (38, 37)]
Z_dad = [2, 13, 20]
Y_dad = [8, 18, 31]
X_dad = [5, 10, 17]
Z_da-ad = [13, 15, 22]
Y_da-ad = [2, 29, 39]
X_da-ad = [5, 10, 17]
