no              #fail
31.379          #totTm
6.021           #lastADTm
6               #itDAD
9.200           #avItADGoal
23              #itADOpt
7               #opt
6               #optDA-AD
0.174           #tmDA
14.3            #relGain

V = [1, 2, 3, 4, 5, 6, 7, 8, 9, 10, 11, 12, 13, 14, 15, 16, 17, 18, 19, 20, 21, 22, 23, 24, 25, 26, 27, 28, 29, 30, 31, 32, 33, 34, 35, 36, 37, 38, 39, 40]
A = [(1, 4), (4, 1), (1, 33), (33, 1), (2, 26), (26, 2), (2, 40), (40, 2), (3, 4), (4, 3), (3, 7), (7, 3), (3, 18), (18, 3), (3, 28), (28, 3), (3, 39), (39, 3), (4, 10), (10, 4), (4, 15), (15, 4), (4, 23), (23, 4), (4, 27), (27, 4), (5, 18), (18, 5), (5, 21), (21, 5), (5, 25), (25, 5), (5, 26), (26, 5), (5, 27), (27, 5), (5, 39), (39, 5), (6, 14), (14, 6), (6, 18), (18, 6), (6, 21), (21, 6), (6, 22), (22, 6), (6, 30), (30, 6), (6, 34), (34, 6), (6, 38), (38, 6), (7, 8), (8, 7), (7, 12), (12, 7), (7, 15), (15, 7), (7, 25), (25, 7), (7, 30), (30, 7), (8, 20), (20, 8), (8, 30), (30, 8), (8, 40), (40, 8), (9, 22), (22, 9), (9, 27), (27, 9), (9, 28), (28, 9), (9, 34), (34, 9), (9, 39), (39, 9), (10, 11), (11, 10), (10, 13), (13, 10), (10, 23), (23, 10), (10, 37), (37, 10), (10, 38), (38, 10), (11, 22), (22, 11), (11, 34), (34, 11), (11, 35), (35, 11), (11, 38), (38, 11), (12, 14), (14, 12), (13, 14), (14, 13), (13, 25), (25, 13), (13, 28), (28, 13), (14, 31), (31, 14), (15, 19), (19, 15), (15, 21), (21, 15), (17, 19), (19, 17), (17, 34), (34, 17), (20, 26), (26, 20), (20, 28), (28, 20), (21, 26), (26, 21), (22, 26), (26, 22), (22, 29), (29, 22), (23, 24), (24, 23), (23, 34), (34, 23), (24, 27), (27, 24), (25, 26), (26, 25), (26, 38), (38, 26), (27, 35), (35, 27), (29, 34), (34, 29), (30, 31), (31, 30), (30, 38), (38, 30), (30, 40), (40, 30), (31, 32), (32, 31), (32, 39), (39, 32), (33, 39), (39, 33), (34, 35), (35, 34), (37, 39), (39, 37), (39, 40), (40, 39)]
Z_dad = [4]
Y_dad = [16, 34, 39]
X_dad = [7, 14, 33]
Z_da-ad = [1]
Y_da-ad = [34, 36, 39]
X_da-ad = [8, 26, 40]
