no              #fail
12.611          #totTm
4.478           #lastADTm
6               #itDAD
5.200           #avItADGoal
21              #itADOpt
7               #opt
6               #optDA-AD
0.301           #tmDA
14.3            #relGain

V = [1, 2, 3, 4, 5, 6, 7, 8, 9, 10, 11, 12, 13, 14, 15, 16, 17, 18, 19, 20, 21, 22, 23, 24, 25, 26, 27, 28, 29, 30, 31, 32, 33, 34, 35, 36, 37, 38, 39, 40]
A = [(1, 3), (3, 1), (1, 8), (8, 1), (1, 12), (12, 1), (1, 15), (15, 1), (1, 21), (21, 1), (1, 26), (26, 1), (1, 33), (33, 1), (1, 37), (37, 1), (1, 40), (40, 1), (2, 5), (5, 2), (2, 10), (10, 2), (3, 14), (14, 3), (3, 39), (39, 3), (4, 24), (24, 4), (4, 27), (27, 4), (4, 35), (35, 4), (4, 38), (38, 4), (5, 7), (7, 5), (5, 12), (12, 5), (5, 22), (22, 5), (5, 26), (26, 5), (5, 30), (30, 5), (5, 31), (31, 5), (5, 36), (36, 5), (5, 39), (39, 5), (6, 19), (19, 6), (6, 23), (23, 6), (6, 26), (26, 6), (6, 31), (31, 6), (7, 12), (12, 7), (7, 22), (22, 7), (7, 33), (33, 7), (7, 38), (38, 7), (8, 11), (11, 8), (8, 13), (13, 8), (8, 26), (26, 8), (8, 33), (33, 8), (9, 26), (26, 9), (9, 34), (34, 9), (9, 36), (36, 9), (10, 29), (29, 10), (11, 12), (12, 11), (12, 17), (17, 12), (12, 22), (22, 12), (12, 27), (27, 12), (12, 38), (38, 12), (13, 21), (21, 13), (13, 22), (22, 13), (13, 24), (24, 13), (13, 38), (38, 13), (14, 26), (26, 14), (14, 31), (31, 14), (15, 35), (35, 15), (17, 36), (36, 17), (18, 35), (35, 18), (18, 36), (36, 18), (18, 37), (37, 18), (19, 28), (28, 19), (19, 38), (38, 19), (20, 23), (23, 20), (20, 24), (24, 20), (20, 30), (30, 20), (20, 38), (38, 20), (23, 28), (28, 23), (23, 29), (29, 23), (23, 32), (32, 23), (23, 37), (37, 23), (24, 39), (39, 24), (24, 40), (40, 24), (25, 38), (38, 25), (26, 34), (34, 26), (27, 31), (31, 27), (27, 34), (34, 27), (27, 38), (38, 27), (28, 35), (35, 28), (29, 35), (35, 29), (29, 37), (37, 29), (30, 36), (36, 30)]
Z_dad = [1]
Y_dad = [5, 16, 23]
X_dad = [13, 24, 35]
Z_da-ad = [38]
Y_da-ad = [16, 23, 25]
X_da-ad = [5, 27, 29]
