no              #fail
26.263          #totTm
3.097           #lastADTm
9               #itDAD
4.000           #avItADGoal
9               #itADOpt
7               #opt
7               #optDA-AD
0.299           #tmDA
0.0             #relGain

V = [1, 2, 3, 4, 5, 6, 7, 8, 9, 10, 11, 12, 13, 14, 15, 16, 17, 18, 19, 20, 21, 22, 23, 24, 25, 26, 27, 28, 29, 30, 31, 32, 33, 34, 35, 36, 37, 38, 39, 40]
A = [(1, 3), (3, 1), (1, 7), (7, 1), (1, 13), (13, 1), (1, 25), (25, 1), (1, 32), (32, 1), (2, 6), (6, 2), (2, 16), (16, 2), (2, 21), (21, 2), (2, 24), (24, 2), (2, 27), (27, 2), (2, 33), (33, 2), (3, 7), (7, 3), (3, 17), (17, 3), (3, 29), (29, 3), (3, 33), (33, 3), (3, 34), (34, 3), (4, 6), (6, 4), (4, 7), (7, 4), (4, 8), (8, 4), (4, 24), (24, 4), (4, 28), (28, 4), (5, 16), (16, 5), (5, 39), (39, 5), (6, 14), (14, 6), (6, 21), (21, 6), (6, 28), (28, 6), (7, 11), (11, 7), (7, 14), (14, 7), (7, 16), (16, 7), (7, 24), (24, 7), (7, 35), (35, 7), (8, 9), (9, 8), (8, 12), (12, 8), (8, 14), (14, 8), (8, 16), (16, 8), (8, 30), (30, 8), (9, 15), (15, 9), (10, 12), (12, 10), (10, 15), (15, 10), (10, 27), (27, 10), (11, 35), (35, 11), (11, 38), (38, 11), (12, 14), (14, 12), (12, 21), (21, 12), (12, 26), (26, 12), (12, 31), (31, 12), (12, 40), (40, 12), (13, 22), (22, 13), (13, 24), (24, 13), (13, 28), (28, 13), (13, 29), (29, 13), (14, 34), (34, 14), (14, 35), (35, 14), (14, 36), (36, 14), (14, 40), (40, 14), (15, 38), (38, 15), (16, 33), (33, 16), (17, 23), (23, 17), (17, 28), (28, 17), (17, 31), (31, 17), (18, 22), (22, 18), (18, 24), (24, 18), (18, 31), (31, 18), (19, 21), (21, 19), (19, 30), (30, 19), (20, 23), (23, 20), (20, 34), (34, 20), (21, 30), (30, 21), (21, 37), (37, 21), (24, 30), (30, 24), (25, 39), (39, 25), (26, 29), (29, 26), (27, 35), (35, 27), (29, 32), (32, 29), (29, 39), (39, 29), (30, 35), (35, 30), (32, 39), (39, 32), (34, 35), (35, 34)]
Z_dad = [21]
Y_dad = [29, 35, 37]
X_dad = [14, 17, 34]
Z_da-ad = [14]
Y_da-ad = [11, 29, 36]
X_da-ad = [12, 21, 30]
