no              #fail
15.986          #totTm
4.056           #lastADTm
6               #itDAD
4.200           #avItADGoal
19              #itADOpt
6               #opt
6               #optDA-AD
0.312           #tmDA
0.0             #relGain

V = [1, 2, 3, 4, 5, 6, 7, 8, 9, 10, 11, 12, 13, 14, 15, 16, 17, 18, 19, 20, 21, 22, 23, 24, 25, 26, 27, 28, 29, 30, 31, 32, 33, 34, 35, 36, 37, 38, 39, 40]
A = [(1, 5), (5, 1), (1, 8), (8, 1), (1, 11), (11, 1), (1, 20), (20, 1), (2, 28), (28, 2), (3, 32), (32, 3), (4, 7), (7, 4), (4, 16), (16, 4), (4, 36), (36, 4), (5, 9), (9, 5), (5, 14), (14, 5), (5, 17), (17, 5), (5, 32), (32, 5), (5, 34), (34, 5), (6, 12), (12, 6), (6, 24), (24, 6), (6, 29), (29, 6), (7, 24), (24, 7), (7, 25), (25, 7), (7, 30), (30, 7), (8, 23), (23, 8), (8, 37), (37, 8), (9, 12), (12, 9), (10, 11), (11, 10), (10, 12), (12, 10), (10, 21), (21, 10), (10, 26), (26, 10), (10, 30), (30, 10), (10, 39), (39, 10), (11, 18), (18, 11), (11, 26), (26, 11), (11, 33), (33, 11), (12, 19), (19, 12), (12, 28), (28, 12), (12, 29), (29, 12), (12, 32), (32, 12), (13, 16), (16, 13), (13, 32), (32, 13), (13, 36), (36, 13), (13, 38), (38, 13), (14, 28), (28, 14), (14, 32), (32, 14), (14, 39), (39, 14), (15, 16), (16, 15), (15, 30), (30, 15), (15, 39), (39, 15), (16, 17), (17, 16), (16, 23), (23, 16), (16, 27), (27, 16), (16, 37), (37, 16), (17, 24), (24, 17), (18, 22), (22, 18), (18, 33), (33, 18), (18, 38), (38, 18), (19, 29), (29, 19), (19, 34), (34, 19), (20, 35), (35, 20), (21, 26), (26, 21), (21, 36), (36, 21), (21, 37), (37, 21), (22, 28), (28, 22), (23, 36), (36, 23), (24, 34), (34, 24), (25, 31), (31, 25), (26, 29), (29, 26), (27, 29), (29, 27), (27, 31), (31, 27), (27, 33), (33, 27), (27, 34), (34, 27), (27, 35), (35, 27), (28, 35), (35, 28), (28, 38), (38, 28), (30, 37), (37, 30), (31, 40), (40, 31), (32, 38), (38, 32), (33, 36), (36, 33), (33, 39), (39, 33), (38, 40), (40, 38)]
Z_dad = [28]
Y_dad = [2, 27, 32]
X_dad = [7, 31, 38]
Z_da-ad = [28]
Y_da-ad = [2, 16, 27]
X_da-ad = [1, 18, 32]
