no              #fail
66.271          #totTm
6.703           #lastADTm
9               #itDAD
15.125          #avItADGoal
35              #itADOpt
7               #opt
7               #optDA-AD
0.526           #tmDA
0.0             #relGain

V = [1, 2, 3, 4, 5, 6, 7, 8, 9, 10, 11, 12, 13, 14, 15, 16, 17, 18, 19, 20, 21, 22, 23, 24, 25, 26, 27, 28, 29, 30, 31, 32, 33, 34, 35, 36, 37, 38, 39, 40]
A = [(1, 9), (9, 1), (1, 11), (11, 1), (1, 14), (14, 1), (1, 21), (21, 1), (1, 27), (27, 1), (2, 19), (19, 2), (2, 27), (27, 2), (2, 29), (29, 2), (2, 36), (36, 2), (2, 39), (39, 2), (3, 26), (26, 3), (4, 9), (9, 4), (4, 28), (28, 4), (4, 33), (33, 4), (5, 32), (32, 5), (6, 18), (18, 6), (6, 23), (23, 6), (6, 27), (27, 6), (6, 40), (40, 6), (7, 10), (10, 7), (7, 14), (14, 7), (7, 17), (17, 7), (7, 21), (21, 7), (7, 28), (28, 7), (8, 12), (12, 8), (9, 13), (13, 9), (9, 21), (21, 9), (10, 29), (29, 10), (10, 35), (35, 10), (12, 16), (16, 12), (12, 18), (18, 12), (12, 23), (23, 12), (12, 38), (38, 12), (13, 18), (18, 13), (13, 20), (20, 13), (13, 22), (22, 13), (13, 26), (26, 13), (13, 28), (28, 13), (13, 35), (35, 13), (14, 18), (18, 14), (14, 31), (31, 14), (14, 34), (34, 14), (14, 35), (35, 14), (15, 24), (24, 15), (16, 19), (19, 16), (16, 22), (22, 16), (16, 27), (27, 16), (16, 32), (32, 16), (17, 29), (29, 17), (17, 31), (31, 17), (17, 39), (39, 17), (17, 40), (40, 17), (18, 21), (21, 18), (18, 26), (26, 18), (18, 33), (33, 18), (18, 37), (37, 18), (18, 40), (40, 18), (19, 37), (37, 19), (19, 38), (38, 19), (20, 40), (40, 20), (21, 30), (30, 21), (21, 36), (36, 21), (23, 25), (25, 23), (23, 27), (27, 23), (23, 35), (35, 23), (25, 30), (30, 25), (26, 35), (35, 26), (27, 29), (29, 27), (27, 36), (36, 27), (28, 35), (35, 28), (28, 39), (39, 28), (29, 33), (33, 29), (29, 36), (36, 29), (30, 38), (38, 30), (31, 37), (37, 31), (33, 36), (36, 33), (33, 37), (37, 33), (35, 38), (38, 35)]
Z_dad = [32]
Y_dad = [5, 18, 24]
X_dad = [12, 14, 26]
Z_da-ad = [14]
Y_da-ad = [5, 12, 15]
X_da-ad = [1, 4, 26]
