no              #fail
38.009          #totTm
3.230           #lastADTm
11              #itDAD
6.000           #avItADGoal
21              #itADOpt
7               #opt
7               #optDA-AD
0.432           #tmDA
0.0             #relGain

V = [1, 2, 3, 4, 5, 6, 7, 8, 9, 10, 11, 12, 13, 14, 15, 16, 17, 18, 19, 20, 21, 22, 23, 24, 25, 26, 27, 28, 29, 30, 31, 32, 33, 34, 35, 36, 37, 38, 39, 40]
A = [(1, 3), (3, 1), (1, 6), (6, 1), (1, 10), (10, 1), (1, 32), (32, 1), (1, 39), (39, 1), (2, 18), (18, 2), (2, 40), (40, 2), (3, 4), (4, 3), (3, 14), (14, 3), (3, 18), (18, 3), (3, 38), (38, 3), (4, 16), (16, 4), (4, 36), (36, 4), (4, 39), (39, 4), (5, 10), (10, 5), (5, 32), (32, 5), (6, 9), (9, 6), (6, 27), (27, 6), (6, 29), (29, 6), (6, 35), (35, 6), (6, 37), (37, 6), (6, 38), (38, 6), (7, 18), (18, 7), (7, 22), (22, 7), (8, 16), (16, 8), (8, 28), (28, 8), (8, 30), (30, 8), (8, 40), (40, 8), (9, 16), (16, 9), (9, 32), (32, 9), (10, 14), (14, 10), (10, 21), (21, 10), (10, 25), (25, 10), (10, 29), (29, 10), (11, 23), (23, 11), (11, 36), (36, 11), (12, 17), (17, 12), (12, 22), (22, 12), (12, 24), (24, 12), (12, 27), (27, 12), (13, 16), (16, 13), (13, 27), (27, 13), (13, 28), (28, 13), (13, 34), (34, 13), (14, 17), (17, 14), (14, 24), (24, 14), (14, 26), (26, 14), (14, 32), (32, 14), (15, 39), (39, 15), (15, 40), (40, 15), (16, 17), (17, 16), (16, 19), (19, 16), (16, 27), (27, 16), (17, 22), (22, 17), (18, 28), (28, 18), (18, 29), (29, 18), (19, 35), (35, 19), (20, 35), (35, 20), (21, 25), (25, 21), (21, 28), (28, 21), (21, 30), (30, 21), (21, 32), (32, 21), (21, 38), (38, 21), (22, 33), (33, 22), (22, 34), (34, 22), (22, 35), (35, 22), (26, 37), (37, 26), (28, 32), (32, 28), (29, 37), (37, 29), (29, 40), (40, 29), (31, 34), (34, 31), (32, 34), (34, 32), (32, 36), (36, 32), (32, 40), (40, 32), (34, 38), (38, 34), (37, 40), (40, 37), (38, 40), (40, 38), (39, 40), (40, 39)]
Z_dad = [18]
Y_dad = [22, 32, 36]
X_dad = [11, 34, 35]
Z_da-ad = [22]
Y_da-ad = [16, 23, 33]
X_da-ad = [6, 19, 34]
