no              #fail
24.043          #totTm
2.764           #lastADTm
8               #itDAD
4.286           #avItADGoal
13              #itADOpt
6               #opt
5               #optDA-AD
0.24            #tmDA
16.7            #relGain

V = [1, 2, 3, 4, 5, 6, 7, 8, 9, 10, 11, 12, 13, 14, 15, 16, 17, 18, 19, 20, 21, 22, 23, 24, 25, 26, 27, 28, 29, 30, 31, 32, 33, 34, 35, 36, 37, 38, 39, 40]
A = [(1, 8), (8, 1), (1, 11), (11, 1), (1, 20), (20, 1), (1, 22), (22, 1), (1, 30), (30, 1), (2, 8), (8, 2), (2, 19), (19, 2), (2, 25), (25, 2), (2, 29), (29, 2), (3, 8), (8, 3), (3, 24), (24, 3), (3, 40), (40, 3), (4, 5), (5, 4), (4, 11), (11, 4), (4, 13), (13, 4), (4, 30), (30, 4), (4, 33), (33, 4), (5, 15), (15, 5), (5, 21), (21, 5), (5, 23), (23, 5), (5, 35), (35, 5), (6, 14), (14, 6), (6, 22), (22, 6), (6, 29), (29, 6), (6, 38), (38, 6), (7, 10), (10, 7), (7, 12), (12, 7), (7, 18), (18, 7), (7, 27), (27, 7), (8, 17), (17, 8), (8, 33), (33, 8), (9, 16), (16, 9), (9, 26), (26, 9), (10, 18), (18, 10), (10, 22), (22, 10), (10, 24), (24, 10), (11, 20), (20, 11), (11, 32), (32, 11), (11, 33), (33, 11), (12, 15), (15, 12), (12, 19), (19, 12), (12, 25), (25, 12), (13, 16), (16, 13), (13, 25), (25, 13), (13, 32), (32, 13), (13, 35), (35, 13), (14, 30), (30, 14), (14, 33), (33, 14), (15, 33), (33, 15), (16, 29), (29, 16), (17, 35), (35, 17), (17, 40), (40, 17), (18, 28), (28, 18), (19, 25), (25, 19), (19, 27), (27, 19), (19, 30), (30, 19), (19, 34), (34, 19), (19, 36), (36, 19), (20, 35), (35, 20), (20, 38), (38, 20), (21, 23), (23, 21), (21, 25), (25, 21), (21, 29), (29, 21), (22, 36), (36, 22), (24, 25), (25, 24), (25, 28), (28, 25), (25, 34), (34, 25), (25, 36), (36, 25), (27, 39), (39, 27), (28, 32), (32, 28), (29, 32), (32, 29), (30, 33), (33, 30), (30, 39), (39, 30), (31, 35), (35, 31), (31, 37), (37, 31), (31, 38), (38, 31), (32, 37), (37, 32), (37, 39), (39, 37)]
Z_dad = [25]
Y_dad = [8, 9, 19]
X_dad = [1, 5, 29]
Z_da-ad = [16]
Y_da-ad = [9, 17, 25]
X_da-ad = [5, 10, 21]
