no              #fail
8.547           #totTm
3.535           #lastADTm
5               #itDAD
2.000           #avItADGoal
20              #itADOpt
7               #opt
6               #optDA-AD
0.231           #tmDA
14.3            #relGain

V = [1, 2, 3, 4, 5, 6, 7, 8, 9, 10, 11, 12, 13, 14, 15, 16, 17, 18, 19, 20, 21, 22, 23, 24, 25, 26, 27, 28, 29, 30, 31, 32, 33, 34, 35, 36, 37, 38, 39, 40]
A = [(1, 5), (5, 1), (1, 8), (8, 1), (1, 13), (13, 1), (1, 18), (18, 1), (1, 26), (26, 1), (2, 14), (14, 2), (2, 26), (26, 2), (2, 30), (30, 2), (3, 7), (7, 3), (3, 8), (8, 3), (3, 29), (29, 3), (4, 17), (17, 4), (4, 36), (36, 4), (5, 6), (6, 5), (5, 8), (8, 5), (5, 15), (15, 5), (5, 29), (29, 5), (6, 9), (9, 6), (6, 16), (16, 6), (6, 26), (26, 6), (6, 33), (33, 6), (7, 11), (11, 7), (7, 29), (29, 7), (7, 36), (36, 7), (7, 38), (38, 7), (8, 12), (12, 8), (8, 18), (18, 8), (8, 22), (22, 8), (8, 26), (26, 8), (8, 36), (36, 8), (8, 38), (38, 8), (9, 11), (11, 9), (9, 19), (19, 9), (9, 26), (26, 9), (9, 27), (27, 9), (9, 31), (31, 9), (10, 16), (16, 10), (10, 23), (23, 10), (10, 35), (35, 10), (11, 30), (30, 11), (12, 13), (13, 12), (12, 23), (23, 12), (13, 17), (17, 13), (13, 20), (20, 13), (13, 22), (22, 13), (13, 23), (23, 13), (13, 24), (24, 13), (13, 29), (29, 13), (13, 38), (38, 13), (14, 28), (28, 14), (14, 38), (38, 14), (15, 18), (18, 15), (15, 23), (23, 15), (15, 24), (24, 15), (15, 27), (27, 15), (15, 30), (30, 15), (16, 39), (39, 16), (17, 21), (21, 17), (17, 25), (25, 17), (17, 26), (26, 17), (17, 33), (33, 17), (17, 35), (35, 17), (17, 39), (39, 17), (19, 22), (22, 19), (19, 37), (37, 19), (20, 21), (21, 20), (21, 30), (30, 21), (21, 37), (37, 21), (23, 30), (30, 23), (23, 35), (35, 23), (23, 38), (38, 23), (25, 38), (38, 25), (27, 30), (30, 27), (28, 37), (37, 28), (30, 34), (34, 30), (31, 34), (34, 31), (32, 40), (40, 32), (34, 36), (36, 34)]
Z_dad = [17]
Y_dad = [8, 16, 40]
X_dad = [6, 36, 38]
Z_da-ad = [32]
Y_da-ad = [17, 24, 40]
X_da-ad = [9, 30, 36]
