no              #fail
23.110          #totTm
1.177           #lastADTm
9               #itDAD
4.750           #avItADGoal
7               #itADOpt
7               #opt
6               #optDA-AD
0.296           #tmDA
14.3            #relGain

V = [1, 2, 3, 4, 5, 6, 7, 8, 9, 10, 11, 12, 13, 14, 15, 16, 17, 18, 19, 20, 21, 22, 23, 24, 25, 26, 27, 28, 29, 30, 31, 32, 33, 34, 35, 36, 37, 38, 39, 40]
A = [(1, 14), (14, 1), (1, 21), (21, 1), (1, 35), (35, 1), (2, 15), (15, 2), (2, 18), (18, 2), (2, 22), (22, 2), (2, 32), (32, 2), (3, 6), (6, 3), (3, 12), (12, 3), (3, 14), (14, 3), (3, 40), (40, 3), (4, 16), (16, 4), (4, 17), (17, 4), (4, 19), (19, 4), (5, 10), (10, 5), (5, 12), (12, 5), (5, 13), (13, 5), (5, 19), (19, 5), (5, 27), (27, 5), (5, 40), (40, 5), (6, 15), (15, 6), (6, 29), (29, 6), (7, 10), (10, 7), (7, 20), (20, 7), (8, 25), (25, 8), (8, 27), (27, 8), (8, 30), (30, 8), (9, 11), (11, 9), (9, 17), (17, 9), (9, 34), (34, 9), (10, 13), (13, 10), (10, 19), (19, 10), (10, 35), (35, 10), (11, 22), (22, 11), (11, 29), (29, 11), (11, 34), (34, 11), (11, 40), (40, 11), (12, 35), (35, 12), (13, 21), (21, 13), (13, 24), (24, 13), (13, 26), (26, 13), (13, 35), (35, 13), (13, 37), (37, 13), (13, 40), (40, 13), (14, 17), (17, 14), (14, 29), (29, 14), (14, 37), (37, 14), (14, 38), (38, 14), (15, 18), (18, 15), (15, 24), (24, 15), (15, 25), (25, 15), (15, 36), (36, 15), (16, 26), (26, 16), (16, 34), (34, 16), (17, 19), (19, 17), (17, 28), (28, 17), (17, 29), (29, 17), (18, 20), (20, 18), (18, 36), (36, 18), (18, 37), (37, 18), (19, 22), (22, 19), (19, 27), (27, 19), (19, 33), (33, 19), (20, 31), (31, 20), (21, 25), (25, 21), (21, 26), (26, 21), (21, 39), (39, 21), (23, 24), (24, 23), (25, 34), (34, 25), (27, 35), (35, 27), (28, 29), (29, 28), (28, 31), (31, 28), (28, 37), (37, 28), (29, 31), (31, 29), (29, 39), (39, 29), (32, 40), (40, 32), (34, 35), (35, 34), (35, 38), (38, 35)]
Z_dad = [29]
Y_dad = [15, 17, 35]
X_dad = [10, 18, 28]
Z_da-ad = [8]
Y_da-ad = [7, 13, 30]
X_da-ad = [15, 18, 19]
