no              #fail
18.584          #totTm
1.676           #lastADTm
8               #itDAD
5.857           #avItADGoal
9               #itADOpt
7               #opt
6               #optDA-AD
0.3             #tmDA
14.3            #relGain

V = [1, 2, 3, 4, 5, 6, 7, 8, 9, 10, 11, 12, 13, 14, 15, 16, 17, 18, 19, 20, 21, 22, 23, 24, 25, 26, 27, 28, 29, 30, 31, 32, 33, 34, 35, 36, 37, 38, 39, 40]
A = [(1, 2), (2, 1), (1, 23), (23, 1), (1, 35), (35, 1), (2, 20), (20, 2), (2, 27), (27, 2), (2, 32), (32, 2), (2, 37), (37, 2), (3, 8), (8, 3), (3, 17), (17, 3), (3, 39), (39, 3), (4, 10), (10, 4), (4, 13), (13, 4), (4, 21), (21, 4), (5, 11), (11, 5), (5, 21), (21, 5), (5, 22), (22, 5), (5, 23), (23, 5), (5, 33), (33, 5), (5, 34), (34, 5), (6, 13), (13, 6), (6, 22), (22, 6), (6, 32), (32, 6), (6, 40), (40, 6), (7, 12), (12, 7), (7, 33), (33, 7), (7, 34), (34, 7), (7, 37), (37, 7), (8, 10), (10, 8), (8, 14), (14, 8), (8, 26), (26, 8), (8, 31), (31, 8), (9, 10), (10, 9), (9, 33), (33, 9), (10, 14), (14, 10), (10, 29), (29, 10), (10, 40), (40, 10), (11, 13), (13, 11), (11, 23), (23, 11), (11, 31), (31, 11), (12, 15), (15, 12), (12, 24), (24, 12), (13, 15), (15, 13), (13, 25), (25, 13), (13, 37), (37, 13), (14, 25), (25, 14), (15, 27), (27, 15), (15, 31), (31, 15), (15, 37), (37, 15), (16, 27), (27, 16), (16, 31), (31, 16), (16, 33), (33, 16), (16, 37), (37, 16), (17, 35), (35, 17), (18, 30), (30, 18), (19, 40), (40, 19), (20, 27), (27, 20), (20, 34), (34, 20), (20, 36), (36, 20), (21, 27), (27, 21), (22, 25), (25, 22), (22, 35), (35, 22), (23, 38), (38, 23), (24, 25), (25, 24), (24, 34), (34, 24), (24, 38), (38, 24), (26, 28), (28, 26), (26, 40), (40, 26), (27, 28), (28, 27), (27, 30), (30, 27), (27, 31), (31, 27), (27, 40), (40, 27), (28, 37), (37, 28), (28, 40), (40, 28), (30, 39), (39, 30), (32, 36), (36, 32), (34, 40), (40, 34), (38, 40), (40, 38), (39, 40), (40, 39)]
Z_dad = [2]
Y_dad = [5, 27, 40]
X_dad = [3, 22, 23]
Z_da-ad = [10]
Y_da-ad = [9, 29, 39]
X_da-ad = [3, 30, 40]
