no              #fail
11.763          #totTm
4.112           #lastADTm
6               #itDAD
2.400           #avItADGoal
22              #itADOpt
7               #opt
6               #optDA-AD
0.364           #tmDA
14.3            #relGain

V = [1, 2, 3, 4, 5, 6, 7, 8, 9, 10, 11, 12, 13, 14, 15, 16, 17, 18, 19, 20, 21, 22, 23, 24, 25, 26, 27, 28, 29, 30, 31, 32, 33, 34, 35, 36, 37, 38, 39, 40]
A = [(1, 8), (8, 1), (1, 26), (26, 1), (1, 32), (32, 1), (1, 37), (37, 1), (2, 9), (9, 2), (2, 19), (19, 2), (3, 25), (25, 3), (4, 8), (8, 4), (4, 13), (13, 4), (4, 15), (15, 4), (4, 19), (19, 4), (4, 29), (29, 4), (4, 36), (36, 4), (5, 24), (24, 5), (5, 25), (25, 5), (5, 28), (28, 5), (5, 30), (30, 5), (6, 26), (26, 6), (6, 29), (29, 6), (6, 39), (39, 6), (7, 8), (8, 7), (7, 10), (10, 7), (7, 24), (24, 7), (7, 34), (34, 7), (9, 24), (24, 9), (9, 32), (32, 9), (10, 14), (14, 10), (10, 22), (22, 10), (10, 28), (28, 10), (10, 30), (30, 10), (10, 33), (33, 10), (11, 37), (37, 11), (11, 40), (40, 11), (12, 16), (16, 12), (12, 30), (30, 12), (12, 37), (37, 12), (13, 26), (26, 13), (14, 39), (39, 14), (15, 17), (17, 15), (15, 19), (19, 15), (15, 24), (24, 15), (15, 31), (31, 15), (16, 31), (31, 16), (16, 37), (37, 16), (17, 32), (32, 17), (17, 36), (36, 17), (17, 39), (39, 17), (18, 25), (25, 18), (18, 27), (27, 18), (18, 30), (30, 18), (18, 33), (33, 18), (19, 23), (23, 19), (19, 32), (32, 19), (19, 34), (34, 19), (19, 35), (35, 19), (20, 28), (28, 20), (20, 34), (34, 20), (21, 22), (22, 21), (21, 30), (30, 21), (22, 26), (26, 22), (23, 30), (30, 23), (23, 39), (39, 23), (24, 29), (29, 24), (24, 34), (34, 24), (24, 36), (36, 24), (25, 28), (28, 25), (25, 33), (33, 25), (26, 30), (30, 26), (26, 31), (31, 26), (26, 39), (39, 26), (28, 31), (31, 28), (28, 33), (33, 28), (29, 30), (30, 29), (30, 34), (34, 30), (31, 38), (38, 31), (32, 37), (37, 32), (33, 34), (34, 33), (38, 39), (39, 38)]
Z_dad = [19]
Y_dad = [30, 35, 37]
X_dad = [18, 24, 32]
Z_da-ad = [18]
Y_da-ad = [19, 27, 37]
X_da-ad = [11, 25, 32]
