no              #fail
116.718         #totTm
14.061          #lastADTm
11              #itDAD
10.200          #avItADGoal
47              #itADOpt
8               #opt
8               #optDA-AD
0.623           #tmDA
0.0             #relGain

V = [1, 2, 3, 4, 5, 6, 7, 8, 9, 10, 11, 12, 13, 14, 15, 16, 17, 18, 19, 20, 21, 22, 23, 24, 25, 26, 27, 28, 29, 30, 31, 32, 33, 34, 35, 36, 37, 38, 39, 40]
A = [(1, 13), (13, 1), (1, 38), (38, 1), (2, 21), (21, 2), (2, 28), (28, 2), (2, 36), (36, 2), (4, 7), (7, 4), (4, 23), (23, 4), (4, 30), (30, 4), (5, 8), (8, 5), (5, 30), (30, 5), (5, 34), (34, 5), (6, 12), (12, 6), (6, 37), (37, 6), (7, 19), (19, 7), (7, 34), (34, 7), (7, 40), (40, 7), (8, 18), (18, 8), (8, 25), (25, 8), (9, 10), (10, 9), (9, 13), (13, 9), (9, 18), (18, 9), (9, 36), (36, 9), (10, 11), (11, 10), (10, 16), (16, 10), (10, 18), (18, 10), (10, 37), (37, 10), (10, 38), (38, 10), (11, 17), (17, 11), (11, 20), (20, 11), (11, 22), (22, 11), (11, 30), (30, 11), (11, 40), (40, 11), (12, 26), (26, 12), (12, 30), (30, 12), (13, 19), (19, 13), (13, 25), (25, 13), (13, 27), (27, 13), (13, 32), (32, 13), (13, 35), (35, 13), (13, 38), (38, 13), (13, 40), (40, 13), (14, 24), (24, 14), (14, 30), (30, 14), (14, 35), (35, 14), (14, 39), (39, 14), (15, 21), (21, 15), (15, 23), (23, 15), (15, 32), (32, 15), (15, 39), (39, 15), (16, 20), (20, 16), (16, 22), (22, 16), (16, 26), (26, 16), (17, 20), (20, 17), (19, 22), (22, 19), (19, 23), (23, 19), (19, 26), (26, 19), (19, 38), (38, 19), (20, 32), (32, 20), (21, 27), (27, 21), (21, 35), (35, 21), (21, 37), (37, 21), (22, 27), (27, 22), (22, 34), (34, 22), (22, 37), (37, 22), (23, 26), (26, 23), (23, 28), (28, 23), (25, 40), (40, 25), (26, 28), (28, 26), (27, 38), (38, 27), (28, 39), (39, 28), (30, 32), (32, 30), (32, 33), (33, 32), (32, 40), (40, 32), (34, 35), (35, 34), (35, 39), (39, 35), (37, 38), (38, 37), (38, 39), (39, 38), (38, 40), (40, 38)]
Z_dad = [32]
Y_dad = [3, 11, 29]
X_dad = [30, 35, 39]
Z_da-ad = [32]
Y_da-ad = [3, 11, 29]
X_da-ad = [13, 14, 38]
