no              #fail
12.868          #totTm
1.442           #lastADTm
5               #itDAD
5.250           #avItADGoal
8               #itADOpt
7               #opt
6               #optDA-AD
0.288           #tmDA
14.3            #relGain

V = [1, 2, 3, 4, 5, 6, 7, 8, 9, 10, 11, 12, 13, 14, 15, 16, 17, 18, 19, 20, 21, 22, 23, 24, 25, 26, 27, 28, 29, 30, 31, 32, 33, 34, 35, 36, 37, 38, 39, 40]
A = [(1, 15), (15, 1), (1, 21), (21, 1), (1, 37), (37, 1), (1, 38), (38, 1), (2, 11), (11, 2), (2, 25), (25, 2), (2, 37), (37, 2), (3, 8), (8, 3), (3, 28), (28, 3), (4, 18), (18, 4), (4, 20), (20, 4), (5, 14), (14, 5), (5, 29), (29, 5), (5, 38), (38, 5), (6, 8), (8, 6), (6, 12), (12, 6), (6, 13), (13, 6), (6, 17), (17, 6), (6, 40), (40, 6), (7, 16), (16, 7), (7, 35), (35, 7), (7, 40), (40, 7), (8, 40), (40, 8), (9, 21), (21, 9), (9, 25), (25, 9), (9, 32), (32, 9), (9, 33), (33, 9), (9, 36), (36, 9), (10, 15), (15, 10), (10, 23), (23, 10), (10, 34), (34, 10), (10, 35), (35, 10), (10, 39), (39, 10), (11, 20), (20, 11), (11, 22), (22, 11), (11, 25), (25, 11), (11, 40), (40, 11), (12, 15), (15, 12), (12, 19), (19, 12), (12, 20), (20, 12), (13, 14), (14, 13), (13, 28), (28, 13), (15, 17), (17, 15), (15, 18), (18, 15), (16, 17), (17, 16), (16, 29), (29, 16), (17, 19), (19, 17), (17, 27), (27, 17), (17, 33), (33, 17), (18, 35), (35, 18), (18, 36), (36, 18), (18, 38), (38, 18), (19, 22), (22, 19), (19, 24), (24, 19), (19, 25), (25, 19), (19, 36), (36, 19), (19, 37), (37, 19), (20, 23), (23, 20), (20, 28), (28, 20), (20, 31), (31, 20), (20, 32), (32, 20), (20, 37), (37, 20), (21, 30), (30, 21), (21, 40), (40, 21), (22, 26), (26, 22), (22, 36), (36, 22), (23, 29), (29, 23), (23, 37), (37, 23), (23, 39), (39, 23), (23, 40), (40, 23), (26, 40), (40, 26), (27, 32), (32, 27), (30, 33), (33, 30), (32, 38), (38, 32), (32, 39), (39, 32), (33, 40), (40, 33), (35, 38), (38, 35), (38, 40), (40, 38)]
Z_dad = [40]
Y_dad = [5, 9, 20]
X_dad = [10, 19, 22]
Z_da-ad = [20]
Y_da-ad = [13, 31, 34]
X_da-ad = [6, 15, 19]
