no              #fail
18.493          #totTm
4.436           #lastADTm
6               #itDAD
3.000           #avItADGoal
19              #itADOpt
7               #opt
6               #optDA-AD
0.24            #tmDA
14.3            #relGain

V = [1, 2, 3, 4, 5, 6, 7, 8, 9, 10, 11, 12, 13, 14, 15, 16, 17, 18, 19, 20, 21, 22, 23, 24, 25, 26, 27, 28, 29, 30, 31, 32, 33, 34, 35, 36, 37, 38, 39, 40]
A = [(1, 13), (13, 1), (1, 22), (22, 1), (1, 28), (28, 1), (1, 29), (29, 1), (1, 37), (37, 1), (2, 21), (21, 2), (2, 28), (28, 2), (2, 33), (33, 2), (2, 39), (39, 2), (3, 15), (15, 3), (3, 16), (16, 3), (3, 17), (17, 3), (3, 30), (30, 3), (4, 8), (8, 4), (4, 19), (19, 4), (4, 23), (23, 4), (4, 33), (33, 4), (4, 36), (36, 4), (5, 10), (10, 5), (5, 34), (34, 5), (6, 8), (8, 6), (6, 9), (9, 6), (6, 34), (34, 6), (6, 35), (35, 6), (7, 16), (16, 7), (7, 19), (19, 7), (7, 20), (20, 7), (7, 28), (28, 7), (7, 36), (36, 7), (8, 22), (22, 8), (8, 24), (24, 8), (8, 30), (30, 8), (8, 37), (37, 8), (9, 16), (16, 9), (9, 18), (18, 9), (10, 34), (34, 10), (10, 36), (36, 10), (11, 19), (19, 11), (11, 29), (29, 11), (13, 24), (24, 13), (13, 39), (39, 13), (14, 22), (22, 14), (14, 27), (27, 14), (15, 18), (18, 15), (15, 22), (22, 15), (15, 29), (29, 15), (15, 30), (30, 15), (15, 33), (33, 15), (15, 36), (36, 15), (16, 33), (33, 16), (17, 20), (20, 17), (17, 21), (21, 17), (17, 23), (23, 17), (17, 24), (24, 17), (17, 26), (26, 17), (19, 27), (27, 19), (20, 40), (40, 20), (21, 25), (25, 21), (21, 28), (28, 21), (21, 29), (29, 21), (22, 40), (40, 22), (23, 24), (24, 23), (23, 27), (27, 23), (23, 38), (38, 23), (26, 29), (29, 26), (26, 30), (30, 26), (26, 34), (34, 26), (26, 35), (35, 26), (26, 38), (38, 26), (29, 39), (39, 29), (30, 31), (31, 30), (30, 33), (33, 30), (30, 35), (35, 30), (31, 32), (32, 31), (32, 33), (33, 32), (32, 34), (34, 32), (32, 37), (37, 32), (36, 39), (39, 36)]
Z_dad = [22]
Y_dad = [7, 12, 30]
X_dad = [21, 34, 36]
Z_da-ad = [21]
Y_da-ad = [12, 22, 25]
X_da-ad = [18, 34, 36]
