no              #fail
116.513         #totTm
115.629         #lastADTm
4               #itDAD
1.000           #avItADGoal
275             #itADOpt
23              #opt
20              #optDA-AD
0.665           #tmDA
13.0            #relGain

V = [1, 2, 3, 4, 5, 6, 7, 8, 9, 10, 11, 12, 13, 14, 15, 16, 17, 18, 19, 20, 21, 22, 23, 24, 25, 26, 27, 28, 29, 30, 31, 32, 33, 34, 35, 36, 37, 38, 39, 40]
A = [(2, 1), (1, 2), (3, 1), (1, 3), (4, 1), (1, 4), (5, 3), (3, 5), (6, 2), (2, 6), (7, 3), (3, 7), (8, 3), (3, 8), (9, 4), (4, 9), (10, 3), (3, 10), (11, 9), (9, 11), (12, 9), (9, 12), (13, 12), (12, 13), (14, 2), (2, 14), (15, 4), (4, 15), (16, 6), (6, 16), (17, 8), (8, 17), (18, 9), (9, 18), (19, 18), (18, 19), (20, 19), (19, 20), (21, 20), (20, 21), (22, 17), (17, 22), (23, 19), (19, 23), (24, 13), (13, 24), (25, 15), (15, 25), (26, 8), (8, 26), (27, 15), (15, 27), (28, 8), (8, 28), (29, 24), (24, 29), (30, 16), (16, 30), (31, 16), (16, 31), (32, 6), (6, 32), (33, 11), (11, 33), (34, 22), (22, 34), (35, 2), (2, 35), (36, 21), (21, 36), (37, 16), (16, 37), (38, 14), (14, 38), (39, 30), (30, 39), (40, 19), (19, 40)]
Z_dad = [9]
Y_dad = [2, 8, 19]
X_dad = [1, 3, 6]
Z_da-ad = [3]
Y_da-ad = [6, 9, 17]
X_da-ad = [2, 16, 18]
