no              #fail
801.270         #totTm
800.758         #lastADTm
4               #itDAD
1.000           #avItADGoal
923             #itADOpt
25              #opt
25              #optDA-AD
1.061           #tmDA
0.0             #relGain

V = [1, 2, 3, 4, 5, 6, 7, 8, 9, 10, 11, 12, 13, 14, 15, 16, 17, 18, 19, 20, 21, 22, 23, 24, 25, 26, 27, 28, 29, 30, 31, 32, 33, 34, 35, 36, 37, 38, 39, 40]
A = [(2, 1), (1, 2), (3, 2), (2, 3), (4, 3), (3, 4), (5, 2), (2, 5), (6, 2), (2, 6), (7, 4), (4, 7), (8, 7), (7, 8), (9, 8), (8, 9), (10, 8), (8, 10), (11, 10), (10, 11), (12, 3), (3, 12), (13, 11), (11, 13), (14, 10), (10, 14), (15, 5), (5, 15), (16, 7), (7, 16), (17, 16), (16, 17), (18, 5), (5, 18), (19, 2), (2, 19), (20, 17), (17, 20), (21, 2), (2, 21), (22, 7), (7, 22), (23, 4), (4, 23), (24, 1), (1, 24), (25, 24), (24, 25), (26, 10), (10, 26), (27, 6), (6, 27), (28, 16), (16, 28), (29, 16), (16, 29), (30, 13), (13, 30), (31, 7), (7, 31), (32, 22), (22, 32), (33, 2), (2, 33), (34, 16), (16, 34), (35, 23), (23, 35), (36, 31), (31, 36), (37, 5), (5, 37), (38, 37), (37, 38), (39, 1), (1, 39), (40, 35), (35, 40)]
Z_dad = [2]
Y_dad = [5, 7, 10]
X_dad = [4, 11, 16]
Z_da-ad = [2]
Y_da-ad = [5, 7, 10]
X_da-ad = [4, 11, 16]
