no              #fail
592.266         #totTm
591.816         #lastADTm
4               #itDAD
1.000           #avItADGoal
775             #itADOpt
22              #opt
22              #optDA-AD
0.756           #tmDA
0.0             #relGain

V = [1, 2, 3, 4, 5, 6, 7, 8, 9, 10, 11, 12, 13, 14, 15, 16, 17, 18, 19, 20, 21, 22, 23, 24, 25, 26, 27, 28, 29, 30, 31, 32, 33, 34, 35, 36, 37, 38, 39, 40]
A = [(2, 1), (1, 2), (3, 1), (1, 3), (4, 3), (3, 4), (5, 3), (3, 5), (6, 4), (4, 6), (7, 4), (4, 7), (8, 6), (6, 8), (9, 7), (7, 9), (10, 6), (6, 10), (11, 7), (7, 11), (12, 7), (7, 12), (13, 8), (8, 13), (14, 1), (1, 14), (15, 10), (10, 15), (16, 7), (7, 16), (17, 13), (13, 17), (18, 12), (12, 18), (19, 3), (3, 19), (20, 17), (17, 20), (21, 13), (13, 21), (22, 13), (13, 22), (23, 4), (4, 23), (24, 12), (12, 24), (25, 1), (1, 25), (26, 15), (15, 26), (27, 19), (19, 27), (28, 5), (5, 28), (29, 16), (16, 29), (30, 13), (13, 30), (31, 22), (22, 31), (32, 7), (7, 32), (33, 21), (21, 33), (34, 25), (25, 34), (35, 11), (11, 35), (36, 10), (10, 36), (37, 26), (26, 37), (38, 36), (36, 38), (39, 14), (14, 39), (40, 19), (19, 40)]
Z_dad = [7]
Y_dad = [1, 10, 13]
X_dad = [3, 6, 15]
Z_da-ad = [7]
Y_da-ad = [1, 10, 13]
X_da-ad = [3, 6, 15]
