no              #fail
203.260         #totTm
201.839         #lastADTm
5               #itDAD
1.000           #avItADGoal
413             #itADOpt
23              #opt
22              #optDA-AD
0.475           #tmDA
4.3             #relGain

V = [1, 2, 3, 4, 5, 6, 7, 8, 9, 10, 11, 12, 13, 14, 15, 16, 17, 18, 19, 20, 21, 22, 23, 24, 25, 26, 27, 28, 29, 30, 31, 32, 33, 34, 35, 36, 37, 38, 39, 40]
A = [(2, 1), (1, 2), (3, 2), (2, 3), (4, 3), (3, 4), (5, 1), (1, 5), (6, 4), (4, 6), (7, 2), (2, 7), (8, 6), (6, 8), (9, 5), (5, 9), (10, 9), (9, 10), (11, 6), (6, 11), (12, 4), (4, 12), (13, 6), (6, 13), (14, 13), (13, 14), (15, 7), (7, 15), (16, 15), (15, 16), (17, 8), (8, 17), (18, 16), (16, 18), (19, 17), (17, 19), (20, 9), (9, 20), (21, 19), (19, 21), (22, 4), (4, 22), (23, 2), (2, 23), (24, 10), (10, 24), (25, 1), (1, 25), (26, 21), (21, 26), (27, 2), (2, 27), (28, 13), (13, 28), (29, 15), (15, 29), (30, 9), (9, 30), (31, 13), (13, 31), (32, 19), (19, 32), (33, 10), (10, 33), (34, 11), (11, 34), (35, 31), (31, 35), (36, 4), (4, 36), (37, 26), (26, 37), (38, 37), (37, 38), (39, 14), (14, 39), (40, 36), (36, 40)]
Z_dad = [2]
Y_dad = [5, 6, 7]
X_dad = [4, 8, 9]
Z_da-ad = [4]
Y_da-ad = [2, 13, 21]
X_da-ad = [1, 6, 7]
