no              #fail
98.929          #totTm
98.108          #lastADTm
5               #itDAD
1.000           #avItADGoal
253             #itADOpt
23              #opt
23              #optDA-AD
0.459           #tmDA
0.0             #relGain

V = [1, 2, 3, 4, 5, 6, 7, 8, 9, 10, 11, 12, 13, 14, 15, 16, 17, 18, 19, 20, 21, 22, 23, 24, 25, 26, 27, 28, 29, 30, 31, 32, 33, 34, 35, 36, 37, 38, 39, 40]
A = [(2, 1), (1, 2), (3, 2), (2, 3), (4, 3), (3, 4), (5, 3), (3, 5), (6, 3), (3, 6), (7, 2), (2, 7), (8, 7), (7, 8), (9, 4), (4, 9), (10, 9), (9, 10), (11, 10), (10, 11), (12, 1), (1, 12), (13, 2), (2, 13), (14, 4), (4, 14), (15, 4), (4, 15), (16, 12), (12, 16), (17, 7), (7, 17), (18, 10), (10, 18), (19, 15), (15, 19), (20, 7), (7, 20), (21, 14), (14, 21), (22, 13), (13, 22), (23, 17), (17, 23), (24, 16), (16, 24), (25, 12), (12, 25), (26, 9), (9, 26), (27, 18), (18, 27), (28, 9), (9, 28), (29, 7), (7, 29), (30, 26), (26, 30), (31, 21), (21, 31), (32, 14), (14, 32), (33, 32), (32, 33), (34, 16), (16, 34), (35, 8), (8, 35), (36, 19), (19, 36), (37, 25), (25, 37), (38, 23), (23, 38), (39, 5), (5, 39), (40, 12), (12, 40)]
Z_dad = [4]
Y_dad = [7, 10, 12]
X_dad = [2, 9, 17]
Z_da-ad = [4]
Y_da-ad = [7, 10, 12]
X_da-ad = [2, 9, 17]
