no              #fail
145.509         #totTm
144.329         #lastADTm
5               #itDAD
1.000           #avItADGoal
336             #itADOpt
23              #opt
20              #optDA-AD
0.73            #tmDA
13.0            #relGain

V = [1, 2, 3, 4, 5, 6, 7, 8, 9, 10, 11, 12, 13, 14, 15, 16, 17, 18, 19, 20, 21, 22, 23, 24, 25, 26, 27, 28, 29, 30, 31, 32, 33, 34, 35, 36, 37, 38, 39, 40]
A = [(2, 1), (1, 2), (3, 2), (2, 3), (4, 3), (3, 4), (5, 3), (3, 5), (6, 5), (5, 6), (7, 1), (1, 7), (8, 4), (4, 8), (9, 7), (7, 9), (10, 8), (8, 10), (11, 1), (1, 11), (12, 7), (7, 12), (13, 11), (11, 13), (14, 6), (6, 14), (15, 5), (5, 15), (16, 12), (12, 16), (17, 9), (9, 17), (18, 6), (6, 18), (19, 6), (6, 19), (20, 10), (10, 20), (21, 11), (11, 21), (22, 5), (5, 22), (23, 22), (22, 23), (24, 22), (22, 24), (25, 22), (22, 25), (26, 20), (20, 26), (27, 2), (2, 27), (28, 12), (12, 28), (29, 24), (24, 29), (30, 27), (27, 30), (31, 6), (6, 31), (32, 16), (16, 32), (33, 11), (11, 33), (34, 29), (29, 34), (35, 7), (7, 35), (36, 21), (21, 36), (37, 29), (29, 37), (38, 22), (22, 38), (39, 29), (29, 39), (40, 37), (37, 40)]
Z_dad = [7]
Y_dad = [2, 22, 32]
X_dad = [3, 5, 24]
Z_da-ad = [6]
Y_da-ad = [3, 7, 29]
X_da-ad = [1, 4, 22]
