no              #fail
590.488         #totTm
589.860         #lastADTm
5               #itDAD
1.000           #avItADGoal
734             #itADOpt
23              #opt
23              #optDA-AD
0.595           #tmDA
0.0             #relGain

V = [1, 2, 3, 4, 5, 6, 7, 8, 9, 10, 11, 12, 13, 14, 15, 16, 17, 18, 19, 20, 21, 22, 23, 24, 25, 26, 27, 28, 29, 30, 31, 32, 33, 34, 35, 36, 37, 38, 39, 40]
A = [(2, 1), (1, 2), (3, 2), (2, 3), (4, 3), (3, 4), (5, 4), (4, 5), (6, 3), (3, 6), (7, 2), (2, 7), (8, 4), (4, 8), (9, 4), (4, 9), (10, 5), (5, 10), (11, 3), (3, 11), (12, 9), (9, 12), (13, 8), (8, 13), (14, 1), (1, 14), (15, 6), (6, 15), (16, 11), (11, 16), (17, 7), (7, 17), (18, 14), (14, 18), (19, 1), (1, 19), (20, 12), (12, 20), (21, 20), (20, 21), (22, 4), (4, 22), (23, 21), (21, 23), (24, 20), (20, 24), (25, 5), (5, 25), (26, 4), (4, 26), (27, 16), (16, 27), (28, 2), (2, 28), (29, 24), (24, 29), (30, 7), (7, 30), (31, 27), (27, 31), (32, 19), (19, 32), (33, 21), (21, 33), (34, 27), (27, 34), (35, 1), (1, 35), (36, 5), (5, 36), (37, 33), (33, 37), (38, 22), (22, 38), (39, 20), (20, 39), (40, 9), (9, 40)]
Z_dad = [4]
Y_dad = [1, 11, 20]
X_dad = [2, 16, 21]
Z_da-ad = [4]
Y_da-ad = [1, 11, 20]
X_da-ad = [2, 16, 21]
