no              #fail
234.508         #totTm
233.846         #lastADTm
4               #itDAD
1.000           #avItADGoal
425             #itADOpt
22              #opt
21              #optDA-AD
0.309           #tmDA
4.5             #relGain

V = [1, 2, 3, 4, 5, 6, 7, 8, 9, 10, 11, 12, 13, 14, 15, 16, 17, 18, 19, 20, 21, 22, 23, 24, 25, 26, 27, 28, 29, 30, 31, 32, 33, 34, 35, 36, 37, 38, 39, 40]
A = [(2, 1), (1, 2), (3, 2), (2, 3), (4, 3), (3, 4), (5, 1), (1, 5), (6, 4), (4, 6), (7, 6), (6, 7), (8, 1), (1, 8), (9, 6), (6, 9), (10, 1), (1, 10), (11, 8), (8, 11), (12, 3), (3, 12), (13, 2), (2, 13), (14, 5), (5, 14), (15, 9), (9, 15), (16, 14), (14, 16), (17, 11), (11, 17), (18, 3), (3, 18), (19, 12), (12, 19), (20, 15), (15, 20), (21, 14), (14, 21), (22, 21), (21, 22), (23, 4), (4, 23), (24, 2), (2, 24), (25, 6), (6, 25), (26, 6), (6, 26), (27, 21), (21, 27), (28, 18), (18, 28), (29, 9), (9, 29), (30, 20), (20, 30), (31, 11), (11, 31), (32, 5), (5, 32), (33, 10), (10, 33), (34, 17), (17, 34), (35, 23), (23, 35), (36, 3), (3, 36), (37, 19), (19, 37), (38, 19), (19, 38), (39, 33), (33, 39), (40, 15), (15, 40)]
Z_dad = [3]
Y_dad = [1, 6, 37]
X_dad = [5, 8, 9]
Z_da-ad = [1]
Y_da-ad = [3, 9, 14]
X_da-ad = [6, 12, 15]
