no              #fail
498.607         #totTm
498.302         #lastADTm
3               #itDAD
1.000           #avItADGoal
684             #itADOpt
24              #opt
24              #optDA-AD
0.604           #tmDA
0.0             #relGain

V = [1, 2, 3, 4, 5, 6, 7, 8, 9, 10, 11, 12, 13, 14, 15, 16, 17, 18, 19, 20, 21, 22, 23, 24, 25, 26, 27, 28, 29, 30, 31, 32, 33, 34, 35, 36, 37, 38, 39, 40]
A = [(2, 1), (1, 2), (3, 2), (2, 3), (4, 3), (3, 4), (5, 1), (1, 5), (6, 5), (5, 6), (7, 6), (6, 7), (8, 5), (5, 8), (9, 7), (7, 9), (10, 2), (2, 10), (11, 9), (9, 11), (12, 1), (1, 12), (13, 5), (5, 13), (14, 5), (5, 14), (15, 9), (9, 15), (16, 7), (7, 16), (17, 1), (1, 17), (18, 12), (12, 18), (19, 13), (13, 19), (20, 11), (11, 20), (21, 10), (10, 21), (22, 1), (1, 22), (23, 18), (18, 23), (24, 20), (20, 24), (25, 14), (14, 25), (26, 5), (5, 26), (27, 26), (26, 27), (28, 8), (8, 28), (29, 4), (4, 29), (30, 25), (25, 30), (31, 13), (13, 31), (32, 17), (17, 32), (33, 18), (18, 33), (34, 2), (2, 34), (35, 13), (13, 35), (36, 3), (3, 36), (37, 15), (15, 37), (38, 36), (36, 38), (39, 36), (36, 39), (40, 34), (34, 40)]
Z_dad = [5]
Y_dad = [1, 9, 36]
X_dad = [2, 11, 12]
Z_da-ad = [5]
Y_da-ad = [1, 9, 36]
X_da-ad = [2, 11, 12]
