no              #fail
112.724         #totTm
111.084         #lastADTm
6               #itDAD
1.000           #avItADGoal
285             #itADOpt
24              #opt
23              #optDA-AD
0.569           #tmDA
4.2             #relGain

V = [1, 2, 3, 4, 5, 6, 7, 8, 9, 10, 11, 12, 13, 14, 15, 16, 17, 18, 19, 20, 21, 22, 23, 24, 25, 26, 27, 28, 29, 30, 31, 32, 33, 34, 35, 36, 37, 38, 39, 40]
A = [(2, 1), (1, 2), (3, 1), (1, 3), (4, 1), (1, 4), (5, 3), (3, 5), (6, 3), (3, 6), (7, 6), (6, 7), (8, 4), (4, 8), (9, 7), (7, 9), (10, 1), (1, 10), (11, 8), (8, 11), (12, 11), (11, 12), (13, 12), (12, 13), (14, 7), (7, 14), (15, 8), (8, 15), (16, 5), (5, 16), (17, 10), (10, 17), (18, 9), (9, 18), (19, 10), (10, 19), (20, 4), (4, 20), (21, 17), (17, 21), (22, 13), (13, 22), (23, 3), (3, 23), (24, 5), (5, 24), (25, 6), (6, 25), (26, 24), (24, 26), (27, 2), (2, 27), (28, 23), (23, 28), (29, 8), (8, 29), (30, 20), (20, 30), (31, 17), (17, 31), (32, 20), (20, 32), (33, 14), (14, 33), (34, 11), (11, 34), (35, 16), (16, 35), (36, 8), (8, 36), (37, 4), (4, 37), (38, 32), (32, 38), (39, 16), (16, 39), (40, 6), (6, 40)]
Z_dad = [4]
Y_dad = [3, 7, 11]
X_dad = [1, 5, 8]
Z_da-ad = [3]
Y_da-ad = [7, 8, 10]
X_da-ad = [1, 4, 11]
