no              #fail
294.917         #totTm
291.970         #lastADTm
8               #itDAD
1.000           #avItADGoal
642             #itADOpt
21              #opt
20              #optDA-AD
40.165          #tmDA
4.8             #relGain

V = [1, 2, 3, 4, 5, 6, 7, 8, 9, 10, 11, 12, 13, 14, 15, 16, 17, 18, 19, 20, 21, 22, 23, 24, 25, 26, 27, 28, 29, 30, 31, 32, 33, 34, 35, 36, 37, 38, 39, 40]
A = [(1, 39), (39, 1), (3, 12), (12, 3), (3, 39), (39, 3), (4, 11), (11, 4), (4, 12), (12, 4), (4, 13), (13, 4), (5, 15), (15, 5), (5, 30), (30, 5), (6, 36), (36, 6), (7, 13), (13, 7), (7, 28), (28, 7), (9, 29), (29, 9), (10, 25), (25, 10), (12, 21), (21, 12), (12, 30), (30, 12), (13, 20), (20, 13), (13, 24), (24, 13), (13, 30), (30, 13), (15, 23), (23, 15), (16, 22), (22, 16), (18, 22), (22, 18), (18, 28), (28, 18), (18, 39), (39, 18), (20, 38), (38, 20), (21, 22), (22, 21), (21, 40), (40, 21), (22, 38), (38, 22), (22, 39), (39, 22), (25, 28), (28, 25), (25, 33), (33, 25), (27, 38), (38, 27), (30, 32), (32, 30), (30, 37), (37, 30), (32, 33), (33, 32), (32, 39), (39, 32), (34, 35), (35, 34), (36, 37), (37, 36), (37, 39), (39, 37), (37, 40), (40, 37)]
Z_dad = [13, 22, 39]
Y_dad = [20, 28, 30]
X_dad = [12]
Z_da-ad = [25, 30, 39]
Y_da-ad = [13, 15, 37]
X_da-ad = [4]
