no              #fail
49.089          #totTm
44.753          #lastADTm
10              #itDAD
1.000           #avItADGoal
255             #itADOpt
21              #opt
18              #optDA-AD
15.681          #tmDA
14.3            #relGain

V = [1, 2, 3, 4, 5, 6, 7, 8, 9, 10, 11, 12, 13, 14, 15, 16, 17, 18, 19, 20, 21, 22, 23, 24, 25, 26, 27, 28, 29, 30, 31, 32, 33, 34, 35, 36, 37, 38, 39, 40]
A = [(1, 39), (39, 1), (1, 40), (40, 1), (2, 34), (34, 2), (2, 39), (39, 2), (3, 16), (16, 3), (4, 5), (5, 4), (4, 14), (14, 4), (4, 15), (15, 4), (4, 21), (21, 4), (4, 33), (33, 4), (5, 18), (18, 5), (5, 21), (21, 5), (5, 30), (30, 5), (6, 20), (20, 6), (8, 32), (32, 8), (9, 32), (32, 9), (11, 23), (23, 11), (12, 19), (19, 12), (15, 29), (29, 15), (15, 38), (38, 15), (16, 22), (22, 16), (17, 30), (30, 17), (17, 34), (34, 17), (17, 36), (36, 17), (18, 20), (20, 18), (18, 23), (23, 18), (19, 25), (25, 19), (20, 32), (32, 20), (21, 29), (29, 21), (22, 23), (23, 22), (22, 27), (27, 22), (22, 34), (34, 22), (23, 25), (25, 23), (26, 27), (27, 26), (28, 35), (35, 28), (30, 32), (32, 30), (31, 33), (33, 31), (31, 39), (39, 31), (35, 40), (40, 35)]
Z_dad = [18, 22, 30]
Y_dad = [25, 38, 39]
X_dad = [1]
Z_da-ad = [18, 22, 32]
Y_da-ad = [4, 25, 40]
X_da-ad = [15]
