no              #fail
3.493           #totTm
0.787           #lastADTm
3               #itDAD
1.000           #avItADGoal
8               #itADOpt
8               #opt
8               #optDA-AD
0.767           #tmDA
0.0             #relGain

V = [1, 2, 3, 4, 5, 6, 7, 8, 9, 10, 11, 12, 13, 14, 15, 16, 17, 18, 19, 20, 21, 22, 23, 24, 25, 26, 27, 28, 29, 30, 31, 32, 33, 34, 35, 36, 37, 38, 39, 40, 41, 42, 43, 44, 45, 46, 47, 48, 49, 50, 51, 52, 53, 54, 55, 56, 57, 58, 59, 60, 61, 62, 63, 64, 65, 66, 67, 68, 69, 70, 71, 72, 73, 74, 75, 76, 77, 78, 79, 80]
A = [(1, 6), (6, 1), (1, 37), (37, 1), (1, 64), (64, 1), (1, 65), (65, 1), (1, 68), (68, 1), (2, 16), (16, 2), (2, 22), (22, 2), (2, 33), (33, 2), (2, 61), (61, 2), (2, 69), (69, 2), (3, 12), (12, 3), (3, 18), (18, 3), (3, 51), (51, 3), (3, 55), (55, 3), (4, 14), (14, 4), (5, 26), (26, 5), (5, 31), (31, 5), (5, 34), (34, 5), (5, 42), (42, 5), (5, 65), (65, 5), (5, 71), (71, 5), (6, 15), (15, 6), (6, 44), (44, 6), (7, 21), (21, 7), (7, 51), (51, 7), (7, 55), (55, 7), (7, 58), (58, 7), (7, 62), (62, 7), (7, 70), (70, 7), (7, 76), (76, 7), (8, 13), (13, 8), (8, 32), (32, 8), (9, 10), (10, 9), (9, 19), (19, 9), (9, 79), (79, 9), (10, 19), (19, 10), (10, 28), (28, 10), (10, 32), (32, 10), (10, 41), (41, 10), (11, 17), (17, 11), (11, 75), (75, 11), (13, 26), (26, 13), (13, 58), (58, 13), (13, 70), (70, 13), (13, 72), (72, 13), (15, 19), (19, 15), (15, 36), (36, 15), (15, 48), (48, 15), (16, 18), (18, 16), (16, 58), (58, 16), (17, 18), (18, 17), (17, 30), (30, 17), (17, 34), (34, 17), (17, 37), (37, 17), (17, 46), (46, 17), (17, 57), (57, 17), (17, 68), (68, 17), (18, 21), (21, 18), (18, 35), (35, 18), (18, 54), (54, 18), (19, 33), (33, 19), (19, 44), (44, 19), (19, 69), (69, 19), (19, 74), (74, 19), (20, 46), (46, 20), (20, 61), (61, 20), (21, 36), (36, 21), (21, 38), (38, 21), (21, 46), (46, 21), (21, 52), (52, 21), (21, 56), (56, 21), (21, 57), (57, 21), (22, 36), (36, 22), (22, 49), (49, 22), (22, 67), (67, 22), (23, 66), (66, 23), (24, 70), (70, 24), (24, 74), (74, 24), (25, 26), (26, 25), (25, 55), (55, 25), (25, 66), (66, 25), (25, 68), (68, 25), (25, 71), (71, 25), (26, 41), (41, 26), (26, 55), (55, 26), (26, 62), (62, 26), (27, 37), (37, 27), (27, 71), (71, 27), (27, 73), (73, 27), (28, 36), (36, 28), (28, 39), (39, 28), (28, 62), (62, 28), (30, 43), (43, 30), (30, 52), (52, 30), (30, 76), (76, 30), (32, 54), (54, 32), (33, 46), (46, 33), (33, 77), (77, 33), (34, 47), (47, 34), (34, 53), (53, 34), (34, 54), (54, 34), (35, 52), (52, 35), (36, 49), (49, 36), (36, 53), (53, 36), (36, 75), (75, 36), (37, 44), (44, 37), (37, 51), (51, 37), (37, 59), (59, 37), (37, 64), (64, 37), (38, 50), (50, 38), (40, 49), (49, 40), (40, 50), (50, 40), (40, 59), (59, 40), (40, 60), (60, 40), (40, 78), (78, 40), (41, 54), (54, 41), (41, 61), (61, 41), (41, 74), (74, 41), (42, 61), (61, 42), (42, 74), (74, 42), (43, 73), (73, 43), (44, 52), (52, 44), (44, 72), (72, 44), (44, 76), (76, 44), (45, 47), (47, 45), (45, 66), (66, 45), (45, 75), (75, 45), (46, 53), (53, 46), (47, 62), (62, 47), (47, 74), (74, 47), (48, 64), (64, 48), (49, 53), (53, 49), (50, 78), (78, 50), (51, 54), (54, 51), (51, 63), (63, 51), (51, 71), (71, 51), (53, 54), (54, 53), (53, 63), (63, 53), (54, 70), (70, 54), (55, 78), (78, 55), (57, 59), (59, 57), (57, 65), (65, 57), (58, 66), (66, 58), (59, 66), (66, 59), (59, 79), (79, 59), (60, 64), (64, 60), (62, 66), (66, 62), (64, 78), (78, 64), (68, 71), (71, 68), (69, 70), (70, 69), (69, 78), (78, 69), (70, 79), (79, 70), (71, 75), (75, 71), (72, 76), (76, 72), (73, 79), (79, 73), (74, 75), (75, 74), (75, 77), (77, 75), (76, 79), (79, 76)]
Z_dad = [21]
Y_dad = [17]
X_dad = [3]
Z_da-ad = [3]
Y_da-ad = [21]
X_da-ad = [5]
