no              #fail
17.930          #totTm
0.567           #lastADTm
7               #itDAD
1.667           #avItADGoal
7               #itADOpt
6               #opt
6               #optDA-AD
0.728           #tmDA
0.0             #relGain

V = [1, 2, 3, 4, 5, 6, 7, 8, 9, 10, 11, 12, 13, 14, 15, 16, 17, 18, 19, 20, 21, 22, 23, 24, 25, 26, 27, 28, 29, 30, 31, 32, 33, 34, 35, 36, 37, 38, 39, 40, 41, 42, 43, 44, 45, 46, 47, 48, 49, 50, 51, 52, 53, 54, 55, 56, 57, 58, 59, 60, 61, 62, 63, 64, 65, 66, 67, 68, 69, 70, 71, 72, 73, 74, 75, 76, 77, 78, 79, 80]
A = [(1, 8), (8, 1), (1, 20), (20, 1), (1, 36), (36, 1), (1, 52), (52, 1), (2, 4), (4, 2), (2, 44), (44, 2), (2, 52), (52, 2), (2, 62), (62, 2), (2, 80), (80, 2), (3, 17), (17, 3), (3, 23), (23, 3), (3, 43), (43, 3), (3, 45), (45, 3), (3, 46), (46, 3), (3, 72), (72, 3), (3, 73), (73, 3), (3, 76), (76, 3), (4, 35), (35, 4), (4, 42), (42, 4), (5, 12), (12, 5), (5, 78), (78, 5), (6, 32), (32, 6), (6, 44), (44, 6), (6, 67), (67, 6), (6, 71), (71, 6), (6, 73), (73, 6), (7, 23), (23, 7), (7, 61), (61, 7), (7, 66), (66, 7), (7, 67), (67, 7), (8, 15), (15, 8), (8, 23), (23, 8), (8, 34), (34, 8), (8, 50), (50, 8), (8, 75), (75, 8), (9, 17), (17, 9), (9, 21), (21, 9), (9, 38), (38, 9), (10, 36), (36, 10), (10, 60), (60, 10), (11, 13), (13, 11), (11, 22), (22, 11), (11, 59), (59, 11), (11, 60), (60, 11), (11, 63), (63, 11), (11, 68), (68, 11), (11, 78), (78, 11), (12, 29), (29, 12), (12, 35), (35, 12), (12, 63), (63, 12), (13, 46), (46, 13), (13, 62), (62, 13), (14, 19), (19, 14), (14, 49), (49, 14), (14, 51), (51, 14), (14, 79), (79, 14), (15, 17), (17, 15), (15, 62), (62, 15), (15, 63), (63, 15), (16, 39), (39, 16), (16, 66), (66, 16), (16, 67), (67, 16), (16, 73), (73, 16), (16, 78), (78, 16), (17, 29), (29, 17), (17, 42), (42, 17), (17, 51), (51, 17), (17, 79), (79, 17), (18, 31), (31, 18), (18, 32), (32, 18), (18, 48), (48, 18), (20, 39), (39, 20), (20, 45), (45, 20), (20, 58), (58, 20), (20, 61), (61, 20), (21, 25), (25, 21), (21, 42), (42, 21), (21, 59), (59, 21), (21, 67), (67, 21), (23, 26), (26, 23), (23, 56), (56, 23), (23, 77), (77, 23), (23, 79), (79, 23), (24, 79), (79, 24), (25, 39), (39, 25), (25, 44), (44, 25), (25, 50), (50, 25), (25, 61), (61, 25), (26, 30), (30, 26), (26, 32), (32, 26), (26, 75), (75, 26), (27, 46), (46, 27), (28, 51), (51, 28), (29, 62), (62, 29), (29, 66), (66, 29), (29, 67), (67, 29), (29, 77), (77, 29), (30, 33), (33, 30), (30, 39), (39, 30), (30, 43), (43, 30), (30, 45), (45, 30), (31, 41), (41, 31), (31, 52), (52, 31), (31, 58), (58, 31), (31, 63), (63, 31), (31, 69), (69, 31), (31, 70), (70, 31), (32, 53), (53, 32), (32, 60), (60, 32), (32, 62), (62, 32), (32, 80), (80, 32), (33, 36), (36, 33), (33, 61), (61, 33), (33, 67), (67, 33), (34, 54), (54, 34), (34, 56), (56, 34), (36, 64), (64, 36), (37, 60), (60, 37), (37, 66), (66, 37), (37, 69), (69, 37), (37, 70), (70, 37), (38, 43), (43, 38), (38, 61), (61, 38), (39, 68), (68, 39), (40, 54), (54, 40), (40, 59), (59, 40), (42, 56), (56, 42), (42, 63), (63, 42), (42, 73), (73, 42), (43, 54), (54, 43), (43, 63), (63, 43), (43, 69), (69, 43), (43, 71), (71, 43), (45, 53), (53, 45), (45, 70), (70, 45), (46, 58), (58, 46), (46, 64), (64, 46), (46, 66), (66, 46), (47, 59), (59, 47), (49, 52), (52, 49), (49, 60), (60, 49), (49, 64), (64, 49), (50, 59), (59, 50), (50, 69), (69, 50), (51, 52), (52, 51), (51, 75), (75, 51), (54, 58), (58, 54), (54, 67), (67, 54), (54, 69), (69, 54), (54, 78), (78, 54), (55, 66), (66, 55), (57, 68), (68, 57), (58, 67), (67, 58), (61, 66), (66, 61), (62, 79), (79, 62), (67, 71), (71, 67), (70, 76), (76, 70), (75, 80), (80, 75)]
Z_dad = [31]
Y_dad = [32]
X_dad = [18]
Z_da-ad = [14]
Y_da-ad = [31]
X_da-ad = [18]
