no              #fail
5.976           #totTm
0.568           #lastADTm
5               #itDAD
1.500           #avItADGoal
6               #itADOpt
6               #opt
6               #optDA-AD
0.754           #tmDA
0.0             #relGain

V = [1, 2, 3, 4, 5, 6, 7, 8, 9, 10, 11, 12, 13, 14, 15, 16, 17, 18, 19, 20, 21, 22, 23, 24, 25, 26, 27, 28, 29, 30, 31, 32, 33, 34, 35, 36, 37, 38, 39, 40, 41, 42, 43, 44, 45, 46, 47, 48, 49, 50, 51, 52, 53, 54, 55, 56, 57, 58, 59, 60, 61, 62, 63, 64, 65, 66, 67, 68, 69, 70, 71, 72, 73, 74, 75, 76, 77, 78, 79, 80]
A = [(1, 6), (6, 1), (1, 60), (60, 1), (1, 66), (66, 1), (1, 71), (71, 1), (2, 45), (45, 2), (2, 61), (61, 2), (2, 67), (67, 2), (3, 15), (15, 3), (3, 35), (35, 3), (3, 56), (56, 3), (4, 9), (9, 4), (4, 59), (59, 4), (5, 23), (23, 5), (5, 34), (34, 5), (5, 47), (47, 5), (5, 80), (80, 5), (6, 30), (30, 6), (6, 36), (36, 6), (7, 38), (38, 7), (7, 75), (75, 7), (8, 21), (21, 8), (8, 25), (25, 8), (8, 33), (33, 8), (8, 55), (55, 8), (9, 16), (16, 9), (9, 49), (49, 9), (9, 53), (53, 9), (9, 70), (70, 9), (9, 73), (73, 9), (10, 23), (23, 10), (10, 29), (29, 10), (10, 59), (59, 10), (11, 16), (16, 11), (12, 15), (15, 12), (12, 29), (29, 12), (12, 74), (74, 12), (13, 46), (46, 13), (13, 56), (56, 13), (13, 59), (59, 13), (14, 21), (21, 14), (14, 25), (25, 14), (14, 26), (26, 14), (14, 48), (48, 14), (14, 52), (52, 14), (14, 73), (73, 14), (15, 17), (17, 15), (15, 24), (24, 15), (15, 58), (58, 15), (16, 22), (22, 16), (16, 34), (34, 16), (16, 63), (63, 16), (16, 77), (77, 16), (17, 65), (65, 17), (17, 66), (66, 17), (18, 33), (33, 18), (18, 55), (55, 18), (18, 63), (63, 18), (18, 74), (74, 18), (19, 59), (59, 19), (20, 51), (51, 20), (21, 22), (22, 21), (21, 28), (28, 21), (21, 31), (31, 21), (23, 44), (44, 23), (23, 48), (48, 23), (23, 53), (53, 23), (23, 57), (57, 23), (24, 34), (34, 24), (24, 35), (35, 24), (24, 46), (46, 24), (24, 48), (48, 24), (24, 69), (69, 24), (25, 59), (59, 25), (25, 68), (68, 25), (25, 70), (70, 25), (26, 32), (32, 26), (26, 49), (49, 26), (26, 53), (53, 26), (26, 66), (66, 26), (26, 69), (69, 26), (27, 58), (58, 27), (27, 67), (67, 27), (29, 31), (31, 29), (29, 42), (42, 29), (29, 56), (56, 29), (29, 60), (60, 29), (29, 71), (71, 29), (30, 37), (37, 30), (30, 48), (48, 30), (30, 57), (57, 30), (31, 72), (72, 31), (32, 58), (58, 32), (32, 67), (67, 32), (33, 40), (40, 33), (33, 44), (44, 33), (33, 47), (47, 33), (33, 58), (58, 33), (33, 69), (69, 33), (34, 63), (63, 34), (34, 75), (75, 34), (35, 66), (66, 35), (36, 58), (58, 36), (36, 71), (71, 36), (37, 48), (48, 37), (37, 77), (77, 37), (38, 55), (55, 38), (38, 57), (57, 38), (39, 48), (48, 39), (39, 69), (69, 39), (40, 54), (54, 40), (40, 63), (63, 40), (40, 70), (70, 40), (40, 79), (79, 40), (41, 46), (46, 41), (41, 52), (52, 41), (43, 50), (50, 43), (43, 51), (51, 43), (45, 78), (78, 45), (46, 52), (52, 46), (46, 57), (57, 46), (46, 66), (66, 46), (46, 68), (68, 46), (47, 73), (73, 47), (48, 52), (52, 48), (48, 57), (57, 48), (48, 62), (62, 48), (48, 66), (66, 48), (48, 69), (69, 48), (50, 57), (57, 50), (50, 74), (74, 50), (51, 56), (56, 51), (51, 63), (63, 51), (53, 55), (55, 53), (53, 61), (61, 53), (53, 65), (65, 53), (54, 77), (77, 54), (54, 79), (79, 54), (55, 58), (58, 55), (55, 77), (77, 55), (56, 69), (69, 56), (56, 72), (72, 56), (57, 59), (59, 57), (58, 66), (66, 58), (59, 72), (72, 59), (59, 74), (74, 59), (59, 75), (75, 59), (63, 69), (69, 63), (63, 70), (70, 63), (65, 72), (72, 65), (66, 80), (80, 66), (68, 80), (80, 68), (69, 73), (73, 69), (69, 74), (74, 69), (69, 75), (75, 69), (71, 79), (79, 71), (73, 78), (78, 73), (74, 80), (80, 74), (75, 79), (79, 75)]
Z_dad = [21]
Y_dad = [16]
X_dad = [48]
Z_da-ad = [16]
Y_da-ad = [21]
X_da-ad = [59]
