no              #fail
2.373           #totTm
0.648           #lastADTm
3               #itDAD
1.000           #avItADGoal
8               #itADOpt
8               #opt
8               #optDA-AD
0.796           #tmDA
0.0             #relGain

V = [1, 2, 3, 4, 5, 6, 7, 8, 9, 10, 11, 12, 13, 14, 15, 16, 17, 18, 19, 20, 21, 22, 23, 24, 25, 26, 27, 28, 29, 30, 31, 32, 33, 34, 35, 36, 37, 38, 39, 40, 41, 42, 43, 44, 45, 46, 47, 48, 49, 50, 51, 52, 53, 54, 55, 56, 57, 58, 59, 60, 61, 62, 63, 64, 65, 66, 67, 68, 69, 70, 71, 72, 73, 74, 75, 76, 77, 78, 79, 80]
A = [(1, 48), (48, 1), (1, 54), (54, 1), (2, 5), (5, 2), (2, 28), (28, 2), (2, 54), (54, 2), (2, 59), (59, 2), (3, 6), (6, 3), (3, 7), (7, 3), (3, 18), (18, 3), (3, 22), (22, 3), (3, 40), (40, 3), (3, 76), (76, 3), (4, 16), (16, 4), (4, 17), (17, 4), (4, 41), (41, 4), (4, 77), (77, 4), (5, 10), (10, 5), (5, 31), (31, 5), (5, 42), (42, 5), (5, 52), (52, 5), (5, 60), (60, 5), (5, 66), (66, 5), (5, 68), (68, 5), (6, 9), (9, 6), (6, 14), (14, 6), (6, 31), (31, 6), (6, 44), (44, 6), (6, 75), (75, 6), (7, 18), (18, 7), (7, 73), (73, 7), (7, 74), (74, 7), (8, 21), (21, 8), (8, 35), (35, 8), (8, 43), (43, 8), (8, 45), (45, 8), (8, 46), (46, 8), (8, 73), (73, 8), (9, 31), (31, 9), (9, 35), (35, 9), (9, 38), (38, 9), (9, 59), (59, 9), (9, 66), (66, 9), (10, 20), (20, 10), (11, 29), (29, 11), (11, 38), (38, 11), (11, 42), (42, 11), (11, 71), (71, 11), (12, 22), (22, 12), (12, 70), (70, 12), (12, 77), (77, 12), (13, 15), (15, 13), (13, 48), (48, 13), (13, 55), (55, 13), (13, 74), (74, 13), (13, 75), (75, 13), (14, 30), (30, 14), (14, 35), (35, 14), (14, 49), (49, 14), (14, 66), (66, 14), (14, 70), (70, 14), (14, 76), (76, 14), (15, 69), (69, 15), (15, 75), (75, 15), (16, 38), (38, 16), (16, 50), (50, 16), (16, 77), (77, 16), (17, 32), (32, 17), (17, 72), (72, 17), (17, 74), (74, 17), (18, 38), (38, 18), (18, 60), (60, 18), (19, 36), (36, 19), (20, 34), (34, 20), (20, 36), (36, 20), (20, 42), (42, 20), (21, 46), (46, 21), (21, 53), (53, 21), (22, 24), (24, 22), (22, 79), (79, 22), (23, 27), (27, 23), (23, 50), (50, 23), (23, 53), (53, 23), (23, 70), (70, 23), (23, 77), (77, 23), (24, 28), (28, 24), (24, 44), (44, 24), (24, 53), (53, 24), (26, 41), (41, 26), (26, 59), (59, 26), (27, 30), (30, 27), (27, 50), (50, 27), (27, 60), (60, 27), (28, 33), (33, 28), (28, 65), (65, 28), (29, 50), (50, 29), (29, 52), (52, 29), (30, 68), (68, 30), (30, 72), (72, 30), (31, 53), (53, 31), (31, 55), (55, 31), (31, 72), (72, 31), (32, 33), (33, 32), (32, 41), (41, 32), (32, 55), (55, 32), (32, 58), (58, 32), (33, 67), (67, 33), (33, 76), (76, 33), (34, 38), (38, 34), (34, 43), (43, 34), (34, 44), (44, 34), (34, 48), (48, 34), (34, 53), (53, 34), (34, 54), (54, 34), (35, 53), (53, 35), (35, 72), (72, 35), (36, 46), (46, 36), (36, 58), (58, 36), (36, 67), (67, 36), (38, 70), (70, 38), (39, 42), (42, 39), (39, 44), (44, 39), (41, 59), (59, 41), (41, 65), (65, 41), (41, 68), (68, 41), (42, 58), (58, 42), (44, 60), (60, 44), (44, 68), (68, 44), (45, 75), (75, 45), (46, 51), (51, 46), (46, 62), (62, 46), (47, 55), (55, 47), (47, 57), (57, 47), (47, 69), (69, 47), (47, 78), (78, 47), (48, 55), (55, 48), (48, 56), (56, 48), (48, 72), (72, 48), (49, 59), (59, 49), (49, 73), (73, 49), (50, 52), (52, 50), (50, 55), (55, 50), (51, 79), (79, 51), (52, 58), (58, 52), (52, 69), (69, 52), (54, 80), (80, 54), (55, 58), (58, 55), (57, 62), (62, 57), (58, 63), (63, 58), (58, 65), (65, 58), (58, 70), (70, 58), (59, 78), (78, 59), (59, 79), (79, 59), (63, 80), (80, 63), (66, 68), (68, 66), (69, 75), (75, 69), (72, 73), (73, 72), (73, 75), (75, 73), (76, 79), (79, 76)]
Z_dad = [36]
Y_dad = [5]
X_dad = [48]
Z_da-ad = [11]
Y_da-ad = [1]
X_da-ad = [3]
