no              #fail
5.227           #totTm
0.568           #lastADTm
4               #itDAD
1.333           #avItADGoal
7               #itADOpt
8               #opt
8               #optDA-AD
0.735           #tmDA
0.0             #relGain

V = [1, 2, 3, 4, 5, 6, 7, 8, 9, 10, 11, 12, 13, 14, 15, 16, 17, 18, 19, 20, 21, 22, 23, 24, 25, 26, 27, 28, 29, 30, 31, 32, 33, 34, 35, 36, 37, 38, 39, 40, 41, 42, 43, 44, 45, 46, 47, 48, 49, 50, 51, 52, 53, 54, 55, 56, 57, 58, 59, 60, 61, 62, 63, 64, 65, 66, 67, 68, 69, 70, 71, 72, 73, 74, 75, 76, 77, 78, 79, 80]
A = [(1, 21), (21, 1), (1, 52), (52, 1), (1, 59), (59, 1), (1, 61), (61, 1), (1, 66), (66, 1), (1, 72), (72, 1), (1, 77), (77, 1), (1, 78), (78, 1), (2, 12), (12, 2), (2, 22), (22, 2), (2, 31), (31, 2), (2, 33), (33, 2), (2, 59), (59, 2), (2, 70), (70, 2), (3, 40), (40, 3), (3, 54), (54, 3), (3, 56), (56, 3), (3, 63), (63, 3), (3, 65), (65, 3), (3, 70), (70, 3), (4, 8), (8, 4), (4, 37), (37, 4), (4, 68), (68, 4), (5, 28), (28, 5), (5, 38), (38, 5), (5, 47), (47, 5), (5, 59), (59, 5), (5, 77), (77, 5), (5, 78), (78, 5), (6, 7), (7, 6), (6, 54), (54, 6), (6, 76), (76, 6), (6, 78), (78, 6), (7, 8), (8, 7), (7, 10), (10, 7), (7, 43), (43, 7), (7, 75), (75, 7), (7, 77), (77, 7), (8, 51), (51, 8), (8, 66), (66, 8), (8, 80), (80, 8), (9, 32), (32, 9), (9, 45), (45, 9), (9, 48), (48, 9), (9, 72), (72, 9), (9, 79), (79, 9), (10, 31), (31, 10), (10, 63), (63, 10), (10, 64), (64, 10), (11, 28), (28, 11), (11, 32), (32, 11), (12, 53), (53, 12), (12, 56), (56, 12), (13, 59), (59, 13), (13, 67), (67, 13), (13, 76), (76, 13), (14, 17), (17, 14), (14, 48), (48, 14), (14, 66), (66, 14), (14, 68), (68, 14), (15, 20), (20, 15), (15, 48), (48, 15), (15, 61), (61, 15), (15, 69), (69, 15), (15, 80), (80, 15), (16, 35), (35, 16), (16, 53), (53, 16), (16, 54), (54, 16), (17, 35), (35, 17), (17, 52), (52, 17), (17, 54), (54, 17), (18, 24), (24, 18), (18, 25), (25, 18), (18, 59), (59, 18), (19, 30), (30, 19), (19, 70), (70, 19), (20, 24), (24, 20), (20, 77), (77, 20), (22, 25), (25, 22), (22, 48), (48, 22), (22, 64), (64, 22), (22, 70), (70, 22), (23, 46), (46, 23), (24, 33), (33, 24), (24, 45), (45, 24), (24, 60), (60, 24), (24, 66), (66, 24), (24, 69), (69, 24), (24, 78), (78, 24), (25, 43), (43, 25), (25, 44), (44, 25), (25, 73), (73, 25), (25, 80), (80, 25), (26, 27), (27, 26), (26, 49), (49, 26), (27, 35), (35, 27), (27, 65), (65, 27), (28, 37), (37, 28), (28, 46), (46, 28), (28, 51), (51, 28), (29, 79), (79, 29), (30, 70), (70, 30), (31, 37), (37, 31), (31, 44), (44, 31), (31, 45), (45, 31), (31, 46), (46, 31), (31, 65), (65, 31), (32, 37), (37, 32), (32, 52), (52, 32), (32, 80), (80, 32), (33, 55), (55, 33), (33, 60), (60, 33), (33, 66), (66, 33), (34, 40), (40, 34), (34, 47), (47, 34), (34, 65), (65, 34), (35, 37), (37, 35), (37, 65), (65, 37), (37, 68), (68, 37), (38, 43), (43, 38), (39, 66), (66, 39), (39, 68), (68, 39), (40, 58), (58, 40), (40, 68), (68, 40), (40, 74), (74, 40), (41, 58), (58, 41), (42, 47), (47, 42), (42, 48), (48, 42), (42, 52), (52, 42), (42, 71), (71, 42), (43, 49), (49, 43), (43, 65), (65, 43), (44, 66), (66, 44), (45, 72), (72, 45), (46, 51), (51, 46), (47, 58), (58, 47), (47, 60), (60, 47), (47, 78), (78, 47), (48, 68), (68, 48), (49, 78), (78, 49), (50, 55), (55, 50), (50, 69), (69, 50), (52, 66), (66, 52), (52, 71), (71, 52), (54, 75), (75, 54), (55, 58), (58, 55), (56, 69), (69, 56), (58, 70), (70, 58), (58, 75), (75, 58), (58, 79), (79, 58), (60, 76), (76, 60), (63, 80), (80, 63), (64, 78), (78, 64), (65, 71), (71, 65), (67, 69), (69, 67), (68, 78), (78, 68), (72, 74), (74, 72), (74, 80), (80, 74)]
Z_dad = [58]
Y_dad = [78]
X_dad = [9]
Z_da-ad = [70]
Y_da-ad = [1]
X_da-ad = [46]
