no              #fail
7.881           #totTm
0.849           #lastADTm
5               #itDAD
1.500           #avItADGoal
8               #itADOpt
7               #opt
7               #optDA-AD
0.677           #tmDA
0.0             #relGain

V = [1, 2, 3, 4, 5, 6, 7, 8, 9, 10, 11, 12, 13, 14, 15, 16, 17, 18, 19, 20, 21, 22, 23, 24, 25, 26, 27, 28, 29, 30, 31, 32, 33, 34, 35, 36, 37, 38, 39, 40, 41, 42, 43, 44, 45, 46, 47, 48, 49, 50, 51, 52, 53, 54, 55, 56, 57, 58, 59, 60, 61, 62, 63, 64, 65, 66, 67, 68, 69, 70, 71, 72, 73, 74, 75, 76, 77, 78, 79, 80]
A = [(1, 8), (8, 1), (1, 11), (11, 1), (1, 63), (63, 1), (1, 71), (71, 1), (2, 51), (51, 2), (2, 61), (61, 2), (3, 25), (25, 3), (3, 52), (52, 3), (3, 66), (66, 3), (4, 18), (18, 4), (4, 32), (32, 4), (4, 48), (48, 4), (4, 58), (58, 4), (4, 70), (70, 4), (5, 7), (7, 5), (5, 22), (22, 5), (5, 29), (29, 5), (5, 64), (64, 5), (6, 15), (15, 6), (6, 50), (50, 6), (6, 61), (61, 6), (6, 64), (64, 6), (6, 74), (74, 6), (7, 15), (15, 7), (7, 40), (40, 7), (7, 52), (52, 7), (7, 55), (55, 7), (7, 74), (74, 7), (8, 25), (25, 8), (8, 59), (59, 8), (9, 36), (36, 9), (9, 42), (42, 9), (9, 68), (68, 9), (10, 48), (48, 10), (10, 74), (74, 10), (10, 78), (78, 10), (11, 62), (62, 11), (11, 75), (75, 11), (11, 76), (76, 11), (12, 29), (29, 12), (13, 68), (68, 13), (13, 76), (76, 13), (14, 30), (30, 14), (14, 41), (41, 14), (14, 76), (76, 14), (15, 33), (33, 15), (15, 35), (35, 15), (15, 43), (43, 15), (15, 44), (44, 15), (15, 64), (64, 15), (15, 66), (66, 15), (15, 71), (71, 15), (15, 75), (75, 15), (16, 32), (32, 16), (16, 62), (62, 16), (16, 69), (69, 16), (17, 23), (23, 17), (17, 40), (40, 17), (17, 42), (42, 17), (18, 23), (23, 18), (18, 47), (47, 18), (18, 48), (48, 18), (18, 51), (51, 18), (18, 63), (63, 18), (19, 21), (21, 19), (19, 24), (24, 19), (19, 26), (26, 19), (19, 29), (29, 19), (19, 45), (45, 19), (19, 47), (47, 19), (19, 80), (80, 19), (20, 37), (37, 20), (21, 60), (60, 21), (21, 62), (62, 21), (22, 34), (34, 22), (23, 31), (31, 23), (23, 39), (39, 23), (23, 42), (42, 23), (23, 53), (53, 23), (24, 29), (29, 24), (24, 42), (42, 24), (24, 46), (46, 24), (24, 56), (56, 24), (24, 63), (63, 24), (27, 34), (34, 27), (27, 44), (44, 27), (27, 51), (51, 27), (27, 68), (68, 27), (28, 72), (72, 28), (29, 42), (42, 29), (29, 62), (62, 29), (30, 41), (41, 30), (30, 44), (44, 30), (30, 56), (56, 30), (30, 62), (62, 30), (31, 69), (69, 31), (32, 37), (37, 32), (32, 38), (38, 32), (32, 53), (53, 32), (32, 67), (67, 32), (32, 68), (68, 32), (33, 45), (45, 33), (34, 51), (51, 34), (35, 40), (40, 35), (35, 58), (58, 35), (35, 59), (59, 35), (35, 74), (74, 35), (35, 76), (76, 35), (36, 38), (38, 36), (36, 43), (43, 36), (36, 55), (55, 36), (36, 78), (78, 36), (38, 52), (52, 38), (38, 62), (62, 38), (38, 64), (64, 38), (39, 50), (50, 39), (39, 58), (58, 39), (40, 66), (66, 40), (41, 42), (42, 41), (42, 47), (47, 42), (42, 49), (49, 42), (42, 75), (75, 42), (44, 74), (74, 44), (45, 49), (49, 45), (46, 54), (54, 46), (46, 56), (56, 46), (46, 66), (66, 46), (46, 73), (73, 46), (47, 71), (71, 47), (47, 78), (78, 47), (48, 61), (61, 48), (49, 71), (71, 49), (50, 80), (80, 50), (51, 56), (56, 51), (51, 67), (67, 51), (53, 55), (55, 53), (53, 77), (77, 53), (54, 59), (59, 54), (55, 59), (59, 55), (56, 62), (62, 56), (57, 66), (66, 57), (57, 79), (79, 57), (58, 70), (70, 58), (59, 78), (78, 59), (60, 61), (61, 60), (60, 63), (63, 60), (61, 66), (66, 61), (61, 67), (67, 61), (62, 66), (66, 62), (63, 74), (74, 63), (65, 77), (77, 65), (67, 69), (69, 67), (68, 73), (73, 68), (68, 79), (79, 68), (69, 70), (70, 69), (69, 73), (73, 69), (69, 76), (76, 69), (70, 73), (73, 70)]
Z_dad = [53]
Y_dad = [32]
X_dad = [37]
Z_da-ad = [32]
Y_da-ad = [53]
X_da-ad = [19]
