no              #fail
6.292           #totTm
0.584           #lastADTm
5               #itDAD
1.500           #avItADGoal
9               #itADOpt
8               #opt
8               #optDA-AD
0.725           #tmDA
0.0             #relGain

V = [1, 2, 3, 4, 5, 6, 7, 8, 9, 10, 11, 12, 13, 14, 15, 16, 17, 18, 19, 20, 21, 22, 23, 24, 25, 26, 27, 28, 29, 30, 31, 32, 33, 34, 35, 36, 37, 38, 39, 40, 41, 42, 43, 44, 45, 46, 47, 48, 49, 50, 51, 52, 53, 54, 55, 56, 57, 58, 59, 60, 61, 62, 63, 64, 65, 66, 67, 68, 69, 70, 71, 72, 73, 74, 75, 76, 77, 78, 79, 80]
A = [(1, 55), (55, 1), (1, 62), (62, 1), (2, 3), (3, 2), (2, 17), (17, 2), (2, 49), (49, 2), (2, 55), (55, 2), (2, 74), (74, 2), (3, 14), (14, 3), (3, 22), (22, 3), (3, 28), (28, 3), (3, 56), (56, 3), (3, 63), (63, 3), (3, 66), (66, 3), (3, 69), (69, 3), (3, 76), (76, 3), (4, 24), (24, 4), (4, 31), (31, 4), (4, 50), (50, 4), (4, 63), (63, 4), (4, 78), (78, 4), (5, 30), (30, 5), (5, 45), (45, 5), (5, 61), (61, 5), (6, 9), (9, 6), (6, 42), (42, 6), (6, 74), (74, 6), (7, 15), (15, 7), (7, 32), (32, 7), (7, 45), (45, 7), (7, 68), (68, 7), (7, 72), (72, 7), (7, 76), (76, 7), (8, 15), (15, 8), (8, 28), (28, 8), (9, 47), (47, 9), (9, 51), (51, 9), (9, 52), (52, 9), (9, 78), (78, 9), (10, 24), (24, 10), (10, 32), (32, 10), (10, 38), (38, 10), (10, 43), (43, 10), (11, 42), (42, 11), (11, 67), (67, 11), (12, 14), (14, 12), (12, 17), (17, 12), (12, 37), (37, 12), (12, 53), (53, 12), (12, 55), (55, 12), (12, 61), (61, 12), (13, 39), (39, 13), (13, 54), (54, 13), (14, 75), (75, 14), (15, 32), (32, 15), (15, 48), (48, 15), (15, 69), (69, 15), (15, 80), (80, 15), (16, 63), (63, 16), (16, 64), (64, 16), (17, 59), (59, 17), (18, 37), (37, 18), (18, 43), (43, 18), (18, 50), (50, 18), (18, 63), (63, 18), (19, 21), (21, 19), (19, 44), (44, 19), (19, 72), (72, 19), (20, 45), (45, 20), (20, 52), (52, 20), (20, 80), (80, 20), (23, 29), (29, 23), (24, 30), (30, 24), (24, 40), (40, 24), (24, 64), (64, 24), (24, 70), (70, 24), (26, 30), (30, 26), (26, 32), (32, 26), (26, 34), (34, 26), (26, 38), (38, 26), (26, 60), (60, 26), (26, 62), (62, 26), (27, 41), (41, 27), (27, 73), (73, 27), (27, 75), (75, 27), (27, 80), (80, 27), (28, 45), (45, 28), (28, 62), (62, 28), (28, 63), (63, 28), (28, 66), (66, 28), (28, 75), (75, 28), (30, 36), (36, 30), (30, 37), (37, 30), (30, 38), (38, 30), (30, 46), (46, 30), (30, 79), (79, 30), (31, 37), (37, 31), (31, 48), (48, 31), (31, 52), (52, 31), (31, 72), (72, 31), (32, 52), (52, 32), (32, 56), (56, 32), (32, 73), (73, 32), (33, 69), (69, 33), (34, 37), (37, 34), (34, 47), (47, 34), (34, 63), (63, 34), (35, 42), (42, 35), (35, 49), (49, 35), (35, 63), (63, 35), (35, 72), (72, 35), (36, 38), (38, 36), (36, 66), (66, 36), (37, 63), (63, 37), (37, 72), (72, 37), (38, 42), (42, 38), (38, 54), (54, 38), (40, 46), (46, 40), (40, 61), (61, 40), (41, 44), (44, 41), (41, 60), (60, 41), (42, 43), (43, 42), (43, 50), (50, 43), (43, 52), (52, 43), (43, 61), (61, 43), (44, 57), (57, 44), (44, 79), (79, 44), (45, 50), (50, 45), (45, 58), (58, 45), (45, 76), (76, 45), (46, 64), (64, 46), (46, 75), (75, 46), (46, 77), (77, 46), (47, 51), (51, 47), (47, 71), (71, 47), (48, 52), (52, 48), (48, 57), (57, 48), (49, 54), (54, 49), (49, 60), (60, 49), (49, 61), (61, 49), (49, 79), (79, 49), (50, 56), (56, 50), (50, 75), (75, 50), (52, 74), (74, 52), (53, 56), (56, 53), (53, 76), (76, 53), (53, 80), (80, 53), (54, 79), (79, 54), (56, 74), (74, 56), (59, 63), (63, 59), (59, 64), (64, 59), (60, 65), (65, 60), (60, 76), (76, 60), (61, 64), (64, 61), (61, 69), (69, 61), (68, 73), (73, 68), (69, 75), (75, 69), (70, 73), (73, 70), (73, 78), (78, 73)]
Z_dad = [54]
Y_dad = [42]
X_dad = [11]
Z_da-ad = [54]
Y_da-ad = [42]
X_da-ad = [19]
