no              #fail
12.761          #totTm
0.441           #lastADTm
7               #itDAD
1.667           #avItADGoal
5               #itADOpt
6               #opt
6               #optDA-AD
0.712           #tmDA
0.0             #relGain

V = [1, 2, 3, 4, 5, 6, 7, 8, 9, 10, 11, 12, 13, 14, 15, 16, 17, 18, 19, 20, 21, 22, 23, 24, 25, 26, 27, 28, 29, 30, 31, 32, 33, 34, 35, 36, 37, 38, 39, 40, 41, 42, 43, 44, 45, 46, 47, 48, 49, 50, 51, 52, 53, 54, 55, 56, 57, 58, 59, 60, 61, 62, 63, 64, 65, 66, 67, 68, 69, 70, 71, 72, 73, 74, 75, 76, 77, 78, 79, 80]
A = [(1, 46), (46, 1), (1, 56), (56, 1), (1, 57), (57, 1), (2, 25), (25, 2), (2, 30), (30, 2), (2, 57), (57, 2), (2, 63), (63, 2), (2, 78), (78, 2), (3, 13), (13, 3), (3, 21), (21, 3), (3, 24), (24, 3), (3, 65), (65, 3), (4, 14), (14, 4), (4, 15), (15, 4), (4, 31), (31, 4), (4, 55), (55, 4), (4, 79), (79, 4), (5, 34), (34, 5), (5, 35), (35, 5), (5, 76), (76, 5), (6, 23), (23, 6), (6, 49), (49, 6), (6, 80), (80, 6), (7, 39), (39, 7), (7, 66), (66, 7), (7, 70), (70, 7), (8, 51), (51, 8), (8, 54), (54, 8), (8, 55), (55, 8), (8, 58), (58, 8), (8, 70), (70, 8), (8, 71), (71, 8), (9, 26), (26, 9), (9, 40), (40, 9), (9, 48), (48, 9), (9, 50), (50, 9), (9, 74), (74, 9), (10, 13), (13, 10), (10, 59), (59, 10), (10, 72), (72, 10), (11, 14), (14, 11), (11, 69), (69, 11), (12, 30), (30, 12), (12, 46), (46, 12), (12, 57), (57, 12), (12, 74), (74, 12), (13, 17), (17, 13), (13, 18), (18, 13), (13, 26), (26, 13), (13, 51), (51, 13), (14, 15), (15, 14), (14, 78), (78, 14), (15, 65), (65, 15), (15, 75), (75, 15), (16, 61), (61, 16), (17, 41), (41, 17), (17, 66), (66, 17), (17, 69), (69, 17), (17, 71), (71, 17), (18, 19), (19, 18), (18, 23), (23, 18), (18, 29), (29, 18), (18, 31), (31, 18), (18, 78), (78, 18), (19, 23), (23, 19), (19, 46), (46, 19), (20, 33), (33, 20), (20, 40), (40, 20), (20, 45), (45, 20), (20, 79), (79, 20), (21, 29), (29, 21), (21, 54), (54, 21), (22, 36), (36, 22), (22, 42), (42, 22), (22, 61), (61, 22), (23, 42), (42, 23), (23, 52), (52, 23), (24, 55), (55, 24), (25, 53), (53, 25), (25, 62), (62, 25), (25, 76), (76, 25), (26, 28), (28, 26), (26, 30), (30, 26), (26, 53), (53, 26), (26, 80), (80, 26), (27, 34), (34, 27), (27, 44), (44, 27), (27, 69), (69, 27), (28, 46), (46, 28), (28, 55), (55, 28), (28, 80), (80, 28), (29, 37), (37, 29), (29, 62), (62, 29), (29, 75), (75, 29), (30, 40), (40, 30), (31, 63), (63, 31), (33, 38), (38, 33), (34, 42), (42, 34), (34, 44), (44, 34), (34, 48), (48, 34), (34, 55), (55, 34), (34, 68), (68, 34), (35, 57), (57, 35), (35, 60), (60, 35), (35, 62), (62, 35), (36, 54), (54, 36), (36, 67), (67, 36), (37, 65), (65, 37), (39, 51), (51, 39), (39, 73), (73, 39), (40, 52), (52, 40), (40, 67), (67, 40), (41, 55), (55, 41), (42, 46), (46, 42), (42, 54), (54, 42), (42, 58), (58, 42), (43, 48), (48, 43), (43, 50), (50, 43), (43, 63), (63, 43), (43, 72), (72, 43), (44, 69), (69, 44), (44, 72), (72, 44), (46, 48), (48, 46), (46, 52), (52, 46), (46, 70), (70, 46), (46, 71), (71, 46), (46, 72), (72, 46), (46, 78), (78, 46), (47, 55), (55, 47), (47, 75), (75, 47), (48, 70), (70, 48), (49, 64), (64, 49), (49, 72), (72, 49), (50, 72), (72, 50), (51, 61), (61, 51), (51, 66), (66, 51), (52, 63), (63, 52), (53, 58), (58, 53), (53, 73), (73, 53), (54, 70), (70, 54), (55, 70), (70, 55), (56, 57), (57, 56), (56, 68), (68, 56), (57, 77), (77, 57), (58, 77), (77, 58), (59, 66), (66, 59), (59, 69), (69, 59), (60, 64), (64, 60), (61, 70), (70, 61), (61, 72), (72, 61), (62, 63), (63, 62), (62, 74), (74, 62), (66, 76), (76, 66), (67, 80), (80, 67), (71, 79), (79, 71), (72, 75), (75, 72), (75, 78), (78, 75), (76, 77), (77, 76)]
Z_dad = [40]
Y_dad = [79]
X_dad = [20]
Z_da-ad = [20]
Y_da-ad = [61]
X_da-ad = [36]
