no              #fail
4.798           #totTm
0.472           #lastADTm
4               #itDAD
1.333           #avItADGoal
4               #itADOpt
4               #opt
4               #optDA-AD
0.654           #tmDA
0.0             #relGain

V = [1, 2, 3, 4, 5, 6, 7, 8, 9, 10, 11, 12, 13, 14, 15, 16, 17, 18, 19, 20, 21, 22, 23, 24, 25, 26, 27, 28, 29, 30, 31, 32, 33, 34, 35, 36, 37, 38, 39, 40, 41, 42, 43, 44, 45, 46, 47, 48, 49, 50, 51, 52, 53, 54, 55, 56, 57, 58, 59, 60, 61, 62, 63, 64, 65, 66, 67, 68, 69, 70, 71, 72, 73, 74, 75, 76, 77, 78, 79, 80]
A = [(1, 11), (11, 1), (1, 14), (14, 1), (1, 36), (36, 1), (1, 40), (40, 1), (1, 51), (51, 1), (2, 12), (12, 2), (2, 21), (21, 2), (2, 25), (25, 2), (2, 40), (40, 2), (2, 67), (67, 2), (2, 76), (76, 2), (2, 79), (79, 2), (3, 17), (17, 3), (3, 53), (53, 3), (3, 75), (75, 3), (4, 44), (44, 4), (4, 73), (73, 4), (4, 80), (80, 4), (5, 13), (13, 5), (5, 27), (27, 5), (5, 56), (56, 5), (6, 9), (9, 6), (6, 13), (13, 6), (6, 24), (24, 6), (6, 26), (26, 6), (6, 37), (37, 6), (6, 59), (59, 6), (6, 61), (61, 6), (7, 15), (15, 7), (7, 24), (24, 7), (7, 29), (29, 7), (7, 69), (69, 7), (8, 27), (27, 8), (8, 51), (51, 8), (8, 57), (57, 8), (9, 53), (53, 9), (9, 54), (54, 9), (9, 73), (73, 9), (10, 16), (16, 10), (10, 17), (17, 10), (10, 33), (33, 10), (11, 74), (74, 11), (12, 37), (37, 12), (13, 64), (64, 13), (13, 65), (65, 13), (13, 76), (76, 13), (14, 35), (35, 14), (14, 38), (38, 14), (14, 56), (56, 14), (15, 58), (58, 15), (16, 30), (30, 16), (16, 31), (31, 16), (17, 34), (34, 17), (17, 70), (70, 17), (18, 30), (30, 18), (18, 54), (54, 18), (18, 77), (77, 18), (18, 80), (80, 18), (19, 32), (32, 19), (19, 77), (77, 19), (20, 41), (41, 20), (21, 31), (31, 21), (21, 56), (56, 21), (21, 75), (75, 21), (22, 34), (34, 22), (22, 37), (37, 22), (22, 52), (52, 22), (22, 65), (65, 22), (22, 70), (70, 22), (22, 79), (79, 22), (23, 28), (28, 23), (23, 43), (43, 23), (23, 60), (60, 23), (24, 29), (29, 24), (24, 55), (55, 24), (24, 65), (65, 24), (24, 72), (72, 24), (25, 38), (38, 25), (25, 47), (47, 25), (26, 51), (51, 26), (26, 64), (64, 26), (27, 78), (78, 27), (28, 32), (32, 28), (28, 33), (33, 28), (28, 58), (58, 28), (28, 74), (74, 28), (29, 54), (54, 29), (29, 63), (63, 29), (29, 74), (74, 29), (30, 54), (54, 30), (30, 72), (72, 30), (31, 48), (48, 31), (31, 55), (55, 31), (31, 68), (68, 31), (31, 76), (76, 31), (32, 33), (33, 32), (32, 35), (35, 32), (32, 50), (50, 32), (32, 56), (56, 32), (32, 57), (57, 32), (33, 46), (46, 33), (33, 53), (53, 33), (33, 77), (77, 33), (33, 79), (79, 33), (34, 46), (46, 34), (35, 49), (49, 35), (35, 51), (51, 35), (35, 62), (62, 35), (35, 65), (65, 35), (36, 48), (48, 36), (36, 71), (71, 36), (36, 79), (79, 36), (37, 40), (40, 37), (37, 79), (79, 37), (39, 43), (43, 39), (39, 46), (46, 39), (39, 63), (63, 39), (39, 76), (76, 39), (41, 46), (46, 41), (41, 59), (59, 41), (42, 45), (45, 42), (44, 48), (48, 44), (44, 55), (55, 44), (44, 60), (60, 44), (44, 78), (78, 44), (45, 49), (49, 45), (45, 59), (59, 45), (45, 61), (61, 45), (45, 68), (68, 45), (45, 79), (79, 45), (48, 52), (52, 48), (48, 60), (60, 48), (48, 76), (76, 48), (49, 53), (53, 49), (49, 62), (62, 49), (49, 71), (71, 49), (49, 72), (72, 49), (51, 60), (60, 51), (51, 70), (70, 51), (52, 53), (53, 52), (52, 56), (56, 52), (52, 58), (58, 52), (52, 60), (60, 52), (53, 58), (58, 53), (55, 71), (71, 55), (55, 75), (75, 55), (60, 70), (70, 60), (61, 66), (66, 61), (61, 73), (73, 61), (63, 68), (68, 63), (64, 79), (79, 64), (66, 80), (80, 66), (67, 68), (68, 67), (67, 71), (71, 67), (67, 75), (75, 67), (69, 80), (80, 69), (72, 76), (76, 72), (72, 80), (80, 72)]
Z_dad = [2]
Y_dad = [14]
X_dad = [38]
Z_da-ad = [25]
Y_da-ad = [14]
X_da-ad = [41]
