no              #fail
0.754           #totTm
0.167           #lastADTm
4               #itDAD
1.333           #avItADGoal
8               #itADOpt
8               #opt
8               #optDA-AD
0.178           #tmDA
0.0             #relGain

V = [1, 2, 3, 4, 5, 6, 7, 8, 9, 10, 11, 12, 13, 14, 15, 16, 17, 18, 19, 20, 21, 22, 23, 24, 25, 26, 27, 28, 29, 30, 31, 32, 33, 34, 35, 36, 37, 38, 39, 40]
A = [(1, 3), (3, 1), (1, 13), (13, 1), (1, 28), (28, 1), (1, 38), (38, 1), (2, 15), (15, 2), (3, 5), (5, 3), (3, 16), (16, 3), (3, 39), (39, 3), (4, 35), (35, 4), (4, 40), (40, 4), (5, 10), (10, 5), (5, 21), (21, 5), (5, 25), (25, 5), (6, 17), (17, 6), (6, 28), (28, 6), (6, 30), (30, 6), (6, 34), (34, 6), (7, 12), (12, 7), (8, 9), (9, 8), (8, 15), (15, 8), (8, 37), (37, 8), (9, 40), (40, 9), (10, 12), (12, 10), (10, 20), (20, 10), (10, 24), (24, 10), (10, 37), (37, 10), (11, 20), (20, 11), (11, 33), (33, 11), (12, 26), (26, 12), (13, 25), (25, 13), (15, 19), (19, 15), (15, 27), (27, 15), (15, 37), (37, 15), (15, 40), (40, 15), (16, 36), (36, 16), (16, 40), (40, 16), (17, 19), (19, 17), (17, 22), (22, 17), (17, 30), (30, 17), (18, 19), (19, 18), (18, 20), (20, 18), (18, 28), (28, 18), (19, 39), (39, 19), (19, 40), (40, 19), (20, 23), (23, 20), (20, 27), (27, 20), (21, 36), (36, 21), (24, 32), (32, 24), (24, 36), (36, 24), (30, 32), (32, 30), (30, 40), (40, 30), (31, 38), (38, 31), (32, 35), (35, 32), (33, 37), (37, 33)]
Z_dad = [10]
Y_dad = [1]
X_dad = [38]
Z_da-ad = [10]
Y_da-ad = [1]
X_da-ad = [38]
