no              #fail
1.270           #totTm
0.235           #lastADTm
5               #itDAD
1.500           #avItADGoal
9               #itADOpt
11              #opt
11              #optDA-AD
0.173           #tmDA
0.0             #relGain

V = [1, 2, 3, 4, 5, 6, 7, 8, 9, 10, 11, 12, 13, 14, 15, 16, 17, 18, 19, 20, 21, 22, 23, 24, 25, 26, 27, 28, 29, 30, 31, 32, 33, 34, 35, 36, 37, 38, 39, 40]
A = [(1, 18), (18, 1), (1, 22), (22, 1), (1, 33), (33, 1), (2, 34), (34, 2), (2, 40), (40, 2), (3, 5), (5, 3), (4, 15), (15, 4), (5, 14), (14, 5), (5, 16), (16, 5), (5, 26), (26, 5), (5, 39), (39, 5), (6, 7), (7, 6), (6, 8), (8, 6), (6, 15), (15, 6), (6, 30), (30, 6), (6, 31), (31, 6), (7, 16), (16, 7), (7, 22), (22, 7), (7, 31), (31, 7), (8, 14), (14, 8), (9, 16), (16, 9), (9, 31), (31, 9), (10, 17), (17, 10), (11, 17), (17, 11), (11, 33), (33, 11), (11, 36), (36, 11), (11, 39), (39, 11), (12, 14), (14, 12), (12, 20), (20, 12), (12, 36), (36, 12), (13, 23), (23, 13), (13, 33), (33, 13), (13, 39), (39, 13), (13, 40), (40, 13), (14, 17), (17, 14), (15, 19), (19, 15), (15, 24), (24, 15), (15, 27), (27, 15), (16, 19), (19, 16), (16, 21), (21, 16), (17, 18), (18, 17), (18, 29), (29, 18), (19, 36), (36, 19), (20, 26), (26, 20), (20, 30), (30, 20), (21, 39), (39, 21), (23, 30), (30, 23), (24, 26), (26, 24), (25, 35), (35, 25), (26, 36), (36, 26), (27, 32), (32, 27), (28, 32), (32, 28), (28, 37), (37, 28), (36, 38), (38, 36)]
Z_dad = [15]
Y_dad = [13]
X_dad = [40]
Z_da-ad = [15]
Y_da-ad = [13]
X_da-ad = [40]
