no              #fail
0.780           #totTm
0.146           #lastADTm
4               #itDAD
1.333           #avItADGoal
6               #itADOpt
8               #opt
7               #optDA-AD
0.169           #tmDA
12.5            #relGain

V = [1, 2, 3, 4, 5, 6, 7, 8, 9, 10, 11, 12, 13, 14, 15, 16, 17, 18, 19, 20, 21, 22, 23, 24, 25, 26, 27, 28, 29, 30, 31, 32, 33, 34, 35, 36, 37, 38, 39, 40]
A = [(1, 4), (4, 1), (1, 14), (14, 1), (1, 17), (17, 1), (1, 22), (22, 1), (1, 30), (30, 1), (1, 33), (33, 1), (2, 4), (4, 2), (2, 8), (8, 2), (3, 7), (7, 3), (3, 10), (10, 3), (3, 37), (37, 3), (4, 39), (39, 4), (5, 18), (18, 5), (5, 39), (39, 5), (6, 25), (25, 6), (7, 25), (25, 7), (7, 26), (26, 7), (7, 32), (32, 7), (8, 14), (14, 8), (8, 21), (21, 8), (8, 28), (28, 8), (9, 31), (31, 9), (10, 11), (11, 10), (10, 13), (13, 10), (10, 33), (33, 10), (10, 36), (36, 10), (12, 30), (30, 12), (12, 36), (36, 12), (13, 14), (14, 13), (13, 29), (29, 13), (13, 40), (40, 13), (14, 18), (18, 14), (14, 19), (19, 14), (14, 24), (24, 14), (15, 18), (18, 15), (15, 20), (20, 15), (15, 27), (27, 15), (16, 27), (27, 16), (17, 30), (30, 17), (17, 32), (32, 17), (18, 27), (27, 18), (18, 29), (29, 18), (19, 29), (29, 19), (20, 23), (23, 20), (20, 26), (26, 20), (21, 33), (33, 21), (21, 39), (39, 21), (22, 32), (32, 22), (25, 30), (30, 25), (27, 40), (40, 27), (29, 33), (33, 29), (29, 34), (34, 29), (29, 38), (38, 29), (34, 36), (36, 34)]
Z_dad = [7]
Y_dad = [29]
X_dad = [15]
Z_da-ad = [29]
Y_da-ad = [14]
X_da-ad = [8]
