no              #fail
0.584           #totTm
0.186           #lastADTm
4               #itDAD
1.333           #avItADGoal
8               #itADOpt
10              #opt
10              #optDA-AD
0.180           #tmDA
0.0             #relGain

V = [1, 2, 3, 4, 5, 6, 7, 8, 9, 10, 11, 12, 13, 14, 15, 16, 17, 18, 19, 20, 21, 22, 23, 24, 25, 26, 27, 28, 29, 30, 31, 32, 33, 34, 35, 36, 37, 38, 39, 40]
A = [(1, 37), (37, 1), (2, 3), (3, 2), (2, 10), (10, 2), (2, 22), (22, 2), (2, 32), (32, 2), (2, 33), (33, 2), (3, 10), (10, 3), (3, 17), (17, 3), (3, 19), (19, 3), (3, 29), (29, 3), (3, 32), (32, 3), (3, 37), (37, 3), (4, 10), (10, 4), (4, 15), (15, 4), (5, 10), (10, 5), (6, 13), (13, 6), (6, 31), (31, 6), (7, 36), (36, 7), (8, 30), (30, 8), (9, 21), (21, 9), (9, 34), (34, 9), (10, 13), (13, 10), (10, 34), (34, 10), (10, 40), (40, 10), (11, 15), (15, 11), (11, 25), (25, 11), (11, 38), (38, 11), (12, 39), (39, 12), (13, 21), (21, 13), (13, 23), (23, 13), (14, 20), (20, 14), (15, 24), (24, 15), (16, 23), (23, 16), (17, 29), (29, 17), (17, 31), (31, 17), (17, 36), (36, 17), (18, 33), (33, 18), (19, 25), (25, 19), (20, 30), (30, 20), (20, 33), (33, 20), (21, 39), (39, 21), (22, 29), (29, 22), (22, 35), (35, 22), (23, 29), (29, 23), (23, 32), (32, 23), (24, 33), (33, 24), (24, 38), (38, 24), (25, 35), (35, 25), (27, 29), (29, 27), (29, 35), (35, 29), (32, 38), (38, 32), (33, 40), (40, 33), (34, 36), (36, 34), (37, 39), (39, 37)]
Z_dad = [33]
Y_dad = [10]
X_dad = [29]
Z_da-ad = [33]
Y_da-ad = [10]
X_da-ad = [29]
