no              #fail
0.534           #totTm
0.221           #lastADTm
3               #itDAD
1.000           #avItADGoal
10              #itADOpt
10              #opt
10              #optDA-AD
0.192           #tmDA
0.0             #relGain

V = [1, 2, 3, 4, 5, 6, 7, 8, 9, 10, 11, 12, 13, 14, 15, 16, 17, 18, 19, 20, 21, 22, 23, 24, 25, 26, 27, 28, 29, 30, 31, 32, 33, 34, 35, 36, 37, 38, 39, 40]
A = [(1, 13), (13, 1), (1, 15), (15, 1), (1, 23), (23, 1), (1, 34), (34, 1), (1, 37), (37, 1), (2, 15), (15, 2), (2, 29), (29, 2), (2, 32), (32, 2), (3, 20), (20, 3), (3, 28), (28, 3), (3, 29), (29, 3), (3, 30), (30, 3), (4, 14), (14, 4), (4, 17), (17, 4), (4, 23), (23, 4), (4, 35), (35, 4), (5, 15), (15, 5), (5, 16), (16, 5), (5, 34), (34, 5), (6, 32), (32, 6), (6, 33), (33, 6), (7, 31), (31, 7), (7, 40), (40, 7), (9, 21), (21, 9), (10, 34), (34, 10), (10, 36), (36, 10), (12, 36), (36, 12), (12, 40), (40, 12), (13, 15), (15, 13), (13, 20), (20, 13), (13, 32), (32, 13), (13, 35), (35, 13), (14, 19), (19, 14), (15, 23), (23, 15), (15, 27), (27, 15), (15, 28), (28, 15), (16, 26), (26, 16), (17, 27), (27, 17), (18, 28), (28, 18), (18, 31), (31, 18), (18, 39), (39, 18), (19, 23), (23, 19), (19, 26), (26, 19), (20, 36), (36, 20), (24, 29), (29, 24), (25, 31), (31, 25), (27, 28), (28, 27), (27, 40), (40, 27), (29, 32), (32, 29), (31, 32), (32, 31), (32, 38), (38, 32), (32, 39), (39, 32), (34, 38), (38, 34), (39, 40), (40, 39)]
Z_dad = [32]
Y_dad = [15]
X_dad = [1]
Z_da-ad = [32]
Y_da-ad = [15]
X_da-ad = [1]
