no              #fail
0.528           #totTm
0.165           #lastADTm
3               #itDAD
1.000           #avItADGoal
6               #itADOpt
7               #opt
7               #optDA-AD
0.158           #tmDA
0.0             #relGain

V = [1, 2, 3, 4, 5, 6, 7, 8, 9, 10, 11, 12, 13, 14, 15, 16, 17, 18, 19, 20, 21, 22, 23, 24, 25, 26, 27, 28, 29, 30, 31, 32, 33, 34, 35, 36, 37, 38, 39, 40]
A = [(1, 15), (15, 1), (1, 23), (23, 1), (1, 34), (34, 1), (2, 18), (18, 2), (2, 22), (22, 2), (2, 33), (33, 2), (2, 38), (38, 2), (3, 33), (33, 3), (4, 22), (22, 4), (4, 30), (30, 4), (4, 38), (38, 4), (5, 24), (24, 5), (5, 36), (36, 5), (6, 13), (13, 6), (6, 14), (14, 6), (6, 29), (29, 6), (6, 36), (36, 6), (6, 38), (38, 6), (6, 39), (39, 6), (7, 9), (9, 7), (7, 26), (26, 7), (7, 34), (34, 7), (8, 9), (9, 8), (9, 15), (15, 9), (9, 27), (27, 9), (10, 14), (14, 10), (10, 23), (23, 10), (10, 36), (36, 10), (11, 17), (17, 11), (11, 23), (23, 11), (11, 26), (26, 11), (11, 37), (37, 11), (12, 14), (14, 12), (12, 16), (16, 12), (12, 22), (22, 12), (12, 34), (34, 12), (12, 38), (38, 12), (13, 15), (15, 13), (14, 23), (23, 14), (14, 25), (25, 14), (14, 35), (35, 14), (15, 21), (21, 15), (15, 39), (39, 15), (17, 26), (26, 17), (17, 32), (32, 17), (19, 32), (32, 19), (20, 35), (35, 20), (22, 32), (32, 22), (25, 33), (33, 25), (25, 35), (35, 25), (31, 38), (38, 31), (31, 40), (40, 31), (32, 33), (33, 32), (38, 39), (39, 38)]
Z_dad = [38]
Y_dad = [14]
X_dad = [22]
Z_da-ad = [36]
Y_da-ad = [38]
X_da-ad = [9]
