no              #fail
0.436           #totTm
0.141           #lastADTm
4               #itDAD
1.000           #avItADGoal
6               #itADOpt
13              #opt
11              #optDA-AD
0.182           #tmDA
15.4            #relGain

V = [1, 2, 3, 4, 5, 6, 7, 8, 9, 10, 11, 12, 13, 14, 15, 16, 17, 18, 19, 20, 21, 22, 23, 24, 25, 26, 27, 28, 29, 30, 31, 32, 33, 34, 35, 36, 37, 38, 39, 40]
A = [(1, 10), (10, 1), (1, 11), (11, 1), (1, 16), (16, 1), (1, 20), (20, 1), (1, 23), (23, 1), (1, 32), (32, 1), (1, 38), (38, 1), (2, 13), (13, 2), (2, 23), (23, 2), (3, 39), (39, 3), (4, 5), (5, 4), (5, 13), (13, 5), (5, 20), (20, 5), (5, 30), (30, 5), (6, 20), (20, 6), (6, 30), (30, 6), (7, 11), (11, 7), (7, 26), (26, 7), (8, 16), (16, 8), (8, 31), (31, 8), (8, 32), (32, 8), (8, 33), (33, 8), (9, 19), (19, 9), (9, 23), (23, 9), (9, 27), (27, 9), (9, 38), (38, 9), (9, 40), (40, 9), (10, 25), (25, 10), (10, 29), (29, 10), (11, 40), (40, 11), (12, 18), (18, 12), (12, 24), (24, 12), (14, 19), (19, 14), (14, 23), (23, 14), (14, 26), (26, 14), (14, 33), (33, 14), (15, 40), (40, 15), (17, 37), (37, 17), (18, 37), (37, 18), (19, 34), (34, 19), (20, 21), (21, 20), (21, 32), (32, 21), (21, 38), (38, 21), (23, 25), (25, 23), (24, 27), (27, 24), (24, 34), (34, 24), (25, 33), (33, 25), (26, 29), (29, 26), (26, 32), (32, 26), (29, 31), (31, 29), (30, 39), (39, 30), (33, 39), (39, 33), (35, 37), (37, 35), (38, 40), (40, 38)]
Z_dad = [9]
Y_dad = [14]
X_dad = [19]
Z_da-ad = [24]
Y_da-ad = [1]
X_da-ad = [9]
