no              #fail
0.769           #totTm
0.179           #lastADTm
4               #itDAD
1.333           #avItADGoal
9               #itADOpt
10              #opt
10              #optDA-AD
0.196           #tmDA
0.0             #relGain

V = [1, 2, 3, 4, 5, 6, 7, 8, 9, 10, 11, 12, 13, 14, 15, 16, 17, 18, 19, 20, 21, 22, 23, 24, 25, 26, 27, 28, 29, 30, 31, 32, 33, 34, 35, 36, 37, 38, 39, 40]
A = [(1, 18), (18, 1), (1, 22), (22, 1), (1, 25), (25, 1), (1, 30), (30, 1), (2, 12), (12, 2), (2, 34), (34, 2), (3, 17), (17, 3), (3, 33), (33, 3), (4, 16), (16, 4), (4, 24), (24, 4), (4, 37), (37, 4), (4, 39), (39, 4), (5, 7), (7, 5), (5, 11), (11, 5), (6, 39), (39, 6), (7, 25), (25, 7), (7, 26), (26, 7), (7, 40), (40, 7), (8, 20), (20, 8), (9, 11), (11, 9), (9, 26), (26, 9), (9, 34), (34, 9), (10, 13), (13, 10), (10, 33), (33, 10), (10, 36), (36, 10), (11, 31), (31, 11), (12, 21), (21, 12), (12, 30), (30, 12), (13, 30), (30, 13), (14, 29), (29, 14), (14, 38), (38, 14), (16, 25), (25, 16), (16, 30), (30, 16), (16, 33), (33, 16), (17, 18), (18, 17), (17, 21), (21, 17), (17, 25), (25, 17), (17, 30), (30, 17), (17, 39), (39, 17), (18, 24), (24, 18), (18, 26), (26, 18), (20, 27), (27, 20), (20, 30), (30, 20), (22, 26), (26, 22), (22, 32), (32, 22), (23, 31), (31, 23), (23, 37), (37, 23), (24, 25), (25, 24), (24, 29), (29, 24), (24, 36), (36, 24), (25, 36), (36, 25), (26, 37), (37, 26), (29, 39), (39, 29), (32, 37), (37, 32)]
Z_dad = [30]
Y_dad = [29]
X_dad = [39]
Z_da-ad = [30]
Y_da-ad = [29]
X_da-ad = [39]
