no              #fail
0.971           #totTm
0.152           #lastADTm
5               #itDAD
1.500           #avItADGoal
8               #itADOpt
10              #opt
10              #optDA-AD
0.183           #tmDA
0.0             #relGain

V = [1, 2, 3, 4, 5, 6, 7, 8, 9, 10, 11, 12, 13, 14, 15, 16, 17, 18, 19, 20, 21, 22, 23, 24, 25, 26, 27, 28, 29, 30, 31, 32, 33, 34, 35, 36, 37, 38, 39, 40]
A = [(1, 21), (21, 1), (1, 38), (38, 1), (1, 40), (40, 1), (2, 26), (26, 2), (2, 39), (39, 2), (3, 11), (11, 3), (3, 12), (12, 3), (3, 17), (17, 3), (3, 31), (31, 3), (3, 40), (40, 3), (5, 11), (11, 5), (5, 25), (25, 5), (6, 13), (13, 6), (6, 20), (20, 6), (6, 39), (39, 6), (7, 8), (8, 7), (7, 11), (11, 7), (7, 13), (13, 7), (7, 21), (21, 7), (7, 28), (28, 7), (10, 23), (23, 10), (13, 21), (21, 13), (13, 32), (32, 13), (14, 34), (34, 14), (14, 40), (40, 14), (15, 21), (21, 15), (15, 22), (22, 15), (15, 36), (36, 15), (15, 40), (40, 15), (16, 22), (22, 16), (18, 22), (22, 18), (18, 32), (32, 18), (18, 37), (37, 18), (18, 40), (40, 18), (19, 28), (28, 19), (21, 32), (32, 21), (21, 37), (37, 21), (21, 39), (39, 21), (23, 36), (36, 23), (24, 27), (27, 24), (24, 30), (30, 24), (24, 32), (32, 24), (26, 30), (30, 26), (26, 31), (31, 26), (26, 35), (35, 26), (26, 36), (36, 26), (26, 38), (38, 26), (28, 32), (32, 28), (29, 34), (34, 29), (29, 40), (40, 29), (30, 39), (39, 30), (35, 38), (38, 35), (37, 38), (38, 37), (37, 39), (39, 37)]
Z_dad = [3]
Y_dad = [7]
X_dad = [40]
Z_da-ad = [40]
Y_da-ad = [21]
X_da-ad = [11]
