no              #fail
1.123           #totTm
0.144           #lastADTm
5               #itDAD
1.500           #avItADGoal
7               #itADOpt
7               #opt
7               #optDA-AD
0.187           #tmDA
0.0             #relGain

V = [1, 2, 3, 4, 5, 6, 7, 8, 9, 10, 11, 12, 13, 14, 15, 16, 17, 18, 19, 20, 21, 22, 23, 24, 25, 26, 27, 28, 29, 30, 31, 32, 33, 34, 35, 36, 37, 38, 39, 40]
A = [(1, 5), (5, 1), (1, 7), (7, 1), (2, 21), (21, 2), (2, 23), (23, 2), (2, 25), (25, 2), (3, 11), (11, 3), (3, 13), (13, 3), (3, 21), (21, 3), (3, 30), (30, 3), (4, 13), (13, 4), (4, 14), (14, 4), (5, 31), (31, 5), (5, 38), (38, 5), (6, 13), (13, 6), (6, 26), (26, 6), (7, 11), (11, 7), (7, 13), (13, 7), (7, 30), (30, 7), (8, 21), (21, 8), (8, 25), (25, 8), (9, 38), (38, 9), (9, 39), (39, 9), (10, 24), (24, 10), (10, 34), (34, 10), (11, 26), (26, 11), (12, 23), (23, 12), (12, 26), (26, 12), (12, 38), (38, 12), (12, 40), (40, 12), (13, 25), (25, 13), (13, 30), (30, 13), (13, 34), (34, 13), (14, 28), (28, 14), (14, 31), (31, 14), (14, 39), (39, 14), (15, 17), (17, 15), (16, 28), (28, 16), (16, 33), (33, 16), (17, 39), (39, 17), (17, 40), (40, 17), (19, 26), (26, 19), (19, 35), (35, 19), (20, 27), (27, 20), (20, 40), (40, 20), (21, 36), (36, 21), (21, 38), (38, 21), (23, 27), (27, 23), (23, 39), (39, 23), (24, 28), (28, 24), (24, 31), (31, 24), (26, 32), (32, 26), (29, 30), (30, 29), (33, 35), (35, 33), (33, 38), (38, 33)]
Z_dad = [21]
Y_dad = [13]
X_dad = [25]
Z_da-ad = [26]
Y_da-ad = [33]
X_da-ad = [35]
