no              #fail
1.008           #totTm
0.133           #lastADTm
5               #itDAD
1.500           #avItADGoal
6               #itADOpt
8               #opt
7               #optDA-AD
0.160           #tmDA
12.5            #relGain

V = [1, 2, 3, 4, 5, 6, 7, 8, 9, 10, 11, 12, 13, 14, 15, 16, 17, 18, 19, 20, 21, 22, 23, 24, 25, 26, 27, 28, 29, 30, 31, 32, 33, 34, 35, 36, 37, 38, 39, 40]
A = [(1, 35), (35, 1), (2, 5), (5, 2), (2, 31), (31, 2), (2, 34), (34, 2), (2, 39), (39, 2), (3, 14), (14, 3), (3, 25), (25, 3), (3, 31), (31, 3), (3, 34), (34, 3), (4, 36), (36, 4), (6, 27), (27, 6), (6, 29), (29, 6), (7, 8), (8, 7), (7, 35), (35, 7), (8, 18), (18, 8), (8, 39), (39, 8), (9, 11), (11, 9), (9, 15), (15, 9), (9, 31), (31, 9), (10, 29), (29, 10), (11, 28), (28, 11), (12, 40), (40, 12), (13, 22), (22, 13), (13, 25), (25, 13), (13, 26), (26, 13), (13, 34), (34, 13), (14, 15), (15, 14), (14, 16), (16, 14), (14, 27), (27, 14), (14, 33), (33, 14), (14, 34), (34, 14), (14, 36), (36, 14), (15, 40), (40, 15), (16, 21), (21, 16), (16, 28), (28, 16), (17, 19), (19, 17), (17, 25), (25, 17), (17, 35), (35, 17), (18, 39), (39, 18), (19, 30), (30, 19), (20, 39), (39, 20), (21, 30), (30, 21), (21, 33), (33, 21), (21, 40), (40, 21), (22, 26), (26, 22), (24, 32), (32, 24), (24, 35), (35, 24), (25, 37), (37, 25), (27, 31), (31, 27), (32, 34), (34, 32), (32, 36), (36, 32), (32, 38), (38, 32), (34, 40), (40, 34), (35, 36), (36, 35)]
Z_dad = [2]
Y_dad = [35]
X_dad = [7]
Z_da-ad = [27]
Y_da-ad = [13]
X_da-ad = [25]
