no              #fail
0.493           #totTm
0.215           #lastADTm
3               #itDAD
1.000           #avItADGoal
9               #itADOpt
10              #opt
10              #optDA-AD
0.187           #tmDA
0.0             #relGain

V = [1, 2, 3, 4, 5, 6, 7, 8, 9, 10, 11, 12, 13, 14, 15, 16, 17, 18, 19, 20, 21, 22, 23, 24, 25, 26, 27, 28, 29, 30, 31, 32, 33, 34, 35, 36, 37, 38, 39, 40]
A = [(1, 16), (16, 1), (1, 22), (22, 1), (2, 28), (28, 2), (3, 4), (4, 3), (3, 16), (16, 3), (3, 19), (19, 3), (4, 17), (17, 4), (5, 11), (11, 5), (5, 14), (14, 5), (5, 19), (19, 5), (5, 21), (21, 5), (5, 40), (40, 5), (6, 28), (28, 6), (7, 9), (9, 7), (7, 21), (21, 7), (8, 20), (20, 8), (8, 26), (26, 8), (8, 27), (27, 8), (9, 27), (27, 9), (10, 24), (24, 10), (10, 28), (28, 10), (11, 15), (15, 11), (11, 29), (29, 11), (12, 16), (16, 12), (12, 28), (28, 12), (13, 27), (27, 13), (14, 15), (15, 14), (14, 21), (21, 14), (15, 21), (21, 15), (16, 20), (20, 16), (17, 19), (19, 17), (17, 34), (34, 17), (18, 26), (26, 18), (19, 36), (36, 19), (20, 28), (28, 20), (21, 22), (22, 21), (21, 37), (37, 21), (21, 38), (38, 21), (23, 31), (31, 23), (23, 32), (32, 23), (24, 28), (28, 24), (25, 27), (27, 25), (25, 31), (31, 25), (26, 28), (28, 26), (26, 40), (40, 26), (28, 35), (35, 28), (28, 37), (37, 28), (29, 30), (30, 29), (29, 36), (36, 29), (29, 37), (37, 29), (30, 31), (31, 30), (31, 37), (37, 31), (33, 39), (39, 33), (34, 35), (35, 34)]
Z_dad = [28]
Y_dad = [21]
X_dad = [17]
Z_da-ad = [28]
Y_da-ad = [21]
X_da-ad = [17]
