no              #fail
1.063           #totTm
0.130           #lastADTm
5               #itDAD
1.500           #avItADGoal
6               #itADOpt
9               #opt
8               #optDA-AD
0.173           #tmDA
11.1            #relGain

V = [1, 2, 3, 4, 5, 6, 7, 8, 9, 10, 11, 12, 13, 14, 15, 16, 17, 18, 19, 20, 21, 22, 23, 24, 25, 26, 27, 28, 29, 30, 31, 32, 33, 34, 35, 36, 37, 38, 39, 40]
A = [(1, 8), (8, 1), (2, 3), (3, 2), (2, 13), (13, 2), (2, 24), (24, 2), (3, 7), (7, 3), (3, 19), (19, 3), (3, 26), (26, 3), (3, 36), (36, 3), (5, 9), (9, 5), (5, 16), (16, 5), (5, 26), (26, 5), (5, 31), (31, 5), (5, 35), (35, 5), (5, 38), (38, 5), (6, 7), (7, 6), (6, 11), (11, 6), (6, 37), (37, 6), (7, 27), (27, 7), (7, 28), (28, 7), (7, 30), (30, 7), (7, 32), (32, 7), (8, 12), (12, 8), (8, 16), (16, 8), (8, 25), (25, 8), (10, 38), (38, 10), (11, 19), (19, 11), (11, 30), (30, 11), (11, 36), (36, 11), (12, 28), (28, 12), (12, 30), (30, 12), (13, 17), (17, 13), (15, 19), (19, 15), (15, 37), (37, 15), (16, 25), (25, 16), (16, 39), (39, 16), (18, 26), (26, 18), (19, 37), (37, 19), (19, 39), (39, 19), (20, 27), (27, 20), (20, 29), (29, 20), (20, 30), (30, 20), (21, 23), (23, 21), (21, 24), (24, 21), (22, 26), (26, 22), (23, 37), (37, 23), (25, 36), (36, 25), (26, 40), (40, 26), (27, 34), (34, 27), (28, 38), (38, 28), (28, 39), (39, 28), (30, 40), (40, 30), (31, 33), (33, 31), (32, 33), (33, 32), (33, 34), (34, 33)]
Z_dad = [37]
Y_dad = [3]
X_dad = [2]
Z_da-ad = [2]
Y_da-ad = [37]
X_da-ad = [23]
