no              #fail
278.635         #totTm
0.538           #lastADTm
8               #itDAD
1.429           #avItADGoal
10              #itADOpt
15              #opt
14              #optDA-AD
1.846           #tmDA
6.7             #relGain

V = [1, 2, 3, 4, 5, 6, 7, 8, 9, 10, 11, 12, 13, 14, 15, 16, 17, 18, 19, 20, 21, 22, 23, 24, 25, 26, 27, 28, 29, 30, 31, 32, 33, 34, 35, 36, 37, 38, 39, 40, 41, 42, 43, 44, 45, 46, 47, 48, 49, 50, 51, 52, 53, 54, 55, 56, 57, 58, 59, 60, 61, 62, 63, 64, 65, 66, 67, 68, 69, 70, 71, 72, 73, 74, 75, 76, 77, 78, 79, 80]
A = [(1, 2), (2, 1), (1, 31), (31, 1), (1, 48), (48, 1), (1, 78), (78, 1), (2, 10), (10, 2), (2, 22), (22, 2), (2, 37), (37, 2), (2, 70), (70, 2), (2, 76), (76, 2), (3, 24), (24, 3), (3, 27), (27, 3), (3, 38), (38, 3), (3, 47), (47, 3), (3, 66), (66, 3), (3, 78), (78, 3), (4, 63), (63, 4), (5, 21), (21, 5), (5, 43), (43, 5), (5, 54), (54, 5), (6, 15), (15, 6), (6, 22), (22, 6), (6, 46), (46, 6), (6, 53), (53, 6), (7, 9), (9, 7), (7, 45), (45, 7), (7, 56), (56, 7), (7, 66), (66, 7), (7, 73), (73, 7), (8, 22), (22, 8), (8, 25), (25, 8), (8, 27), (27, 8), (8, 60), (60, 8), (8, 78), (78, 8), (9, 21), (21, 9), (9, 28), (28, 9), (9, 44), (44, 9), (10, 29), (29, 10), (10, 35), (35, 10), (10, 47), (47, 10), (11, 22), (22, 11), (11, 32), (32, 11), (11, 36), (36, 11), (11, 57), (57, 11), (12, 23), (23, 12), (12, 27), (27, 12), (12, 35), (35, 12), (12, 39), (39, 12), (13, 19), (19, 13), (13, 37), (37, 13), (13, 46), (46, 13), (13, 55), (55, 13), (13, 72), (72, 13), (14, 24), (24, 14), (14, 46), (46, 14), (14, 57), (57, 14), (15, 18), (18, 15), (15, 46), (46, 15), (16, 33), (33, 16), (16, 47), (47, 16), (16, 54), (54, 16), (16, 70), (70, 16), (17, 21), (21, 17), (17, 73), (73, 17), (18, 41), (41, 18), (19, 35), (35, 19), (19, 55), (55, 19), (19, 70), (70, 19), (19, 74), (74, 19), (20, 22), (22, 20), (20, 24), (24, 20), (20, 33), (33, 20), (20, 39), (39, 20), (20, 47), (47, 20), (20, 59), (59, 20), (21, 29), (29, 21), (21, 30), (30, 21), (21, 32), (32, 21), (21, 36), (36, 21), (21, 39), (39, 21), (21, 59), (59, 21), (21, 78), (78, 21), (22, 26), (26, 22), (22, 53), (53, 22), (22, 73), (73, 22), (23, 39), (39, 23), (23, 71), (71, 23), (24, 43), (43, 24), (24, 67), (67, 24), (24, 72), (72, 24), (25, 47), (47, 25), (25, 68), (68, 25), (25, 70), (70, 25), (26, 59), (59, 26), (26, 69), (69, 26), (27, 43), (43, 27), (27, 73), (73, 27), (28, 34), (34, 28), (28, 53), (53, 28), (28, 64), (64, 28), (28, 80), (80, 28), (29, 30), (30, 29), (30, 60), (60, 30), (31, 36), (36, 31), (31, 56), (56, 31), (31, 69), (69, 31), (32, 43), (43, 32), (32, 49), (49, 32), (33, 68), (68, 33), (33, 74), (74, 33), (34, 44), (44, 34), (34, 77), (77, 34), (35, 38), (38, 35), (35, 58), (58, 35), (36, 70), (70, 36), (37, 44), (44, 37), (37, 45), (45, 37), (37, 63), (63, 37), (39, 68), (68, 39), (40, 61), (61, 40), (40, 69), (69, 40), (41, 45), (45, 41), (41, 46), (46, 41), (41, 73), (73, 41), (42, 76), (76, 42), (42, 80), (80, 42), (43, 68), (68, 43), (44, 47), (47, 44), (44, 59), (59, 44), (44, 60), (60, 44), (44, 61), (61, 44), (46, 78), (78, 46), (48, 69), (69, 48), (48, 80), (80, 48), (49, 73), (73, 49), (49, 76), (76, 49), (50, 69), (69, 50), (50, 80), (80, 50), (51, 56), (56, 51), (52, 59), (59, 52), (52, 60), (60, 52), (52, 71), (71, 52), (53, 60), (60, 53), (54, 60), (60, 54), (54, 63), (63, 54), (57, 69), (69, 57), (57, 72), (72, 57), (57, 76), (76, 57), (58, 79), (79, 58), (59, 73), (73, 59), (65, 68), (68, 65), (65, 71), (71, 65), (65, 77), (77, 65), (65, 80), (80, 65), (66, 78), (78, 66), (69, 73), (73, 69), (73, 79), (79, 73), (74, 79), (79, 74), (76, 80), (80, 76)]
Z_dad = [28, 44, 69]
Y_dad = [76]
X_dad = [24, 65, 80]
Z_da-ad = [7, 24, 31]
Y_da-ad = [69]
X_da-ad = [28, 37, 54]
