no              #fail
31.944          #totTm
0.494           #lastADTm
5               #itDAD
1.000           #avItADGoal
10              #itADOpt
16              #opt
16              #optDA-AD
3.811           #tmDA
0.0             #relGain

V = [1, 2, 3, 4, 5, 6, 7, 8, 9, 10, 11, 12, 13, 14, 15, 16, 17, 18, 19, 20, 21, 22, 23, 24, 25, 26, 27, 28, 29, 30, 31, 32, 33, 34, 35, 36, 37, 38, 39, 40, 41, 42, 43, 44, 45, 46, 47, 48, 49, 50, 51, 52, 53, 54, 55, 56, 57, 58, 59, 60, 61, 62, 63, 64, 65, 66, 67, 68, 69, 70, 71, 72, 73, 74, 75, 76, 77, 78, 79, 80]
A = [(1, 18), (18, 1), (1, 25), (25, 1), (1, 38), (38, 1), (1, 64), (64, 1), (2, 6), (6, 2), (2, 9), (9, 2), (2, 28), (28, 2), (2, 39), (39, 2), (2, 46), (46, 2), (2, 47), (47, 2), (2, 52), (52, 2), (2, 58), (58, 2), (2, 61), (61, 2), (3, 5), (5, 3), (3, 63), (63, 3), (3, 65), (65, 3), (3, 67), (67, 3), (3, 78), (78, 3), (4, 13), (13, 4), (4, 53), (53, 4), (4, 54), (54, 4), (4, 61), (61, 4), (4, 78), (78, 4), (5, 15), (15, 5), (5, 16), (16, 5), (5, 72), (72, 5), (6, 19), (19, 6), (6, 20), (20, 6), (6, 40), (40, 6), (7, 56), (56, 7), (7, 72), (72, 7), (8, 15), (15, 8), (8, 21), (21, 8), (8, 35), (35, 8), (8, 36), (36, 8), (8, 54), (54, 8), (8, 77), (77, 8), (9, 44), (44, 9), (9, 47), (47, 9), (9, 77), (77, 9), (9, 78), (78, 9), (10, 15), (15, 10), (10, 17), (17, 10), (10, 21), (21, 10), (10, 24), (24, 10), (10, 27), (27, 10), (10, 46), (46, 10), (10, 49), (49, 10), (10, 57), (57, 10), (11, 24), (24, 11), (11, 45), (45, 11), (12, 24), (24, 12), (12, 25), (25, 12), (12, 46), (46, 12), (12, 53), (53, 12), (12, 72), (72, 12), (12, 80), (80, 12), (13, 53), (53, 13), (14, 43), (43, 14), (14, 76), (76, 14), (15, 46), (46, 15), (15, 53), (53, 15), (15, 65), (65, 15), (15, 67), (67, 15), (15, 69), (69, 15), (15, 75), (75, 15), (16, 26), (26, 16), (16, 68), (68, 16), (17, 25), (25, 17), (17, 55), (55, 17), (17, 71), (71, 17), (17, 72), (72, 17), (18, 57), (57, 18), (18, 72), (72, 18), (19, 20), (20, 19), (19, 23), (23, 19), (19, 24), (24, 19), (19, 47), (47, 19), (19, 64), (64, 19), (20, 41), (41, 20), (21, 42), (42, 21), (21, 60), (60, 21), (21, 76), (76, 21), (21, 77), (77, 21), (22, 37), (37, 22), (22, 71), (71, 22), (23, 41), (41, 23), (23, 66), (66, 23), (24, 66), (66, 24), (24, 72), (72, 24), (25, 60), (60, 25), (26, 47), (47, 26), (27, 29), (29, 27), (27, 50), (50, 27), (27, 71), (71, 27), (27, 78), (78, 27), (28, 31), (31, 28), (28, 41), (41, 28), (28, 48), (48, 28), (28, 59), (59, 28), (29, 35), (35, 29), (29, 71), (71, 29), (32, 41), (41, 32), (32, 46), (46, 32), (33, 38), (38, 33), (35, 73), (73, 35), (36, 50), (50, 36), (36, 66), (66, 36), (38, 43), (43, 38), (38, 53), (53, 38), (38, 70), (70, 38), (39, 40), (40, 39), (39, 45), (45, 39), (39, 53), (53, 39), (40, 46), (46, 40), (40, 70), (70, 40), (41, 56), (56, 41), (41, 66), (66, 41), (42, 44), (44, 42), (42, 55), (55, 42), (42, 57), (57, 42), (42, 70), (70, 42), (43, 46), (46, 43), (43, 50), (50, 43), (43, 69), (69, 43), (44, 64), (64, 44), (45, 70), (70, 45), (47, 62), (62, 47), (47, 78), (78, 47), (48, 51), (51, 48), (48, 53), (53, 48), (48, 62), (62, 48), (48, 73), (73, 48), (49, 55), (55, 49), (49, 67), (67, 49), (49, 79), (79, 49), (51, 67), (67, 51), (52, 56), (56, 52), (52, 65), (65, 52), (53, 63), (63, 53), (54, 59), (59, 54), (54, 61), (61, 54), (56, 58), (58, 56), (57, 59), (59, 57), (57, 69), (69, 57), (57, 72), (72, 57), (59, 62), (62, 59), (61, 64), (64, 61), (63, 79), (79, 63), (64, 79), (79, 64), (65, 76), (76, 65), (65, 77), (77, 65), (66, 68), (68, 66), (68, 71), (71, 68), (70, 80), (80, 70), (71, 77), (77, 71), (71, 80), (80, 71), (75, 79), (79, 75)]
Z_dad = [28, 38, 71]
Y_dad = [15]
X_dad = [5, 47, 66]
Z_da-ad = [28, 38, 71]
Y_da-ad = [49]
X_da-ad = [5, 47, 66]
