no              #fail
182.314         #totTm
0.404           #lastADTm
7               #itDAD
1.333           #avItADGoal
6               #itADOpt
13              #opt
12              #optDA-AD
3.057           #tmDA
7.7             #relGain

V = [1, 2, 3, 4, 5, 6, 7, 8, 9, 10, 11, 12, 13, 14, 15, 16, 17, 18, 19, 20, 21, 22, 23, 24, 25, 26, 27, 28, 29, 30, 31, 32, 33, 34, 35, 36, 37, 38, 39, 40, 41, 42, 43, 44, 45, 46, 47, 48, 49, 50, 51, 52, 53, 54, 55, 56, 57, 58, 59, 60, 61, 62, 63, 64, 65, 66, 67, 68, 69, 70, 71, 72, 73, 74, 75, 76, 77, 78, 79, 80]
A = [(1, 18), (18, 1), (1, 25), (25, 1), (1, 44), (44, 1), (1, 57), (57, 1), (2, 53), (53, 2), (2, 55), (55, 2), (2, 59), (59, 2), (2, 67), (67, 2), (2, 70), (70, 2), (2, 77), (77, 2), (3, 16), (16, 3), (3, 43), (43, 3), (3, 49), (49, 3), (3, 50), (50, 3), (3, 62), (62, 3), (4, 5), (5, 4), (4, 28), (28, 4), (4, 61), (61, 4), (5, 45), (45, 5), (5, 47), (47, 5), (5, 74), (74, 5), (5, 76), (76, 5), (6, 10), (10, 6), (6, 38), (38, 6), (6, 74), (74, 6), (7, 10), (10, 7), (7, 39), (39, 7), (7, 40), (40, 7), (7, 49), (49, 7), (7, 56), (56, 7), (7, 79), (79, 7), (8, 13), (13, 8), (8, 20), (20, 8), (8, 45), (45, 8), (9, 27), (27, 9), (9, 34), (34, 9), (10, 14), (14, 10), (10, 22), (22, 10), (10, 47), (47, 10), (10, 49), (49, 10), (10, 76), (76, 10), (11, 22), (22, 11), (11, 66), (66, 11), (12, 21), (21, 12), (12, 54), (54, 12), (12, 57), (57, 12), (12, 71), (71, 12), (13, 48), (48, 13), (13, 67), (67, 13), (14, 16), (16, 14), (15, 17), (17, 15), (15, 43), (43, 15), (15, 61), (61, 15), (16, 51), (51, 16), (16, 60), (60, 16), (16, 61), (61, 16), (16, 65), (65, 16), (17, 24), (24, 17), (17, 30), (30, 17), (17, 64), (64, 17), (17, 65), (65, 17), (17, 75), (75, 17), (18, 23), (23, 18), (18, 50), (50, 18), (18, 53), (53, 18), (19, 36), (36, 19), (19, 69), (69, 19), (20, 57), (57, 20), (20, 62), (62, 20), (20, 65), (65, 20), (21, 29), (29, 21), (21, 35), (35, 21), (21, 50), (50, 21), (21, 61), (61, 21), (22, 35), (35, 22), (22, 54), (54, 22), (23, 38), (38, 23), (23, 51), (51, 23), (23, 56), (56, 23), (24, 70), (70, 24), (24, 71), (71, 24), (25, 26), (26, 25), (25, 33), (33, 25), (25, 36), (36, 25), (26, 34), (34, 26), (26, 69), (69, 26), (26, 71), (71, 26), (26, 79), (79, 26), (27, 51), (51, 27), (27, 58), (58, 27), (27, 68), (68, 27), (27, 80), (80, 27), (29, 48), (48, 29), (29, 55), (55, 29), (30, 32), (32, 30), (30, 34), (34, 30), (30, 57), (57, 30), (30, 64), (64, 30), (30, 66), (66, 30), (30, 70), (70, 30), (31, 38), (38, 31), (31, 44), (44, 31), (31, 51), (51, 31), (31, 66), (66, 31), (32, 63), (63, 32), (32, 78), (78, 32), (33, 74), (74, 33), (34, 40), (40, 34), (34, 48), (48, 34), (34, 57), (57, 34), (35, 49), (49, 35), (35, 74), (74, 35), (36, 44), (44, 36), (36, 64), (64, 36), (37, 53), (53, 37), (37, 60), (60, 37), (38, 52), (52, 38), (39, 42), (42, 39), (39, 60), (60, 39), (39, 70), (70, 39), (39, 79), (79, 39), (39, 80), (80, 39), (40, 45), (45, 40), (41, 77), (77, 41), (42, 56), (56, 42), (45, 79), (79, 45), (46, 52), (52, 46), (47, 55), (55, 47), (47, 60), (60, 47), (48, 51), (51, 48), (48, 71), (71, 48), (48, 73), (73, 48), (49, 56), (56, 49), (50, 55), (55, 50), (50, 65), (65, 50), (50, 79), (79, 50), (51, 55), (55, 51), (51, 80), (80, 51), (52, 74), (74, 52), (53, 61), (61, 53), (55, 64), (64, 55), (56, 66), (66, 56), (56, 70), (70, 56), (57, 63), (63, 57), (57, 68), (68, 57), (57, 79), (79, 57), (59, 61), (61, 59), (60, 69), (69, 60), (61, 72), (72, 61), (65, 72), (72, 65), (68, 72), (72, 68), (70, 73), (73, 70), (70, 80), (80, 70), (71, 77), (77, 71), (72, 79), (79, 72), (73, 77), (77, 73), (73, 78), (78, 73), (73, 80), (80, 73)]
Z_dad = [10, 25, 61]
Y_dad = [35]
X_dad = [5, 38, 74]
Z_da-ad = [38, 74, 77]
Y_da-ad = [61]
X_da-ad = [4, 10, 16]
