no              #fail
27.422          #totTm
0.641           #lastADTm
7               #itDAD
1.667           #avItADGoal
12              #itADOpt
16              #opt
15              #optDA-AD
1.361           #tmDA
6.2             #relGain

V = [1, 2, 3, 4, 5, 6, 7, 8, 9, 10, 11, 12, 13, 14, 15, 16, 17, 18, 19, 20, 21, 22, 23, 24, 25, 26, 27, 28, 29, 30, 31, 32, 33, 34, 35, 36, 37, 38, 39, 40, 41, 42, 43, 44, 45, 46, 47, 48, 49, 50, 51, 52, 53, 54, 55, 56, 57, 58, 59, 60, 61, 62, 63, 64, 65, 66, 67, 68, 69, 70, 71, 72, 73, 74, 75, 76, 77, 78, 79, 80]
A = [(1, 27), (27, 1), (1, 77), (77, 1), (2, 12), (12, 2), (2, 29), (29, 2), (2, 58), (58, 2), (2, 68), (68, 2), (2, 72), (72, 2), (3, 43), (43, 3), (3, 75), (75, 3), (3, 78), (78, 3), (3, 80), (80, 3), (4, 13), (13, 4), (4, 38), (38, 4), (4, 39), (39, 4), (4, 50), (50, 4), (4, 77), (77, 4), (5, 7), (7, 5), (5, 31), (31, 5), (5, 38), (38, 5), (6, 37), (37, 6), (6, 45), (45, 6), (6, 59), (59, 6), (6, 65), (65, 6), (7, 48), (48, 7), (7, 56), (56, 7), (8, 41), (41, 8), (8, 74), (74, 8), (9, 21), (21, 9), (9, 23), (23, 9), (9, 28), (28, 9), (9, 53), (53, 9), (10, 32), (32, 10), (11, 12), (12, 11), (11, 21), (21, 11), (11, 75), (75, 11), (12, 58), (58, 12), (13, 35), (35, 13), (13, 39), (39, 13), (13, 40), (40, 13), (13, 56), (56, 13), (13, 70), (70, 13), (14, 30), (30, 14), (14, 42), (42, 14), (14, 46), (46, 14), (14, 53), (53, 14), (15, 54), (54, 15), (16, 46), (46, 16), (16, 54), (54, 16), (16, 58), (58, 16), (16, 70), (70, 16), (17, 19), (19, 17), (17, 20), (20, 17), (17, 23), (23, 17), (17, 39), (39, 17), (17, 43), (43, 17), (17, 46), (46, 17), (17, 48), (48, 17), (17, 59), (59, 17), (18, 26), (26, 18), (18, 69), (69, 18), (19, 30), (30, 19), (19, 41), (41, 19), (19, 62), (62, 19), (19, 75), (75, 19), (20, 24), (24, 20), (21, 40), (40, 21), (21, 71), (71, 21), (22, 27), (27, 22), (22, 45), (45, 22), (22, 64), (64, 22), (22, 68), (68, 22), (23, 30), (30, 23), (23, 37), (37, 23), (23, 55), (55, 23), (23, 57), (57, 23), (23, 66), (66, 23), (24, 36), (36, 24), (24, 51), (51, 24), (24, 64), (64, 24), (24, 80), (80, 24), (25, 32), (32, 25), (25, 41), (41, 25), (25, 49), (49, 25), (25, 68), (68, 25), (25, 78), (78, 25), (26, 80), (80, 26), (27, 46), (46, 27), (28, 41), (41, 28), (28, 67), (67, 28), (28, 75), (75, 28), (29, 37), (37, 29), (30, 34), (34, 30), (30, 36), (36, 30), (30, 59), (59, 30), (30, 61), (61, 30), (31, 65), (65, 31), (32, 50), (50, 32), (33, 56), (56, 33), (33, 73), (73, 33), (34, 55), (55, 34), (35, 40), (40, 35), (35, 73), (73, 35), (35, 75), (75, 35), (36, 56), (56, 36), (36, 74), (74, 36), (36, 75), (75, 36), (36, 78), (78, 36), (37, 66), (66, 37), (37, 75), (75, 37), (37, 77), (77, 37), (39, 68), (68, 39), (40, 73), (73, 40), (41, 45), (45, 41), (41, 56), (56, 41), (41, 66), (66, 41), (43, 49), (49, 43), (43, 52), (52, 43), (43, 59), (59, 43), (43, 63), (63, 43), (43, 80), (80, 43), (44, 50), (50, 44), (45, 72), (72, 45), (45, 80), (80, 45), (47, 78), (78, 47), (48, 69), (69, 48), (48, 74), (74, 48), (48, 78), (78, 48), (49, 69), (69, 49), (51, 78), (78, 51), (52, 63), (63, 52), (52, 75), (75, 52), (52, 80), (80, 52), (53, 58), (58, 53), (53, 77), (77, 53), (54, 56), (56, 54), (54, 59), (59, 54), (54, 62), (62, 54), (54, 70), (70, 54), (54, 73), (73, 54), (55, 72), (72, 55), (56, 59), (59, 56), (56, 70), (70, 56), (56, 71), (71, 56), (56, 79), (79, 56), (58, 71), (71, 58), (60, 61), (61, 60), (60, 63), (63, 60), (60, 75), (75, 60), (62, 78), (78, 62), (62, 79), (79, 62), (63, 74), (74, 63), (66, 76), (76, 66), (67, 73), (73, 67), (67, 76), (76, 67), (68, 75), (75, 68), (69, 77), (77, 69), (69, 79), (79, 69), (72, 74), (74, 72)]
Z_dad = [4, 6, 25]
Y_dad = [56]
X_dad = [7, 54, 78]
Z_da-ad = [4, 5, 25]
Y_da-ad = [23]
X_da-ad = [6, 14, 54]
