no              #fail
107.801         #totTm
0.469           #lastADTm
8               #itDAD
1.571           #avItADGoal
8               #itADOpt
17              #opt
16              #optDA-AD
1.734           #tmDA
5.9             #relGain

V = [1, 2, 3, 4, 5, 6, 7, 8, 9, 10, 11, 12, 13, 14, 15, 16, 17, 18, 19, 20, 21, 22, 23, 24, 25, 26, 27, 28, 29, 30, 31, 32, 33, 34, 35, 36, 37, 38, 39, 40, 41, 42, 43, 44, 45, 46, 47, 48, 49, 50, 51, 52, 53, 54, 55, 56, 57, 58, 59, 60, 61, 62, 63, 64, 65, 66, 67, 68, 69, 70, 71, 72, 73, 74, 75, 76, 77, 78, 79, 80]
A = [(1, 4), (4, 1), (1, 18), (18, 1), (1, 44), (44, 1), (1, 74), (74, 1), (2, 38), (38, 2), (2, 48), (48, 2), (2, 75), (75, 2), (3, 11), (11, 3), (3, 74), (74, 3), (4, 41), (41, 4), (4, 64), (64, 4), (4, 75), (75, 4), (5, 13), (13, 5), (5, 19), (19, 5), (5, 62), (62, 5), (6, 10), (10, 6), (6, 35), (35, 6), (7, 18), (18, 7), (8, 13), (13, 8), (8, 28), (28, 8), (8, 55), (55, 8), (8, 70), (70, 8), (9, 14), (14, 9), (9, 19), (19, 9), (9, 22), (22, 9), (9, 60), (60, 9), (10, 35), (35, 10), (10, 53), (53, 10), (10, 75), (75, 10), (11, 33), (33, 11), (11, 39), (39, 11), (11, 73), (73, 11), (11, 75), (75, 11), (11, 77), (77, 11), (12, 25), (25, 12), (12, 54), (54, 12), (13, 17), (17, 13), (13, 22), (22, 13), (13, 24), (24, 13), (13, 46), (46, 13), (13, 47), (47, 13), (13, 54), (54, 13), (13, 64), (64, 13), (14, 26), (26, 14), (14, 45), (45, 14), (14, 51), (51, 14), (14, 76), (76, 14), (15, 36), (36, 15), (15, 38), (38, 15), (15, 41), (41, 15), (15, 54), (54, 15), (16, 25), (25, 16), (16, 74), (74, 16), (17, 20), (20, 17), (17, 48), (48, 17), (18, 33), (33, 18), (18, 38), (38, 18), (18, 39), (39, 18), (18, 46), (46, 18), (18, 47), (47, 18), (19, 20), (20, 19), (19, 40), (40, 19), (19, 51), (51, 19), (19, 76), (76, 19), (19, 79), (79, 19), (20, 26), (26, 20), (20, 32), (32, 20), (20, 60), (60, 20), (21, 43), (43, 21), (21, 50), (50, 21), (21, 62), (62, 21), (21, 71), (71, 21), (21, 80), (80, 21), (22, 33), (33, 22), (22, 65), (65, 22), (23, 25), (25, 23), (23, 33), (33, 23), (23, 38), (38, 23), (23, 64), (64, 23), (23, 79), (79, 23), (24, 36), (36, 24), (25, 53), (53, 25), (25, 80), (80, 25), (26, 36), (36, 26), (27, 30), (30, 27), (27, 32), (32, 27), (27, 36), (36, 27), (27, 54), (54, 27), (27, 69), (69, 27), (27, 80), (80, 27), (28, 61), (61, 28), (28, 68), (68, 28), (28, 70), (70, 28), (29, 48), (48, 29), (29, 71), (71, 29), (29, 75), (75, 29), (30, 41), (41, 30), (30, 59), (59, 30), (30, 68), (68, 30), (30, 77), (77, 30), (31, 42), (42, 31), (31, 74), (74, 31), (32, 46), (46, 32), (33, 42), (42, 33), (33, 43), (43, 33), (33, 72), (72, 33), (35, 59), (59, 35), (36, 68), (68, 36), (37, 64), (64, 37), (37, 73), (73, 37), (37, 75), (75, 37), (38, 40), (40, 38), (38, 70), (70, 38), (39, 58), (58, 39), (39, 72), (72, 39), (40, 42), (42, 40), (40, 49), (49, 40), (40, 77), (77, 40), (40, 78), (78, 40), (41, 50), (50, 41), (41, 52), (52, 41), (41, 74), (74, 41), (41, 79), (79, 41), (42, 74), (74, 42), (42, 75), (75, 42), (42, 80), (80, 42), (44, 76), (76, 44), (45, 72), (72, 45), (46, 52), (52, 46), (47, 54), (54, 47), (48, 65), (65, 48), (48, 77), (77, 48), (49, 66), (66, 49), (49, 79), (79, 49), (49, 80), (80, 49), (50, 71), (71, 50), (51, 69), (69, 51), (52, 64), (64, 52), (52, 67), (67, 52), (54, 76), (76, 54), (56, 69), (69, 56), (57, 65), (65, 57), (57, 75), (75, 57), (57, 80), (80, 57), (58, 70), (70, 58), (60, 63), (63, 60), (62, 64), (64, 62), (62, 65), (65, 62), (62, 71), (71, 62), (63, 67), (67, 63), (65, 69), (69, 65), (65, 76), (76, 65), (66, 69), (69, 66), (67, 78), (78, 67), (68, 70), (70, 68), (70, 78), (78, 70), (71, 75), (75, 71), (74, 77), (77, 74)]
Z_dad = [13, 30, 70]
Y_dad = [75]
X_dad = [10, 18, 36]
Z_da-ad = [25, 30, 75]
Y_da-ad = [13]
X_da-ad = [8, 36, 70]
