no              #fail
510.497         #totTm
0.891           #lastADTm
10              #itDAD
1.556           #avItADGoal
17              #itADOpt
19              #opt
18              #optDA-AD
1.796           #tmDA
5.3             #relGain

V = [1, 2, 3, 4, 5, 6, 7, 8, 9, 10, 11, 12, 13, 14, 15, 16, 17, 18, 19, 20, 21, 22, 23, 24, 25, 26, 27, 28, 29, 30, 31, 32, 33, 34, 35, 36, 37, 38, 39, 40, 41, 42, 43, 44, 45, 46, 47, 48, 49, 50, 51, 52, 53, 54, 55, 56, 57, 58, 59, 60, 61, 62, 63, 64, 65, 66, 67, 68, 69, 70, 71, 72, 73, 74, 75, 76, 77, 78, 79, 80]
A = [(1, 23), (23, 1), (1, 29), (29, 1), (1, 64), (64, 1), (1, 75), (75, 1), (2, 9), (9, 2), (2, 37), (37, 2), (2, 51), (51, 2), (2, 78), (78, 2), (3, 19), (19, 3), (3, 76), (76, 3), (4, 10), (10, 4), (4, 11), (11, 4), (4, 40), (40, 4), (4, 72), (72, 4), (5, 43), (43, 5), (5, 44), (44, 5), (5, 47), (47, 5), (5, 55), (55, 5), (5, 56), (56, 5), (5, 67), (67, 5), (6, 47), (47, 6), (6, 50), (50, 6), (6, 68), (68, 6), (7, 24), (24, 7), (7, 31), (31, 7), (7, 33), (33, 7), (7, 78), (78, 7), (7, 79), (79, 7), (8, 37), (37, 8), (9, 12), (12, 9), (9, 67), (67, 9), (9, 69), (69, 9), (9, 74), (74, 9), (10, 15), (15, 10), (10, 43), (43, 10), (10, 56), (56, 10), (12, 32), (32, 12), (12, 40), (40, 12), (13, 15), (15, 13), (13, 36), (36, 13), (14, 32), (32, 14), (14, 61), (61, 14), (14, 78), (78, 14), (15, 23), (23, 15), (15, 66), (66, 15), (15, 70), (70, 15), (15, 74), (74, 15), (16, 36), (36, 16), (16, 46), (46, 16), (16, 58), (58, 16), (16, 59), (59, 16), (16, 71), (71, 16), (17, 50), (50, 17), (17, 52), (52, 17), (17, 64), (64, 17), (17, 65), (65, 17), (17, 75), (75, 17), (17, 79), (79, 17), (18, 39), (39, 18), (18, 46), (46, 18), (18, 51), (51, 18), (18, 78), (78, 18), (20, 25), (25, 20), (20, 35), (35, 20), (20, 49), (49, 20), (20, 77), (77, 20), (21, 24), (24, 21), (21, 29), (29, 21), (21, 33), (33, 21), (21, 36), (36, 21), (21, 55), (55, 21), (21, 80), (80, 21), (22, 30), (30, 22), (22, 41), (41, 22), (23, 69), (69, 23), (24, 28), (28, 24), (24, 37), (37, 24), (25, 28), (28, 25), (25, 41), (41, 25), (25, 45), (45, 25), (25, 52), (52, 25), (26, 37), (37, 26), (26, 72), (72, 26), (26, 80), (80, 26), (27, 49), (49, 27), (27, 56), (56, 27), (27, 70), (70, 27), (27, 75), (75, 27), (28, 41), (41, 28), (28, 61), (61, 28), (28, 80), (80, 28), (29, 53), (53, 29), (29, 58), (58, 29), (29, 68), (68, 29), (29, 79), (79, 29), (30, 44), (44, 30), (30, 54), (54, 30), (31, 45), (45, 31), (32, 65), (65, 32), (32, 77), (77, 32), (33, 49), (49, 33), (33, 50), (50, 33), (33, 62), (62, 33), (33, 75), (75, 33), (35, 60), (60, 35), (35, 62), (62, 35), (35, 65), (65, 35), (35, 71), (71, 35), (35, 72), (72, 35), (35, 73), (73, 35), (36, 65), (65, 36), (37, 77), (77, 37), (38, 45), (45, 38), (39, 64), (64, 39), (39, 71), (71, 39), (40, 76), (76, 40), (41, 53), (53, 41), (41, 65), (65, 41), (44, 60), (60, 44), (44, 63), (63, 44), (44, 77), (77, 44), (45, 52), (52, 45), (45, 57), (57, 45), (45, 65), (65, 45), (45, 69), (69, 45), (46, 49), (49, 46), (46, 52), (52, 46), (46, 58), (58, 46), (47, 48), (48, 47), (47, 66), (66, 47), (47, 72), (72, 47), (49, 68), (68, 49), (52, 60), (60, 52), (52, 61), (61, 52), (52, 69), (69, 52), (53, 57), (57, 53), (53, 75), (75, 53), (53, 80), (80, 53), (55, 65), (65, 55), (56, 70), (70, 56), (57, 80), (80, 57), (59, 69), (69, 59), (59, 78), (78, 59), (60, 77), (77, 60), (61, 68), (68, 61), (61, 69), (69, 61), (61, 79), (79, 61), (63, 64), (64, 63), (63, 71), (71, 63), (64, 68), (68, 64), (65, 66), (66, 65), (65, 68), (68, 65), (65, 69), (69, 65), (65, 71), (71, 65), (66, 68), (68, 66), (66, 73), (73, 66), (74, 77), (77, 74), (74, 78), (78, 74)]
Z_dad = [5, 9, 15]
Y_dad = [32]
X_dad = [12, 27, 72]
Z_da-ad = [4, 12, 37]
Y_da-ad = [5]
X_da-ad = [41, 44, 45]
