no              #fail
43.281          #totTm
0.507           #lastADTm
6               #itDAD
1.200           #avItADGoal
11              #itADOpt
18              #opt
17              #optDA-AD
2.134           #tmDA
5.6             #relGain

V = [1, 2, 3, 4, 5, 6, 7, 8, 9, 10, 11, 12, 13, 14, 15, 16, 17, 18, 19, 20, 21, 22, 23, 24, 25, 26, 27, 28, 29, 30, 31, 32, 33, 34, 35, 36, 37, 38, 39, 40, 41, 42, 43, 44, 45, 46, 47, 48, 49, 50, 51, 52, 53, 54, 55, 56, 57, 58, 59, 60, 61, 62, 63, 64, 65, 66, 67, 68, 69, 70, 71, 72, 73, 74, 75, 76, 77, 78, 79, 80]
A = [(1, 17), (17, 1), (1, 30), (30, 1), (1, 46), (46, 1), (2, 3), (3, 2), (2, 33), (33, 2), (2, 45), (45, 2), (2, 48), (48, 2), (2, 65), (65, 2), (2, 69), (69, 2), (3, 8), (8, 3), (3, 11), (11, 3), (3, 12), (12, 3), (3, 18), (18, 3), (3, 28), (28, 3), (3, 63), (63, 3), (3, 69), (69, 3), (3, 71), (71, 3), (3, 80), (80, 3), (4, 9), (9, 4), (4, 11), (11, 4), (4, 15), (15, 4), (4, 16), (16, 4), (4, 74), (74, 4), (5, 7), (7, 5), (5, 37), (37, 5), (5, 77), (77, 5), (5, 80), (80, 5), (6, 9), (9, 6), (6, 56), (56, 6), (7, 17), (17, 7), (7, 23), (23, 7), (7, 37), (37, 7), (8, 19), (19, 8), (8, 36), (36, 8), (9, 18), (18, 9), (9, 19), (19, 9), (9, 58), (58, 9), (9, 76), (76, 9), (10, 12), (12, 10), (10, 33), (33, 10), (10, 46), (46, 10), (10, 52), (52, 10), (10, 57), (57, 10), (10, 63), (63, 10), (11, 73), (73, 11), (12, 30), (30, 12), (12, 71), (71, 12), (14, 25), (25, 14), (14, 33), (33, 14), (14, 44), (44, 14), (14, 47), (47, 14), (14, 76), (76, 14), (14, 80), (80, 14), (15, 23), (23, 15), (15, 24), (24, 15), (15, 36), (36, 15), (15, 41), (41, 15), (15, 51), (51, 15), (15, 54), (54, 15), (15, 77), (77, 15), (16, 77), (77, 16), (17, 27), (27, 17), (18, 38), (38, 18), (18, 50), (50, 18), (18, 59), (59, 18), (19, 28), (28, 19), (19, 36), (36, 19), (19, 75), (75, 19), (19, 77), (77, 19), (20, 35), (35, 20), (20, 41), (41, 20), (20, 53), (53, 20), (20, 54), (54, 20), (21, 26), (26, 21), (21, 33), (33, 21), (21, 41), (41, 21), (21, 43), (43, 21), (21, 44), (44, 21), (22, 51), (51, 22), (22, 70), (70, 22), (23, 27), (27, 23), (23, 39), (39, 23), (23, 58), (58, 23), (23, 60), (60, 23), (23, 63), (63, 23), (23, 74), (74, 23), (24, 36), (36, 24), (24, 61), (61, 24), (25, 36), (36, 25), (25, 73), (73, 25), (26, 50), (50, 26), (26, 52), (52, 26), (27, 46), (46, 27), (27, 71), (71, 27), (27, 77), (77, 27), (28, 37), (37, 28), (28, 71), (71, 28), (30, 51), (51, 30), (31, 38), (38, 31), (31, 61), (61, 31), (31, 64), (64, 31), (31, 74), (74, 31), (32, 36), (36, 32), (32, 39), (39, 32), (32, 56), (56, 32), (32, 59), (59, 32), (33, 44), (44, 33), (34, 60), (60, 34), (35, 44), (44, 35), (35, 49), (49, 35), (35, 70), (70, 35), (36, 43), (43, 36), (36, 73), (73, 36), (37, 49), (49, 37), (37, 62), (62, 37), (37, 68), (68, 37), (38, 41), (41, 38), (38, 50), (50, 38), (38, 69), (69, 38), (38, 77), (77, 38), (41, 55), (55, 41), (43, 49), (49, 43), (43, 63), (63, 43), (44, 62), (62, 44), (44, 63), (63, 44), (45, 49), (49, 45), (45, 54), (54, 45), (45, 60), (60, 45), (45, 68), (68, 45), (46, 70), (70, 46), (46, 73), (73, 46), (47, 48), (48, 47), (47, 72), (72, 47), (48, 51), (51, 48), (49, 73), (73, 49), (51, 77), (77, 51), (51, 78), (78, 51), (51, 79), (79, 51), (53, 60), (60, 53), (54, 63), (63, 54), (54, 78), (78, 54), (55, 58), (58, 55), (55, 75), (75, 55), (55, 78), (78, 55), (57, 59), (59, 57), (57, 78), (78, 57), (58, 62), (62, 58), (58, 67), (67, 58), (58, 73), (73, 58), (59, 76), (76, 59), (60, 67), (67, 60), (65, 71), (71, 65), (68, 69), (69, 68), (68, 80), (80, 68), (70, 77), (77, 70), (75, 76), (76, 75), (76, 80), (80, 76), (77, 79), (79, 77)]
Z_dad = [9, 23, 32]
Y_dad = [3]
X_dad = [20, 45, 58]
Z_da-ad = [31, 47, 60]
Y_da-ad = [15]
X_da-ad = [9, 32, 58]
