no              #fail
291.893         #totTm
0.447           #lastADTm
8               #itDAD
1.429           #avItADGoal
9               #itADOpt
16              #opt
14              #optDA-AD
2.781           #tmDA
12.5            #relGain

V = [1, 2, 3, 4, 5, 6, 7, 8, 9, 10, 11, 12, 13, 14, 15, 16, 17, 18, 19, 20, 21, 22, 23, 24, 25, 26, 27, 28, 29, 30, 31, 32, 33, 34, 35, 36, 37, 38, 39, 40, 41, 42, 43, 44, 45, 46, 47, 48, 49, 50, 51, 52, 53, 54, 55, 56, 57, 58, 59, 60, 61, 62, 63, 64, 65, 66, 67, 68, 69, 70, 71, 72, 73, 74, 75, 76, 77, 78, 79, 80]
A = [(1, 14), (14, 1), (1, 32), (32, 1), (1, 54), (54, 1), (1, 62), (62, 1), (1, 64), (64, 1), (1, 69), (69, 1), (1, 71), (71, 1), (2, 21), (21, 2), (2, 29), (29, 2), (2, 32), (32, 2), (2, 62), (62, 2), (2, 75), (75, 2), (3, 6), (6, 3), (4, 5), (5, 4), (4, 11), (11, 4), (4, 23), (23, 4), (4, 37), (37, 4), (4, 55), (55, 4), (4, 56), (56, 4), (4, 68), (68, 4), (5, 45), (45, 5), (6, 20), (20, 6), (6, 55), (55, 6), (7, 20), (20, 7), (7, 35), (35, 7), (7, 45), (45, 7), (7, 51), (51, 7), (7, 52), (52, 7), (7, 65), (65, 7), (7, 73), (73, 7), (8, 16), (16, 8), (8, 46), (46, 8), (8, 47), (47, 8), (8, 76), (76, 8), (9, 11), (11, 9), (9, 28), (28, 9), (9, 34), (34, 9), (9, 70), (70, 9), (10, 68), (68, 10), (12, 32), (32, 12), (12, 57), (57, 12), (13, 29), (29, 13), (13, 34), (34, 13), (13, 58), (58, 13), (14, 17), (17, 14), (14, 38), (38, 14), (14, 44), (44, 14), (14, 49), (49, 14), (15, 18), (18, 15), (16, 47), (47, 16), (16, 52), (52, 16), (16, 57), (57, 16), (16, 58), (58, 16), (17, 25), (25, 17), (17, 48), (48, 17), (17, 65), (65, 17), (17, 69), (69, 17), (17, 74), (74, 17), (17, 75), (75, 17), (18, 22), (22, 18), (18, 37), (37, 18), (18, 52), (52, 18), (19, 59), (59, 19), (19, 66), (66, 19), (19, 78), (78, 19), (19, 79), (79, 19), (20, 21), (21, 20), (20, 37), (37, 20), (20, 41), (41, 20), (20, 61), (61, 20), (20, 63), (63, 20), (21, 34), (34, 21), (21, 48), (48, 21), (22, 56), (56, 22), (23, 39), (39, 23), (23, 46), (46, 23), (23, 57), (57, 23), (23, 58), (58, 23), (23, 70), (70, 23), (24, 52), (52, 24), (24, 66), (66, 24), (25, 38), (38, 25), (25, 41), (41, 25), (25, 47), (47, 25), (25, 49), (49, 25), (25, 63), (63, 25), (25, 71), (71, 25), (26, 42), (42, 26), (26, 74), (74, 26), (27, 57), (57, 27), (28, 40), (40, 28), (28, 74), (74, 28), (29, 47), (47, 29), (29, 54), (54, 29), (30, 38), (38, 30), (30, 44), (44, 30), (30, 69), (69, 30), (31, 58), (58, 31), (32, 42), (42, 32), (32, 49), (49, 32), (32, 61), (61, 32), (32, 64), (64, 32), (33, 51), (51, 33), (33, 55), (55, 33), (34, 37), (37, 34), (34, 50), (50, 34), (34, 68), (68, 34), (34, 72), (72, 34), (35, 37), (37, 35), (35, 41), (41, 35), (35, 59), (59, 35), (35, 74), (74, 35), (35, 78), (78, 35), (36, 47), (47, 36), (36, 74), (74, 36), (37, 52), (52, 37), (37, 74), (74, 37), (38, 57), (57, 38), (38, 70), (70, 38), (38, 73), (73, 38), (39, 64), (64, 39), (40, 71), (71, 40), (41, 48), (48, 41), (42, 49), (49, 42), (42, 62), (62, 42), (42, 63), (63, 42), (45, 60), (60, 45), (45, 69), (69, 45), (45, 74), (74, 45), (45, 80), (80, 45), (46, 53), (53, 46), (46, 57), (57, 46), (46, 77), (77, 46), (48, 54), (54, 48), (48, 63), (63, 48), (48, 73), (73, 48), (49, 67), (67, 49), (50, 59), (59, 50), (51, 75), (75, 51), (52, 72), (72, 52), (53, 68), (68, 53), (54, 67), (67, 54), (54, 72), (72, 54), (54, 80), (80, 54), (55, 69), (69, 55), (56, 59), (59, 56), (57, 64), (64, 57), (58, 74), (74, 58), (59, 71), (71, 59), (61, 66), (66, 61), (62, 66), (66, 62), (63, 64), (64, 63), (64, 65), (65, 64), (64, 70), (70, 64), (66, 74), (74, 66), (73, 80), (80, 73), (75, 76), (76, 75), (75, 78), (78, 75)]
Z_dad = [4, 34, 59]
Y_dad = [45]
X_dad = [18, 46, 58]
Z_da-ad = [46, 57, 68]
Y_da-ad = [58]
X_da-ad = [4, 18, 59]
