no              #fail
652.217         #totTm
0.460           #lastADTm
10              #itDAD
1.556           #avItADGoal
11              #itADOpt
17              #opt
17              #optDA-AD
2.519           #tmDA
0.0             #relGain

V = [1, 2, 3, 4, 5, 6, 7, 8, 9, 10, 11, 12, 13, 14, 15, 16, 17, 18, 19, 20, 21, 22, 23, 24, 25, 26, 27, 28, 29, 30, 31, 32, 33, 34, 35, 36, 37, 38, 39, 40, 41, 42, 43, 44, 45, 46, 47, 48, 49, 50, 51, 52, 53, 54, 55, 56, 57, 58, 59, 60, 61, 62, 63, 64, 65, 66, 67, 68, 69, 70, 71, 72, 73, 74, 75, 76, 77, 78, 79, 80]
A = [(1, 2), (2, 1), (1, 69), (69, 1), (2, 41), (41, 2), (2, 76), (76, 2), (3, 46), (46, 3), (3, 72), (72, 3), (4, 37), (37, 4), (4, 42), (42, 4), (4, 69), (69, 4), (5, 47), (47, 5), (5, 54), (54, 5), (5, 72), (72, 5), (6, 20), (20, 6), (6, 31), (31, 6), (6, 44), (44, 6), (6, 50), (50, 6), (6, 51), (51, 6), (6, 74), (74, 6), (7, 11), (11, 7), (7, 29), (29, 7), (7, 44), (44, 7), (7, 63), (63, 7), (7, 66), (66, 7), (8, 28), (28, 8), (8, 33), (33, 8), (8, 60), (60, 8), (9, 17), (17, 9), (9, 24), (24, 9), (9, 76), (76, 9), (10, 79), (79, 10), (11, 17), (17, 11), (11, 20), (20, 11), (11, 30), (30, 11), (11, 52), (52, 11), (11, 76), (76, 11), (12, 19), (19, 12), (12, 27), (27, 12), (12, 30), (30, 12), (12, 49), (49, 12), (12, 63), (63, 12), (13, 32), (32, 13), (13, 40), (40, 13), (13, 77), (77, 13), (14, 23), (23, 14), (14, 36), (36, 14), (14, 37), (37, 14), (14, 51), (51, 14), (14, 60), (60, 14), (14, 76), (76, 14), (14, 77), (77, 14), (16, 29), (29, 16), (17, 31), (31, 17), (17, 43), (43, 17), (17, 65), (65, 17), (18, 66), (66, 18), (18, 70), (70, 18), (19, 24), (24, 19), (19, 34), (34, 19), (19, 35), (35, 19), (19, 41), (41, 19), (19, 42), (42, 19), (19, 44), (44, 19), (19, 48), (48, 19), (19, 63), (63, 19), (19, 64), (64, 19), (19, 70), (70, 19), (19, 73), (73, 19), (20, 24), (24, 20), (20, 29), (29, 20), (21, 32), (32, 21), (21, 43), (43, 21), (21, 50), (50, 21), (21, 57), (57, 21), (22, 27), (27, 22), (22, 39), (39, 22), (22, 58), (58, 22), (22, 66), (66, 22), (23, 24), (24, 23), (23, 34), (34, 23), (23, 67), (67, 23), (23, 74), (74, 23), (23, 77), (77, 23), (24, 27), (27, 24), (24, 71), (71, 24), (25, 29), (29, 25), (25, 48), (48, 25), (25, 64), (64, 25), (26, 29), (29, 26), (26, 65), (65, 26), (27, 54), (54, 27), (27, 55), (55, 27), (27, 70), (70, 27), (28, 38), (38, 28), (28, 39), (39, 28), (28, 42), (42, 28), (28, 55), (55, 28), (28, 58), (58, 28), (28, 78), (78, 28), (29, 33), (33, 29), (29, 60), (60, 29), (29, 75), (75, 29), (30, 50), (50, 30), (30, 63), (63, 30), (30, 67), (67, 30), (31, 49), (49, 31), (31, 76), (76, 31), (32, 48), (48, 32), (33, 44), (44, 33), (34, 55), (55, 34), (35, 45), (45, 35), (35, 57), (57, 35), (36, 47), (47, 36), (36, 76), (76, 36), (37, 45), (45, 37), (37, 60), (60, 37), (37, 65), (65, 37), (38, 42), (42, 38), (38, 50), (50, 38), (39, 48), (48, 39), (39, 49), (49, 39), (39, 56), (56, 39), (39, 67), (67, 39), (40, 67), (67, 40), (40, 69), (69, 40), (41, 70), (70, 41), (42, 48), (48, 42), (42, 52), (52, 42), (44, 60), (60, 44), (44, 72), (72, 44), (45, 50), (50, 45), (45, 65), (65, 45), (46, 59), (59, 46), (47, 48), (48, 47), (48, 73), (73, 48), (50, 76), (76, 50), (52, 53), (53, 52), (52, 74), (74, 52), (52, 78), (78, 52), (52, 79), (79, 52), (54, 65), (65, 54), (54, 67), (67, 54), (56, 67), (67, 56), (57, 64), (64, 57), (57, 67), (67, 57), (58, 67), (67, 58), (60, 70), (70, 60), (61, 63), (63, 61), (62, 77), (77, 62), (63, 64), (64, 63), (65, 76), (76, 65), (65, 79), (79, 65), (66, 70), (70, 66), (67, 80), (80, 67), (69, 70), (70, 69), (70, 77), (77, 70), (71, 79), (79, 71), (72, 78), (78, 72), (74, 79), (79, 74)]
Z_dad = [24, 29, 52]
Y_dad = [65]
X_dad = [28, 72, 79]
Z_da-ad = [29, 63, 72]
Y_da-ad = [77]
X_da-ad = [52, 65, 79]
