no              #fail
1590.415        #totTm
0.841           #lastADTm
11              #itDAD
1.600           #avItADGoal
15              #itADOpt
15              #opt
13              #optDA-AD
1.818           #tmDA
13.3            #relGain

V = [1, 2, 3, 4, 5, 6, 7, 8, 9, 10, 11, 12, 13, 14, 15, 16, 17, 18, 19, 20, 21, 22, 23, 24, 25, 26, 27, 28, 29, 30, 31, 32, 33, 34, 35, 36, 37, 38, 39, 40, 41, 42, 43, 44, 45, 46, 47, 48, 49, 50, 51, 52, 53, 54, 55, 56, 57, 58, 59, 60, 61, 62, 63, 64, 65, 66, 67, 68, 69, 70, 71, 72, 73, 74, 75, 76, 77, 78, 79, 80]
A = [(1, 2), (2, 1), (1, 4), (4, 1), (1, 5), (5, 1), (1, 22), (22, 1), (1, 27), (27, 1), (1, 66), (66, 1), (2, 25), (25, 2), (2, 34), (34, 2), (2, 39), (39, 2), (2, 41), (41, 2), (2, 48), (48, 2), (2, 65), (65, 2), (2, 76), (76, 2), (3, 16), (16, 3), (3, 55), (55, 3), (3, 75), (75, 3), (4, 8), (8, 4), (4, 21), (21, 4), (5, 22), (22, 5), (5, 31), (31, 5), (5, 80), (80, 5), (6, 68), (68, 6), (6, 70), (70, 6), (7, 73), (73, 7), (8, 15), (15, 8), (8, 16), (16, 8), (8, 18), (18, 8), (8, 26), (26, 8), (8, 33), (33, 8), (8, 68), (68, 8), (9, 18), (18, 9), (9, 36), (36, 9), (9, 43), (43, 9), (10, 54), (54, 10), (10, 59), (59, 10), (11, 68), (68, 11), (12, 63), (63, 12), (12, 76), (76, 12), (13, 46), (46, 13), (13, 77), (77, 13), (13, 79), (79, 13), (14, 39), (39, 14), (14, 40), (40, 14), (14, 59), (59, 14), (14, 68), (68, 14), (15, 23), (23, 15), (15, 30), (30, 15), (15, 42), (42, 15), (15, 52), (52, 15), (15, 80), (80, 15), (16, 25), (25, 16), (16, 29), (29, 16), (16, 48), (48, 16), (16, 80), (80, 16), (18, 44), (44, 18), (18, 52), (52, 18), (18, 60), (60, 18), (18, 66), (66, 18), (18, 74), (74, 18), (18, 77), (77, 18), (19, 39), (39, 19), (19, 57), (57, 19), (19, 62), (62, 19), (19, 65), (65, 19), (19, 80), (80, 19), (20, 25), (25, 20), (21, 24), (24, 21), (21, 33), (33, 21), (23, 25), (25, 23), (23, 32), (32, 23), (25, 42), (42, 25), (25, 45), (45, 25), (25, 75), (75, 25), (26, 50), (50, 26), (26, 76), (76, 26), (27, 35), (35, 27), (27, 41), (41, 27), (27, 56), (56, 27), (28, 48), (48, 28), (28, 68), (68, 28), (28, 74), (74, 28), (28, 75), (75, 28), (29, 40), (40, 29), (30, 34), (34, 30), (30, 35), (35, 30), (30, 36), (36, 30), (30, 45), (45, 30), (31, 61), (61, 31), (31, 69), (69, 31), (32, 40), (40, 32), (32, 72), (72, 32), (32, 74), (74, 32), (33, 34), (34, 33), (33, 72), (72, 33), (34, 44), (44, 34), (34, 51), (51, 34), (34, 72), (72, 34), (34, 73), (73, 34), (35, 49), (49, 35), (35, 54), (54, 35), (35, 55), (55, 35), (35, 59), (59, 35), (35, 62), (62, 35), (36, 79), (79, 36), (37, 59), (59, 37), (37, 60), (60, 37), (37, 76), (76, 37), (38, 42), (42, 38), (38, 62), (62, 38), (38, 70), (70, 38), (38, 71), (71, 38), (39, 48), (48, 39), (39, 54), (54, 39), (39, 66), (66, 39), (40, 49), (49, 40), (40, 71), (71, 40), (42, 62), (62, 42), (42, 67), (67, 42), (42, 70), (70, 42), (42, 74), (74, 42), (43, 67), (67, 43), (43, 73), (73, 43), (44, 51), (51, 44), (44, 63), (63, 44), (45, 52), (52, 45), (47, 66), (66, 47), (48, 54), (54, 48), (49, 54), (54, 49), (49, 65), (65, 49), (49, 71), (71, 49), (49, 80), (80, 49), (50, 69), (69, 50), (51, 53), (53, 51), (51, 59), (59, 51), (51, 74), (74, 51), (52, 54), (54, 52), (52, 64), (64, 52), (52, 71), (71, 52), (52, 73), (73, 52), (55, 60), (60, 55), (56, 61), (61, 56), (56, 62), (62, 56), (57, 76), (76, 57), (58, 66), (66, 58), (58, 72), (72, 58), (60, 71), (71, 60), (60, 78), (78, 60), (61, 65), (65, 61), (61, 72), (72, 61), (63, 70), (70, 63), (63, 71), (71, 63), (65, 71), (71, 65), (68, 74), (74, 68), (70, 72), (72, 70), (72, 75), (75, 72), (72, 78), (78, 72), (74, 79), (79, 74), (77, 78), (78, 77)]
Z_dad = [1, 8, 80]
Y_dad = [76]
X_dad = [26, 33, 61]
Z_da-ad = [13, 21, 25]
Y_da-ad = [52]
X_da-ad = [66, 68, 73]
