no              #fail
499.905         #totTm
0.738           #lastADTm
9               #itDAD
1.500           #avItADGoal
12              #itADOpt
14              #opt
12              #optDA-AD
3.635           #tmDA
14.3            #relGain

V = [1, 2, 3, 4, 5, 6, 7, 8, 9, 10, 11, 12, 13, 14, 15, 16, 17, 18, 19, 20, 21, 22, 23, 24, 25, 26, 27, 28, 29, 30, 31, 32, 33, 34, 35, 36, 37, 38, 39, 40, 41, 42, 43, 44, 45, 46, 47, 48, 49, 50, 51, 52, 53, 54, 55, 56, 57, 58, 59, 60, 61, 62, 63, 64, 65, 66, 67, 68, 69, 70, 71, 72, 73, 74, 75, 76, 77, 78, 79, 80]
A = [(1, 12), (12, 1), (1, 13), (13, 1), (1, 61), (61, 1), (1, 65), (65, 1), (1, 80), (80, 1), (2, 9), (9, 2), (2, 73), (73, 2), (2, 74), (74, 2), (2, 75), (75, 2), (3, 10), (10, 3), (3, 12), (12, 3), (3, 21), (21, 3), (3, 37), (37, 3), (3, 48), (48, 3), (4, 5), (5, 4), (4, 22), (22, 4), (4, 41), (41, 4), (4, 52), (52, 4), (4, 57), (57, 4), (4, 60), (60, 4), (4, 64), (64, 4), (5, 7), (7, 5), (5, 17), (17, 5), (5, 24), (24, 5), (5, 73), (73, 5), (6, 7), (7, 6), (6, 19), (19, 6), (6, 40), (40, 6), (6, 48), (48, 6), (7, 9), (9, 7), (7, 11), (11, 7), (7, 60), (60, 7), (7, 61), (61, 7), (7, 74), (74, 7), (8, 18), (18, 8), (8, 20), (20, 8), (8, 28), (28, 8), (8, 48), (48, 8), (8, 52), (52, 8), (8, 57), (57, 8), (9, 10), (10, 9), (9, 45), (45, 9), (9, 50), (50, 9), (9, 73), (73, 9), (10, 28), (28, 10), (10, 51), (51, 10), (11, 14), (14, 11), (11, 33), (33, 11), (11, 49), (49, 11), (11, 58), (58, 11), (11, 62), (62, 11), (11, 65), (65, 11), (12, 38), (38, 12), (13, 70), (70, 13), (13, 72), (72, 13), (14, 36), (36, 14), (14, 53), (53, 14), (14, 63), (63, 14), (14, 79), (79, 14), (15, 32), (32, 15), (15, 36), (36, 15), (16, 25), (25, 16), (16, 39), (39, 16), (16, 43), (43, 16), (16, 70), (70, 16), (17, 56), (56, 17), (17, 71), (71, 17), (19, 26), (26, 19), (19, 47), (47, 19), (19, 59), (59, 19), (19, 68), (68, 19), (19, 73), (73, 19), (20, 33), (33, 20), (20, 59), (59, 20), (20, 62), (62, 20), (20, 77), (77, 20), (21, 50), (50, 21), (22, 27), (27, 22), (22, 32), (32, 22), (22, 56), (56, 22), (22, 73), (73, 22), (22, 79), (79, 22), (23, 59), (59, 23), (23, 63), (63, 23), (23, 69), (69, 23), (24, 28), (28, 24), (25, 44), (44, 25), (25, 79), (79, 25), (26, 49), (49, 26), (26, 70), (70, 26), (27, 50), (50, 27), (27, 62), (62, 27), (28, 54), (54, 28), (28, 58), (58, 28), (29, 64), (64, 29), (29, 72), (72, 29), (30, 67), (67, 30), (31, 46), (46, 31), (32, 48), (48, 32), (32, 53), (53, 32), (32, 55), (55, 32), (32, 56), (56, 32), (33, 35), (35, 33), (33, 73), (73, 33), (33, 77), (77, 33), (34, 35), (35, 34), (35, 37), (37, 35), (35, 52), (52, 35), (36, 40), (40, 36), (36, 59), (59, 36), (36, 62), (62, 36), (36, 70), (70, 36), (38, 43), (43, 38), (38, 58), (58, 38), (38, 64), (64, 38), (38, 66), (66, 38), (39, 40), (40, 39), (39, 57), (57, 39), (39, 58), (58, 39), (39, 74), (74, 39), (40, 43), (43, 40), (40, 51), (51, 40), (40, 61), (61, 40), (40, 67), (67, 40), (41, 45), (45, 41), (41, 69), (69, 41), (42, 45), (45, 42), (42, 51), (51, 42), (43, 66), (66, 43), (43, 77), (77, 43), (46, 56), (56, 46), (46, 71), (71, 46), (47, 70), (70, 47), (48, 60), (60, 48), (50, 67), (67, 50), (51, 55), (55, 51), (51, 68), (68, 51), (51, 77), (77, 51), (51, 79), (79, 51), (52, 58), (58, 52), (53, 58), (58, 53), (53, 71), (71, 53), (53, 78), (78, 53), (54, 64), (64, 54), (56, 71), (71, 56), (56, 73), (73, 56), (58, 79), (79, 58), (59, 63), (63, 59), (60, 73), (73, 60), (61, 67), (67, 61), (62, 66), (66, 62), (67, 79), (79, 67), (69, 75), (75, 69), (70, 76), (76, 70), (71, 79), (79, 71), (72, 78), (78, 72), (73, 74), (74, 73), (74, 76), (76, 74)]
Z_dad = [11, 19, 70]
Y_dad = [53]
X_dad = [1, 64, 78]
Z_da-ad = [8, 25, 67]
Y_da-ad = [11]
X_da-ad = [1, 3, 35]
