no              #fail
31.962          #totTm
0.492           #lastADTm
5               #itDAD
1.000           #avItADGoal
10              #itADOpt
16              #opt
15              #optDA-AD
2.337           #tmDA
6.2             #relGain

V = [1, 2, 3, 4, 5, 6, 7, 8, 9, 10, 11, 12, 13, 14, 15, 16, 17, 18, 19, 20, 21, 22, 23, 24, 25, 26, 27, 28, 29, 30, 31, 32, 33, 34, 35, 36, 37, 38, 39, 40, 41, 42, 43, 44, 45, 46, 47, 48, 49, 50, 51, 52, 53, 54, 55, 56, 57, 58, 59, 60, 61, 62, 63, 64, 65, 66, 67, 68, 69, 70, 71, 72, 73, 74, 75, 76, 77, 78, 79, 80]
A = [(1, 4), (4, 1), (1, 33), (33, 1), (1, 42), (42, 1), (1, 44), (44, 1), (1, 59), (59, 1), (1, 72), (72, 1), (1, 77), (77, 1), (2, 22), (22, 2), (2, 34), (34, 2), (2, 47), (47, 2), (2, 73), (73, 2), (3, 47), (47, 3), (3, 54), (54, 3), (3, 56), (56, 3), (3, 61), (61, 3), (3, 75), (75, 3), (4, 6), (6, 4), (4, 9), (9, 4), (4, 47), (47, 4), (4, 54), (54, 4), (4, 68), (68, 4), (4, 78), (78, 4), (5, 16), (16, 5), (5, 40), (40, 5), (5, 50), (50, 5), (5, 71), (71, 5), (6, 27), (27, 6), (6, 35), (35, 6), (6, 62), (62, 6), (7, 16), (16, 7), (7, 63), (63, 7), (7, 70), (70, 7), (8, 34), (34, 8), (8, 35), (35, 8), (8, 54), (54, 8), (9, 17), (17, 9), (9, 29), (29, 9), (9, 48), (48, 9), (9, 55), (55, 9), (9, 75), (75, 9), (9, 76), (76, 9), (9, 80), (80, 9), (10, 33), (33, 10), (10, 71), (71, 10), (11, 15), (15, 11), (11, 49), (49, 11), (11, 69), (69, 11), (12, 26), (26, 12), (12, 36), (36, 12), (13, 28), (28, 13), (13, 36), (36, 13), (13, 60), (60, 13), (13, 74), (74, 13), (14, 23), (23, 14), (14, 26), (26, 14), (14, 41), (41, 14), (14, 48), (48, 14), (14, 49), (49, 14), (14, 61), (61, 14), (14, 63), (63, 14), (15, 27), (27, 15), (15, 60), (60, 15), (15, 66), (66, 15), (15, 72), (72, 15), (16, 31), (31, 16), (16, 34), (34, 16), (16, 36), (36, 16), (17, 19), (19, 17), (17, 22), (22, 17), (17, 40), (40, 17), (17, 47), (47, 17), (17, 51), (51, 17), (17, 67), (67, 17), (17, 71), (71, 17), (17, 73), (73, 17), (18, 21), (21, 18), (18, 68), (68, 18), (19, 40), (40, 19), (19, 51), (51, 19), (19, 72), (72, 19), (20, 32), (32, 20), (20, 38), (38, 20), (20, 43), (43, 20), (20, 58), (58, 20), (20, 73), (73, 20), (20, 75), (75, 20), (22, 62), (62, 22), (23, 31), (31, 23), (23, 56), (56, 23), (24, 60), (60, 24), (24, 63), (63, 24), (25, 36), (36, 25), (26, 28), (28, 26), (26, 53), (53, 26), (27, 29), (29, 27), (27, 68), (68, 27), (28, 34), (34, 28), (28, 54), (54, 28), (28, 59), (59, 28), (28, 70), (70, 28), (29, 33), (33, 29), (29, 36), (36, 29), (29, 39), (39, 29), (29, 49), (49, 29), (29, 65), (65, 29), (29, 67), (67, 29), (29, 73), (73, 29), (30, 47), (47, 30), (30, 50), (50, 30), (32, 33), (33, 32), (32, 50), (50, 32), (32, 65), (65, 32), (33, 38), (38, 33), (33, 53), (53, 33), (33, 68), (68, 33), (33, 76), (76, 33), (34, 48), (48, 34), (35, 36), (36, 35), (35, 48), (48, 35), (35, 59), (59, 35), (36, 62), (62, 36), (36, 66), (66, 36), (38, 55), (55, 38), (39, 80), (80, 39), (40, 54), (54, 40), (41, 42), (42, 41), (41, 62), (62, 41), (42, 46), (46, 42), (42, 53), (53, 42), (42, 67), (67, 42), (43, 67), (67, 43), (44, 79), (79, 44), (46, 48), (48, 46), (46, 71), (71, 46), (47, 62), (62, 47), (49, 71), (71, 49), (51, 80), (80, 51), (53, 70), (70, 53), (54, 60), (60, 54), (55, 64), (64, 55), (55, 67), (67, 55), (56, 63), (63, 56), (57, 76), (76, 57), (58, 64), (64, 58), (58, 74), (74, 58), (58, 79), (79, 58), (59, 73), (73, 59), (59, 76), (76, 59), (60, 63), (63, 60), (61, 69), (69, 61), (62, 64), (64, 62), (63, 71), (71, 63), (64, 73), (73, 64), (68, 79), (79, 68), (71, 79), (79, 71), (72, 77), (77, 72), (73, 76), (76, 73), (77, 79), (79, 77)]
Z_dad = [15, 36, 68]
Y_dad = [17]
X_dad = [1, 19, 79]
Z_da-ad = [4, 68, 76]
Y_da-ad = [15]
X_da-ad = [13, 36, 58]
