no              #fail
9.616           #totTm
0.653           #lastADTm
5               #itDAD
1.000           #avItADGoal
11              #itADOpt
15              #opt
14              #optDA-AD
1.28            #tmDA
6.7             #relGain

V = [1, 2, 3, 4, 5, 6, 7, 8, 9, 10, 11, 12, 13, 14, 15, 16, 17, 18, 19, 20, 21, 22, 23, 24, 25, 26, 27, 28, 29, 30, 31, 32, 33, 34, 35, 36, 37, 38, 39, 40, 41, 42, 43, 44, 45, 46, 47, 48, 49, 50, 51, 52, 53, 54, 55, 56, 57, 58, 59, 60, 61, 62, 63, 64, 65, 66, 67, 68, 69, 70, 71, 72, 73, 74, 75, 76, 77, 78, 79, 80]
A = [(1, 8), (8, 1), (1, 47), (47, 1), (1, 61), (61, 1), (1, 67), (67, 1), (2, 49), (49, 2), (2, 53), (53, 2), (2, 71), (71, 2), (2, 80), (80, 2), (3, 30), (30, 3), (3, 43), (43, 3), (3, 51), (51, 3), (4, 25), (25, 4), (4, 31), (31, 4), (4, 69), (69, 4), (5, 50), (50, 5), (5, 77), (77, 5), (6, 52), (52, 6), (7, 35), (35, 7), (7, 37), (37, 7), (7, 56), (56, 7), (7, 76), (76, 7), (8, 41), (41, 8), (8, 46), (46, 8), (8, 56), (56, 8), (8, 65), (65, 8), (9, 16), (16, 9), (9, 19), (19, 9), (9, 48), (48, 9), (9, 61), (61, 9), (9, 73), (73, 9), (10, 11), (11, 10), (10, 25), (25, 10), (10, 29), (29, 10), (10, 32), (32, 10), (10, 49), (49, 10), (10, 55), (55, 10), (10, 57), (57, 10), (10, 62), (62, 10), (10, 74), (74, 10), (11, 14), (14, 11), (11, 20), (20, 11), (11, 28), (28, 11), (11, 54), (54, 11), (11, 72), (72, 11), (12, 14), (14, 12), (12, 36), (36, 12), (12, 46), (46, 12), (12, 53), (53, 12), (13, 18), (18, 13), (13, 20), (20, 13), (13, 79), (79, 13), (14, 23), (23, 14), (14, 24), (24, 14), (14, 49), (49, 14), (15, 20), (20, 15), (15, 38), (38, 15), (15, 40), (40, 15), (15, 76), (76, 15), (16, 38), (38, 16), (16, 41), (41, 16), (16, 69), (69, 16), (17, 29), (29, 17), (17, 32), (32, 17), (17, 33), (33, 17), (17, 38), (38, 17), (18, 29), (29, 18), (18, 41), (41, 18), (18, 66), (66, 18), (19, 37), (37, 19), (19, 46), (46, 19), (19, 47), (47, 19), (19, 53), (53, 19), (19, 59), (59, 19), (19, 68), (68, 19), (20, 39), (39, 20), (20, 59), (59, 20), (20, 75), (75, 20), (20, 79), (79, 20), (21, 38), (38, 21), (21, 54), (54, 21), (21, 56), (56, 21), (21, 66), (66, 21), (21, 79), (79, 21), (22, 32), (32, 22), (23, 25), (25, 23), (23, 28), (28, 23), (23, 36), (36, 23), (23, 42), (42, 23), (23, 50), (50, 23), (23, 52), (52, 23), (24, 36), (36, 24), (24, 40), (40, 24), (24, 52), (52, 24), (25, 37), (37, 25), (25, 55), (55, 25), (25, 64), (64, 25), (25, 69), (69, 25), (26, 31), (31, 26), (26, 46), (46, 26), (27, 29), (29, 27), (27, 43), (43, 27), (27, 53), (53, 27), (27, 71), (71, 27), (28, 43), (43, 28), (28, 78), (78, 28), (30, 31), (31, 30), (30, 34), (34, 30), (30, 51), (51, 30), (31, 41), (41, 31), (32, 39), (39, 32), (32, 57), (57, 32), (32, 76), (76, 32), (33, 53), (53, 33), (33, 65), (65, 33), (35, 46), (46, 35), (35, 58), (58, 35), (35, 65), (65, 35), (36, 54), (54, 36), (36, 70), (70, 36), (38, 46), (46, 38), (38, 60), (60, 38), (38, 66), (66, 38), (38, 75), (75, 38), (39, 53), (53, 39), (39, 60), (60, 39), (39, 67), (67, 39), (41, 72), (72, 41), (42, 65), (65, 42), (43, 56), (56, 43), (43, 64), (64, 43), (44, 70), (70, 44), (45, 61), (61, 45), (45, 76), (76, 45), (46, 54), (54, 46), (46, 65), (65, 46), (47, 61), (61, 47), (48, 50), (50, 48), (48, 62), (62, 48), (52, 54), (54, 52), (53, 66), (66, 53), (53, 79), (79, 53), (54, 63), (63, 54), (55, 60), (60, 55), (55, 68), (68, 55), (55, 72), (72, 55), (55, 80), (80, 55), (56, 58), (58, 56), (56, 69), (69, 56), (58, 77), (77, 58), (61, 64), (64, 61), (64, 77), (77, 64), (65, 75), (75, 65), (67, 78), (78, 67), (70, 77), (77, 70), (70, 78), (78, 70), (71, 75), (75, 71), (73, 80), (80, 73), (75, 80), (80, 75)]
Z_dad = [10, 31, 43]
Y_dad = [53]
X_dad = [32, 48, 52]
Z_da-ad = [31, 43, 70]
Y_da-ad = [32]
X_da-ad = [23, 24, 54]
