no              #fail
245.312         #totTm
0.888           #lastADTm
9               #itDAD
1.500           #avItADGoal
18              #itADOpt
19              #opt
18              #optDA-AD
3.041           #tmDA
5.3             #relGain

V = [1, 2, 3, 4, 5, 6, 7, 8, 9, 10, 11, 12, 13, 14, 15, 16, 17, 18, 19, 20, 21, 22, 23, 24, 25, 26, 27, 28, 29, 30, 31, 32, 33, 34, 35, 36, 37, 38, 39, 40, 41, 42, 43, 44, 45, 46, 47, 48, 49, 50, 51, 52, 53, 54, 55, 56, 57, 58, 59, 60, 61, 62, 63, 64, 65, 66, 67, 68, 69, 70, 71, 72, 73, 74, 75, 76, 77, 78, 79, 80]
A = [(1, 44), (44, 1), (1, 76), (76, 1), (1, 78), (78, 1), (1, 79), (79, 1), (2, 30), (30, 2), (2, 66), (66, 2), (2, 77), (77, 2), (3, 19), (19, 3), (3, 22), (22, 3), (3, 36), (36, 3), (3, 43), (43, 3), (3, 48), (48, 3), (3, 50), (50, 3), (3, 51), (51, 3), (3, 63), (63, 3), (4, 18), (18, 4), (4, 27), (27, 4), (4, 51), (51, 4), (4, 76), (76, 4), (4, 79), (79, 4), (5, 68), (68, 5), (5, 76), (76, 5), (5, 78), (78, 5), (7, 56), (56, 7), (8, 63), (63, 8), (9, 63), (63, 9), (10, 50), (50, 10), (10, 57), (57, 10), (10, 76), (76, 10), (11, 38), (38, 11), (11, 58), (58, 11), (11, 64), (64, 11), (11, 70), (70, 11), (12, 13), (13, 12), (12, 32), (32, 12), (12, 37), (37, 12), (12, 60), (60, 12), (12, 67), (67, 12), (13, 33), (33, 13), (13, 61), (61, 13), (13, 63), (63, 13), (14, 16), (16, 14), (14, 31), (31, 14), (14, 36), (36, 14), (14, 64), (64, 14), (15, 55), (55, 15), (15, 57), (57, 15), (15, 77), (77, 15), (16, 30), (30, 16), (17, 27), (27, 17), (17, 30), (30, 17), (17, 39), (39, 17), (17, 54), (54, 17), (17, 58), (58, 17), (17, 59), (59, 17), (18, 70), (70, 18), (19, 38), (38, 19), (19, 65), (65, 19), (19, 66), (66, 19), (20, 53), (53, 20), (21, 35), (35, 21), (21, 43), (43, 21), (21, 76), (76, 21), (22, 66), (66, 22), (23, 35), (35, 23), (23, 44), (44, 23), (23, 63), (63, 23), (24, 54), (54, 24), (24, 61), (61, 24), (25, 27), (27, 25), (25, 34), (34, 25), (25, 75), (75, 25), (26, 49), (49, 26), (26, 55), (55, 26), (26, 66), (66, 26), (27, 71), (71, 27), (27, 80), (80, 27), (28, 38), (38, 28), (29, 36), (36, 29), (29, 52), (52, 29), (29, 64), (64, 29), (30, 34), (34, 30), (30, 43), (43, 30), (30, 45), (45, 30), (30, 79), (79, 30), (31, 69), (69, 31), (31, 74), (74, 31), (31, 76), (76, 31), (32, 59), (59, 32), (33, 64), (64, 33), (33, 75), (75, 33), (34, 43), (43, 34), (36, 41), (41, 36), (36, 43), (43, 36), (36, 57), (57, 36), (37, 45), (45, 37), (37, 55), (55, 37), (37, 76), (76, 37), (38, 49), (49, 38), (38, 50), (50, 38), (38, 57), (57, 38), (38, 58), (58, 38), (39, 47), (47, 39), (39, 61), (61, 39), (39, 80), (80, 39), (41, 65), (65, 41), (43, 49), (49, 43), (43, 62), (62, 43), (43, 67), (67, 43), (44, 54), (54, 44), (45, 56), (56, 45), (45, 61), (61, 45), (47, 63), (63, 47), (47, 69), (69, 47), (48, 50), (50, 48), (48, 56), (56, 48), (48, 66), (66, 48), (48, 79), (79, 48), (49, 51), (51, 49), (49, 74), (74, 49), (50, 66), (66, 50), (50, 67), (67, 50), (50, 75), (75, 50), (51, 63), (63, 51), (51, 65), (65, 51), (51, 70), (70, 51), (51, 73), (73, 51), (52, 66), (66, 52), (53, 54), (54, 53), (53, 75), (75, 53), (55, 74), (74, 55), (56, 61), (61, 56), (56, 68), (68, 56), (56, 69), (69, 56), (57, 62), (62, 57), (57, 64), (64, 57), (57, 65), (65, 57), (59, 65), (65, 59), (59, 66), (66, 59), (60, 62), (62, 60), (61, 69), (69, 61), (61, 80), (80, 61), (62, 67), (67, 62), (63, 64), (64, 63), (63, 65), (65, 63), (63, 67), (67, 63), (63, 72), (72, 63), (64, 76), (76, 64), (65, 75), (75, 65), (66, 79), (79, 66), (66, 80), (80, 66), (68, 69), (69, 68), (68, 75), (75, 68), (70, 79), (79, 70), (71, 73), (73, 71), (73, 75), (75, 73), (75, 76), (76, 75), (76, 79), (79, 76)]
Z_dad = [61, 63, 75]
Y_dad = [17]
X_dad = [1, 21, 54]
Z_da-ad = [38, 56, 63]
Y_da-ad = [43]
X_da-ad = [1, 21, 54]
