no              #fail
808.150         #totTm
0.526           #lastADTm
10              #itDAD
1.556           #avItADGoal
9               #itADOpt
17              #opt
17              #optDA-AD
1.878           #tmDA
0.0             #relGain

V = [1, 2, 3, 4, 5, 6, 7, 8, 9, 10, 11, 12, 13, 14, 15, 16, 17, 18, 19, 20, 21, 22, 23, 24, 25, 26, 27, 28, 29, 30, 31, 32, 33, 34, 35, 36, 37, 38, 39, 40, 41, 42, 43, 44, 45, 46, 47, 48, 49, 50, 51, 52, 53, 54, 55, 56, 57, 58, 59, 60, 61, 62, 63, 64, 65, 66, 67, 68, 69, 70, 71, 72, 73, 74, 75, 76, 77, 78, 79, 80]
A = [(1, 12), (12, 1), (1, 26), (26, 1), (1, 50), (50, 1), (1, 73), (73, 1), (2, 3), (3, 2), (2, 10), (10, 2), (2, 60), (60, 2), (2, 65), (65, 2), (3, 6), (6, 3), (3, 19), (19, 3), (3, 39), (39, 3), (3, 60), (60, 3), (4, 14), (14, 4), (4, 26), (26, 4), (4, 28), (28, 4), (4, 47), (47, 4), (4, 48), (48, 4), (4, 49), (49, 4), (4, 50), (50, 4), (5, 16), (16, 5), (5, 47), (47, 5), (5, 57), (57, 5), (6, 51), (51, 6), (6, 53), (53, 6), (6, 60), (60, 6), (6, 69), (69, 6), (6, 77), (77, 6), (7, 79), (79, 7), (8, 12), (12, 8), (8, 31), (31, 8), (8, 35), (35, 8), (8, 42), (42, 8), (8, 65), (65, 8), (9, 33), (33, 9), (9, 36), (36, 9), (9, 66), (66, 9), (9, 69), (69, 9), (10, 32), (32, 10), (10, 38), (38, 10), (10, 39), (39, 10), (10, 57), (57, 10), (10, 80), (80, 10), (11, 35), (35, 11), (11, 41), (41, 11), (11, 56), (56, 11), (11, 65), (65, 11), (11, 69), (69, 11), (12, 32), (32, 12), (12, 48), (48, 12), (12, 53), (53, 12), (12, 74), (74, 12), (13, 70), (70, 13), (13, 71), (71, 13), (14, 18), (18, 14), (14, 22), (22, 14), (14, 69), (69, 14), (14, 79), (79, 14), (15, 28), (28, 15), (15, 31), (31, 15), (15, 59), (59, 15), (15, 77), (77, 15), (16, 23), (23, 16), (16, 45), (45, 16), (16, 58), (58, 16), (16, 59), (59, 16), (16, 70), (70, 16), (17, 20), (20, 17), (17, 31), (31, 17), (19, 49), (49, 19), (19, 80), (80, 19), (21, 70), (70, 21), (22, 25), (25, 22), (22, 43), (43, 22), (23, 39), (39, 23), (23, 60), (60, 23), (23, 62), (62, 23), (24, 80), (80, 24), (25, 43), (43, 25), (25, 44), (44, 25), (25, 70), (70, 25), (25, 76), (76, 25), (26, 37), (37, 26), (26, 38), (38, 26), (26, 57), (57, 26), (26, 76), (76, 26), (27, 36), (36, 27), (27, 66), (66, 27), (28, 55), (55, 28), (28, 61), (61, 28), (29, 35), (35, 29), (29, 53), (53, 29), (29, 80), (80, 29), (30, 31), (31, 30), (30, 60), (60, 30), (30, 63), (63, 30), (30, 73), (73, 30), (31, 38), (38, 31), (31, 45), (45, 31), (31, 50), (50, 31), (31, 66), (66, 31), (32, 44), (44, 32), (32, 58), (58, 32), (33, 61), (61, 33), (33, 62), (62, 33), (33, 76), (76, 33), (34, 41), (41, 34), (34, 56), (56, 34), (35, 60), (60, 35), (35, 69), (69, 35), (35, 74), (74, 35), (36, 53), (53, 36), (37, 40), (40, 37), (37, 44), (44, 37), (37, 50), (50, 37), (37, 65), (65, 37), (37, 73), (73, 37), (38, 62), (62, 38), (38, 66), (66, 38), (39, 77), (77, 39), (40, 60), (60, 40), (40, 77), (77, 40), (43, 76), (76, 43), (44, 76), (76, 44), (45, 58), (58, 45), (45, 75), (75, 45), (45, 80), (80, 45), (47, 52), (52, 47), (47, 54), (54, 47), (47, 64), (64, 47), (48, 61), (61, 48), (49, 57), (57, 49), (50, 65), (65, 50), (51, 53), (53, 51), (51, 76), (76, 51), (52, 72), (72, 52), (52, 77), (77, 52), (53, 71), (71, 53), (54, 65), (65, 54), (55, 71), (71, 55), (55, 77), (77, 55), (56, 58), (58, 56), (57, 69), (69, 57), (57, 78), (78, 57), (58, 75), (75, 58), (59, 63), (63, 59), (59, 73), (73, 59), (59, 74), (74, 59), (59, 78), (78, 59), (59, 80), (80, 59), (62, 63), (63, 62), (65, 73), (73, 65), (67, 71), (71, 67), (67, 79), (79, 67), (70, 72), (72, 70), (70, 74), (74, 70), (70, 75), (75, 70), (72, 73), (73, 72), (77, 79), (79, 77)]
Z_dad = [31, 70, 80]
Y_dad = [16]
X_dad = [14, 71, 77]
Z_da-ad = [11, 31, 58]
Y_da-ad = [80]
X_da-ad = [70, 71, 79]
