no              #fail
2017.062        #totTm
2003.324        #lastADTm
10              #itDAD
1.000           #avItADGoal
620             #itADOpt
48              #opt
48              #optDA-AD
49.65           #tmDA
0.0             #relGain

V = [1, 2, 3, 4, 5, 6, 7, 8, 9, 10, 11, 12, 13, 14, 15, 16, 17, 18, 19, 20, 21, 22, 23, 24, 25, 26, 27, 28, 29, 30, 31, 32, 33, 34, 35, 36, 37, 38, 39, 40, 41, 42, 43, 44, 45, 46, 47, 48, 49, 50, 51, 52, 53, 54, 55, 56, 57, 58, 59, 60, 61, 62, 63, 64, 65, 66, 67, 68, 69, 70, 71, 72, 73, 74, 75, 76, 77, 78, 79, 80]
A = [(2, 1), (1, 2), (3, 1), (1, 3), (4, 3), (3, 4), (5, 3), (3, 5), (6, 5), (5, 6), (7, 6), (6, 7), (8, 2), (2, 8), (9, 1), (1, 9), (10, 3), (3, 10), (11, 6), (6, 11), (12, 7), (7, 12), (13, 1), (1, 13), (14, 2), (2, 14), (15, 13), (13, 15), (16, 3), (3, 16), (17, 14), (14, 17), (18, 16), (16, 18), (19, 16), (16, 19), (20, 6), (6, 20), (21, 14), (14, 21), (22, 12), (12, 22), (23, 15), (15, 23), (24, 7), (7, 24), (25, 12), (12, 25), (26, 3), (3, 26), (27, 7), (7, 27), (28, 5), (5, 28), (29, 18), (18, 29), (30, 8), (8, 30), (31, 21), (21, 31), (32, 18), (18, 32), (33, 29), (29, 33), (34, 20), (20, 34), (35, 24), (24, 35), (36, 29), (29, 36), (37, 16), (16, 37), (38, 33), (33, 38), (39, 5), (5, 39), (40, 5), (5, 40), (41, 8), (8, 41), (42, 29), (29, 42), (43, 5), (5, 43), (44, 8), (8, 44), (45, 16), (16, 45), (46, 37), (37, 46), (47, 11), (11, 47), (48, 35), (35, 48), (49, 42), (42, 49), (50, 44), (44, 50), (51, 39), (39, 51), (52, 33), (33, 52), (53, 17), (17, 53), (54, 21), (21, 54), (55, 5), (5, 55), (56, 35), (35, 56), (57, 54), (54, 57), (58, 19), (19, 58), (59, 19), (19, 59), (60, 38), (38, 60), (61, 49), (49, 61), (62, 61), (61, 62), (63, 28), (28, 63), (64, 6), (6, 64), (65, 39), (39, 65), (66, 13), (13, 66), (67, 6), (6, 67), (68, 39), (39, 68), (69, 64), (64, 69), (70, 64), (64, 70), (71, 36), (36, 71), (72, 66), (66, 72), (73, 72), (72, 73), (74, 61), (61, 74), (75, 27), (27, 75), (76, 31), (31, 76), (77, 10), (10, 77), (78, 15), (15, 78), (79, 14), (14, 79), (80, 66), (66, 80)]
Z_dad = [2, 3, 6]
Y_dad = [5, 7, 29]
X_dad = [18]
Z_da-ad = [2, 3, 6]
Y_da-ad = [5, 7, 29]
X_da-ad = [18]
