no              #fail
4914.471        #totTm
4899.480        #lastADTm
12              #itDAD
1.000           #avItADGoal
987             #itADOpt
47              #opt
47              #optDA-AD
281.2           #tmDA
0.0             #relGain

V = [1, 2, 3, 4, 5, 6, 7, 8, 9, 10, 11, 12, 13, 14, 15, 16, 17, 18, 19, 20, 21, 22, 23, 24, 25, 26, 27, 28, 29, 30, 31, 32, 33, 34, 35, 36, 37, 38, 39, 40, 41, 42, 43, 44, 45, 46, 47, 48, 49, 50, 51, 52, 53, 54, 55, 56, 57, 58, 59, 60, 61, 62, 63, 64, 65, 66, 67, 68, 69, 70, 71, 72, 73, 74, 75, 76, 77, 78, 79, 80]
A = [(2, 1), (1, 2), (3, 2), (2, 3), (4, 2), (2, 4), (5, 3), (3, 5), (6, 3), (3, 6), (7, 1), (1, 7), (8, 6), (6, 8), (9, 7), (7, 9), (10, 4), (4, 10), (11, 5), (5, 11), (12, 11), (11, 12), (13, 1), (1, 13), (14, 2), (2, 14), (15, 9), (9, 15), (16, 6), (6, 16), (17, 8), (8, 17), (18, 6), (6, 18), (19, 4), (4, 19), (20, 12), (12, 20), (21, 19), (19, 21), (22, 17), (17, 22), (23, 2), (2, 23), (24, 7), (7, 24), (25, 16), (16, 25), (26, 12), (12, 26), (27, 24), (24, 27), (28, 18), (18, 28), (29, 26), (26, 29), (30, 27), (27, 30), (31, 5), (5, 31), (32, 3), (3, 32), (33, 12), (12, 33), (34, 2), (2, 34), (35, 32), (32, 35), (36, 20), (20, 36), (37, 5), (5, 37), (38, 8), (8, 38), (39, 12), (12, 39), (40, 10), (10, 40), (41, 26), (26, 41), (42, 9), (9, 42), (43, 11), (11, 43), (44, 6), (6, 44), (45, 23), (23, 45), (46, 20), (20, 46), (47, 17), (17, 47), (48, 35), (35, 48), (49, 8), (8, 49), (50, 32), (32, 50), (51, 18), (18, 51), (52, 42), (42, 52), (53, 18), (18, 53), (54, 13), (13, 54), (55, 33), (33, 55), (56, 1), (1, 56), (57, 9), (9, 57), (58, 17), (17, 58), (59, 42), (42, 59), (60, 8), (8, 60), (61, 28), (28, 61), (62, 25), (25, 62), (63, 44), (44, 63), (64, 39), (39, 64), (65, 33), (33, 65), (66, 11), (11, 66), (67, 13), (13, 67), (68, 17), (17, 68), (69, 5), (5, 69), (70, 12), (12, 70), (71, 66), (66, 71), (72, 31), (31, 72), (73, 52), (52, 73), (74, 20), (20, 74), (75, 53), (53, 75), (76, 19), (19, 76), (77, 37), (37, 77), (78, 21), (21, 78), (79, 52), (52, 79), (80, 39), (39, 80)]
Z_dad = [2, 6, 12]
Y_dad = [5, 7, 8]
X_dad = [9]
Z_da-ad = [2, 6, 12]
Y_da-ad = [5, 7, 38]
X_da-ad = [8]
