no              #fail
4796.427        #totTm
4781.542        #lastADTm
10              #itDAD
1.000           #avItADGoal
990             #itADOpt
47              #opt
47              #optDA-AD
423.2           #tmDA
0.0             #relGain

V = [1, 2, 3, 4, 5, 6, 7, 8, 9, 10, 11, 12, 13, 14, 15, 16, 17, 18, 19, 20, 21, 22, 23, 24, 25, 26, 27, 28, 29, 30, 31, 32, 33, 34, 35, 36, 37, 38, 39, 40, 41, 42, 43, 44, 45, 46, 47, 48, 49, 50, 51, 52, 53, 54, 55, 56, 57, 58, 59, 60, 61, 62, 63, 64, 65, 66, 67, 68, 69, 70, 71, 72, 73, 74, 75, 76, 77, 78, 79, 80]
A = [(2, 1), (1, 2), (3, 1), (1, 3), (4, 1), (1, 4), (5, 3), (3, 5), (6, 1), (1, 6), (7, 5), (5, 7), (8, 6), (6, 8), (9, 7), (7, 9), (10, 4), (4, 10), (11, 4), (4, 11), (12, 2), (2, 12), (13, 3), (3, 13), (14, 10), (10, 14), (15, 10), (10, 15), (16, 4), (4, 16), (17, 10), (10, 17), (18, 12), (12, 18), (19, 10), (10, 19), (20, 9), (9, 20), (21, 16), (16, 21), (22, 7), (7, 22), (23, 6), (6, 23), (24, 11), (11, 24), (25, 9), (9, 25), (26, 12), (12, 26), (27, 13), (13, 27), (28, 9), (9, 28), (29, 27), (27, 29), (30, 3), (3, 30), (31, 2), (2, 31), (32, 30), (30, 32), (33, 2), (2, 33), (34, 5), (5, 34), (35, 5), (5, 35), (36, 12), (12, 36), (37, 15), (15, 37), (38, 26), (26, 38), (39, 31), (31, 39), (40, 38), (38, 40), (41, 8), (8, 41), (42, 27), (27, 42), (43, 21), (21, 43), (44, 15), (15, 44), (45, 17), (17, 45), (46, 12), (12, 46), (47, 16), (16, 47), (48, 1), (1, 48), (49, 29), (29, 49), (50, 22), (22, 50), (51, 34), (34, 51), (52, 4), (4, 52), (53, 17), (17, 53), (54, 44), (44, 54), (55, 45), (45, 55), (56, 34), (34, 56), (57, 5), (5, 57), (58, 16), (16, 58), (59, 41), (41, 59), (60, 37), (37, 60), (61, 20), (20, 61), (62, 10), (10, 62), (63, 54), (54, 63), (64, 13), (13, 64), (65, 41), (41, 65), (66, 48), (48, 66), (67, 39), (39, 67), (68, 7), (7, 68), (69, 2), (2, 69), (70, 53), (53, 70), (71, 4), (4, 71), (72, 31), (31, 72), (73, 9), (9, 73), (74, 38), (38, 74), (75, 26), (26, 75), (76, 46), (46, 76), (77, 12), (12, 77), (78, 36), (36, 78), (79, 44), (44, 79), (80, 24), (24, 80)]
Z_dad = [1, 10, 12]
Y_dad = [5, 47, 72]
X_dad = [7]
Z_da-ad = [1, 5, 10]
Y_da-ad = [7, 12, 16]
X_da-ad = [2]
