no              #fail
5059.580        #totTm
5043.649        #lastADTm
10              #itDAD
1.000           #avItADGoal
979             #itADOpt
51              #opt
51              #optDA-AD
177.7           #tmDA
0.0             #relGain

V = [1, 2, 3, 4, 5, 6, 7, 8, 9, 10, 11, 12, 13, 14, 15, 16, 17, 18, 19, 20, 21, 22, 23, 24, 25, 26, 27, 28, 29, 30, 31, 32, 33, 34, 35, 36, 37, 38, 39, 40, 41, 42, 43, 44, 45, 46, 47, 48, 49, 50, 51, 52, 53, 54, 55, 56, 57, 58, 59, 60, 61, 62, 63, 64, 65, 66, 67, 68, 69, 70, 71, 72, 73, 74, 75, 76, 77, 78, 79, 80]
A = [(2, 1), (1, 2), (3, 1), (1, 3), (4, 3), (3, 4), (5, 3), (3, 5), (6, 3), (3, 6), (7, 1), (1, 7), (8, 7), (7, 8), (9, 8), (8, 9), (10, 9), (9, 10), (11, 4), (4, 11), (12, 8), (8, 12), (13, 6), (6, 13), (14, 2), (2, 14), (15, 2), (2, 15), (16, 3), (3, 16), (17, 15), (15, 17), (18, 17), (17, 18), (19, 6), (6, 19), (20, 10), (10, 20), (21, 2), (2, 21), (22, 19), (19, 22), (23, 4), (4, 23), (24, 16), (16, 24), (25, 21), (21, 25), (26, 2), (2, 26), (27, 12), (12, 27), (28, 23), (23, 28), (29, 11), (11, 29), (30, 16), (16, 30), (31, 28), (28, 31), (32, 23), (23, 32), (33, 25), (25, 33), (34, 20), (20, 34), (35, 29), (29, 35), (36, 33), (33, 36), (37, 11), (11, 37), (38, 21), (21, 38), (39, 13), (13, 39), (40, 35), (35, 40), (41, 24), (24, 41), (42, 9), (9, 42), (43, 10), (10, 43), (44, 10), (10, 44), (45, 37), (37, 45), (46, 25), (25, 46), (47, 23), (23, 47), (48, 18), (18, 48), (49, 36), (36, 49), (50, 48), (48, 50), (51, 11), (11, 51), (52, 40), (40, 52), (53, 2), (2, 53), (54, 53), (53, 54), (55, 6), (6, 55), (56, 23), (23, 56), (57, 45), (45, 57), (58, 29), (29, 58), (59, 56), (56, 59), (60, 44), (44, 60), (61, 55), (55, 61), (62, 11), (11, 62), (63, 32), (32, 63), (64, 40), (40, 64), (65, 61), (61, 65), (66, 6), (6, 66), (67, 22), (22, 67), (68, 15), (15, 68), (69, 29), (29, 69), (70, 57), (57, 70), (71, 24), (24, 71), (72, 5), (5, 72), (73, 3), (3, 73), (74, 4), (4, 74), (75, 40), (40, 75), (76, 57), (57, 76), (77, 13), (13, 77), (78, 18), (18, 78), (79, 30), (30, 79), (80, 63), (63, 80)]
Z_dad = [2, 3, 11]
Y_dad = [6, 9, 23]
X_dad = [10]
Z_da-ad = [2, 3, 11]
Y_da-ad = [6, 9, 23]
X_da-ad = [10]
