no              #fail
3812.744        #totTm
3805.233        #lastADTm
7               #itDAD
1.000           #avItADGoal
856             #itADOpt
56              #opt
56              #optDA-AD
68.5            #tmDA
0.0             #relGain

V = [1, 2, 3, 4, 5, 6, 7, 8, 9, 10, 11, 12, 13, 14, 15, 16, 17, 18, 19, 20, 21, 22, 23, 24, 25, 26, 27, 28, 29, 30, 31, 32, 33, 34, 35, 36, 37, 38, 39, 40, 41, 42, 43, 44, 45, 46, 47, 48, 49, 50, 51, 52, 53, 54, 55, 56, 57, 58, 59, 60, 61, 62, 63, 64, 65, 66, 67, 68, 69, 70, 71, 72, 73, 74, 75, 76, 77, 78, 79, 80]
A = [(2, 1), (1, 2), (3, 2), (2, 3), (4, 3), (3, 4), (5, 1), (1, 5), (6, 3), (3, 6), (7, 3), (3, 7), (8, 5), (5, 8), (9, 3), (3, 9), (10, 9), (9, 10), (11, 5), (5, 11), (12, 8), (8, 12), (13, 3), (3, 13), (14, 4), (4, 14), (15, 12), (12, 15), (16, 8), (8, 16), (17, 11), (11, 17), (18, 11), (11, 18), (19, 2), (2, 19), (20, 8), (8, 20), (21, 12), (12, 21), (22, 1), (1, 22), (23, 8), (8, 23), (24, 1), (1, 24), (25, 5), (5, 25), (26, 9), (9, 26), (27, 2), (2, 27), (28, 6), (6, 28), (29, 5), (5, 29), (30, 13), (13, 30), (31, 16), (16, 31), (32, 30), (30, 32), (33, 12), (12, 33), (34, 2), (2, 34), (35, 20), (20, 35), (36, 26), (26, 36), (37, 15), (15, 37), (38, 11), (11, 38), (39, 35), (35, 39), (40, 11), (11, 40), (41, 26), (26, 41), (42, 37), (37, 42), (43, 13), (13, 43), (44, 26), (26, 44), (45, 17), (17, 45), (46, 24), (24, 46), (47, 7), (7, 47), (48, 16), (16, 48), (49, 20), (20, 49), (50, 25), (25, 50), (51, 18), (18, 51), (52, 35), (35, 52), (53, 38), (38, 53), (54, 7), (7, 54), (55, 29), (29, 55), (56, 46), (46, 56), (57, 37), (37, 57), (58, 53), (53, 58), (59, 26), (26, 59), (60, 47), (47, 60), (61, 16), (16, 61), (62, 50), (50, 62), (63, 4), (4, 63), (64, 35), (35, 64), (65, 63), (63, 65), (66, 63), (63, 66), (67, 60), (60, 67), (68, 62), (62, 68), (69, 68), (68, 69), (70, 11), (11, 70), (71, 42), (42, 71), (72, 2), (2, 72), (73, 68), (68, 73), (74, 3), (3, 74), (75, 55), (55, 75), (76, 50), (50, 76), (77, 58), (58, 77), (78, 14), (14, 78), (79, 29), (29, 79), (80, 79), (79, 80)]
Z_dad = [3, 5, 8]
Y_dad = [2, 11, 15]
X_dad = [1]
Z_da-ad = [3, 5, 8]
Y_da-ad = [2, 11, 15]
X_da-ad = [1]
