no              #fail
555.000         #totTm
541.789         #lastADTm
11              #itDAD
1.000           #avItADGoal
363             #itADOpt
49              #opt
45              #optDA-AD
220.8           #tmDA
8.2             #relGain

V = [1, 2, 3, 4, 5, 6, 7, 8, 9, 10, 11, 12, 13, 14, 15, 16, 17, 18, 19, 20, 21, 22, 23, 24, 25, 26, 27, 28, 29, 30, 31, 32, 33, 34, 35, 36, 37, 38, 39, 40, 41, 42, 43, 44, 45, 46, 47, 48, 49, 50, 51, 52, 53, 54, 55, 56, 57, 58, 59, 60, 61, 62, 63, 64, 65, 66, 67, 68, 69, 70, 71, 72, 73, 74, 75, 76, 77, 78, 79, 80]
A = [(2, 1), (1, 2), (3, 1), (1, 3), (4, 3), (3, 4), (5, 4), (4, 5), (6, 2), (2, 6), (7, 5), (5, 7), (8, 2), (2, 8), (9, 6), (6, 9), (10, 6), (6, 10), (11, 7), (7, 11), (12, 11), (11, 12), (13, 5), (5, 13), (14, 2), (2, 14), (15, 1), (1, 15), (16, 13), (13, 16), (17, 11), (11, 17), (18, 14), (14, 18), (19, 15), (15, 19), (20, 18), (18, 20), (21, 17), (17, 21), (22, 14), (14, 22), (23, 15), (15, 23), (24, 21), (21, 24), (25, 22), (22, 25), (26, 17), (17, 26), (27, 18), (18, 27), (28, 14), (14, 28), (29, 14), (14, 29), (30, 8), (8, 30), (31, 12), (12, 31), (32, 5), (5, 32), (33, 8), (8, 33), (34, 15), (15, 34), (35, 7), (7, 35), (36, 22), (22, 36), (37, 3), (3, 37), (38, 17), (17, 38), (39, 33), (33, 39), (40, 18), (18, 40), (41, 2), (2, 41), (42, 7), (7, 42), (43, 16), (16, 43), (44, 15), (15, 44), (45, 16), (16, 45), (46, 25), (25, 46), (47, 19), (19, 47), (48, 44), (44, 48), (49, 31), (31, 49), (50, 21), (21, 50), (51, 20), (20, 51), (52, 30), (30, 52), (53, 44), (44, 53), (54, 29), (29, 54), (55, 13), (13, 55), (56, 32), (32, 56), (57, 31), (31, 57), (58, 7), (7, 58), (59, 30), (30, 59), (60, 25), (25, 60), (61, 2), (2, 61), (62, 36), (36, 62), (63, 7), (7, 63), (64, 44), (44, 64), (65, 16), (16, 65), (66, 46), (46, 66), (67, 16), (16, 67), (68, 30), (30, 68), (69, 31), (31, 69), (70, 27), (27, 70), (71, 41), (41, 71), (72, 21), (21, 72), (73, 23), (23, 73), (74, 45), (45, 74), (75, 28), (28, 75), (76, 7), (7, 76), (77, 57), (57, 77), (78, 11), (11, 78), (79, 43), (43, 79), (80, 67), (67, 80)]
Z_dad = [5, 11, 14]
Y_dad = [2, 16, 17]
X_dad = [1]
Z_da-ad = [2, 5, 11]
Y_da-ad = [14, 15, 16]
X_da-ad = [22]
