no              #fail
4275.266        #totTm
4264.746        #lastADTm
10              #itDAD
1.000           #avItADGoal
982             #itADOpt
51              #opt
51              #optDA-AD
81.59           #tmDA
0.0             #relGain

V = [1, 2, 3, 4, 5, 6, 7, 8, 9, 10, 11, 12, 13, 14, 15, 16, 17, 18, 19, 20, 21, 22, 23, 24, 25, 26, 27, 28, 29, 30, 31, 32, 33, 34, 35, 36, 37, 38, 39, 40, 41, 42, 43, 44, 45, 46, 47, 48, 49, 50, 51, 52, 53, 54, 55, 56, 57, 58, 59, 60, 61, 62, 63, 64, 65, 66, 67, 68, 69, 70, 71, 72, 73, 74, 75, 76, 77, 78, 79, 80]
A = [(2, 1), (1, 2), (3, 2), (2, 3), (4, 1), (1, 4), (5, 1), (1, 5), (6, 2), (2, 6), (7, 2), (2, 7), (8, 4), (4, 8), (9, 4), (4, 9), (10, 7), (7, 10), (11, 5), (5, 11), (12, 4), (4, 12), (13, 12), (12, 13), (14, 10), (10, 14), (15, 4), (4, 15), (16, 6), (6, 16), (17, 9), (9, 17), (18, 10), (10, 18), (19, 18), (18, 19), (20, 12), (12, 20), (21, 1), (1, 21), (22, 18), (18, 22), (23, 18), (18, 23), (24, 3), (3, 24), (25, 5), (5, 25), (26, 2), (2, 26), (27, 11), (11, 27), (28, 23), (23, 28), (29, 3), (3, 29), (30, 11), (11, 30), (31, 23), (23, 31), (32, 8), (8, 32), (33, 12), (12, 33), (34, 7), (7, 34), (35, 22), (22, 35), (36, 24), (24, 36), (37, 35), (35, 37), (38, 17), (17, 38), (39, 28), (28, 39), (40, 15), (15, 40), (41, 30), (30, 41), (42, 21), (21, 42), (43, 35), (35, 43), (44, 16), (16, 44), (45, 27), (27, 45), (46, 35), (35, 46), (47, 22), (22, 47), (48, 9), (9, 48), (49, 9), (9, 49), (50, 7), (7, 50), (51, 18), (18, 51), (52, 37), (37, 52), (53, 13), (13, 53), (54, 15), (15, 54), (55, 45), (45, 55), (56, 1), (1, 56), (57, 41), (41, 57), (58, 1), (1, 58), (59, 41), (41, 59), (60, 45), (45, 60), (61, 16), (16, 61), (62, 11), (11, 62), (63, 58), (58, 63), (64, 58), (58, 64), (65, 13), (13, 65), (66, 2), (2, 66), (67, 6), (6, 67), (68, 22), (22, 68), (69, 46), (46, 69), (70, 66), (66, 70), (71, 36), (36, 71), (72, 4), (4, 72), (73, 57), (57, 73), (74, 59), (59, 74), (75, 9), (9, 75), (76, 58), (58, 76), (77, 29), (29, 77), (78, 75), (75, 78), (79, 29), (29, 79), (80, 43), (43, 80)]
Z_dad = [2, 4, 18]
Y_dad = [11, 47, 78]
X_dad = [5]
Z_da-ad = [2, 4, 11]
Y_da-ad = [3, 18, 42]
X_da-ad = [22]
