no              #fail
2091.931        #totTm
2080.054        #lastADTm
11              #itDAD
1.000           #avItADGoal
618             #itADOpt
47              #opt
47              #optDA-AD
49.42           #tmDA
0.0             #relGain

V = [1, 2, 3, 4, 5, 6, 7, 8, 9, 10, 11, 12, 13, 14, 15, 16, 17, 18, 19, 20, 21, 22, 23, 24, 25, 26, 27, 28, 29, 30, 31, 32, 33, 34, 35, 36, 37, 38, 39, 40, 41, 42, 43, 44, 45, 46, 47, 48, 49, 50, 51, 52, 53, 54, 55, 56, 57, 58, 59, 60, 61, 62, 63, 64, 65, 66, 67, 68, 69, 70, 71, 72, 73, 74, 75, 76, 77, 78, 79, 80]
A = [(2, 1), (1, 2), (3, 2), (2, 3), (4, 3), (3, 4), (5, 1), (1, 5), (6, 2), (2, 6), (7, 4), (4, 7), (8, 4), (4, 8), (9, 4), (4, 9), (10, 5), (5, 10), (11, 2), (2, 11), (12, 4), (4, 12), (13, 1), (1, 13), (14, 5), (5, 14), (15, 13), (13, 15), (16, 10), (10, 16), (17, 15), (15, 17), (18, 15), (15, 18), (19, 5), (5, 19), (20, 5), (5, 20), (21, 19), (19, 21), (22, 3), (3, 22), (23, 7), (7, 23), (24, 19), (19, 24), (25, 17), (17, 25), (26, 18), (18, 26), (27, 26), (26, 27), (28, 6), (6, 28), (29, 10), (10, 29), (30, 23), (23, 30), (31, 27), (27, 31), (32, 3), (3, 32), (33, 13), (13, 33), (34, 25), (25, 34), (35, 7), (7, 35), (36, 5), (5, 36), (37, 35), (35, 37), (38, 7), (7, 38), (39, 20), (20, 39), (40, 20), (20, 40), (41, 32), (32, 41), (42, 33), (33, 42), (43, 10), (10, 43), (44, 41), (41, 44), (45, 17), (17, 45), (46, 6), (6, 46), (47, 35), (35, 47), (48, 35), (35, 48), (49, 15), (15, 49), (50, 14), (14, 50), (51, 16), (16, 51), (52, 51), (51, 52), (53, 5), (5, 53), (54, 18), (18, 54), (55, 15), (15, 55), (56, 12), (12, 56), (57, 32), (32, 57), (58, 13), (13, 58), (59, 32), (32, 59), (60, 47), (47, 60), (61, 56), (56, 61), (62, 16), (16, 62), (63, 59), (59, 63), (64, 6), (6, 64), (65, 33), (33, 65), (66, 57), (57, 66), (67, 2), (2, 67), (68, 63), (63, 68), (69, 4), (4, 69), (70, 44), (44, 70), (71, 26), (26, 71), (72, 28), (28, 72), (73, 40), (40, 73), (74, 16), (16, 74), (75, 53), (53, 75), (76, 74), (74, 76), (77, 29), (29, 77), (78, 40), (40, 78), (79, 67), (67, 79), (80, 16), (16, 80)]
Z_dad = [3, 5, 13]
Y_dad = [7, 15, 16]
X_dad = [4]
Z_da-ad = [3, 5, 13]
Y_da-ad = [7, 15, 16]
X_da-ad = [4]
