no              #fail
4681.933        #totTm
4667.363        #lastADTm
12              #itDAD
1.000           #avItADGoal
988             #itADOpt
52              #opt
52              #optDA-AD
679.4           #tmDA
0.0             #relGain

V = [1, 2, 3, 4, 5, 6, 7, 8, 9, 10, 11, 12, 13, 14, 15, 16, 17, 18, 19, 20, 21, 22, 23, 24, 25, 26, 27, 28, 29, 30, 31, 32, 33, 34, 35, 36, 37, 38, 39, 40, 41, 42, 43, 44, 45, 46, 47, 48, 49, 50, 51, 52, 53, 54, 55, 56, 57, 58, 59, 60, 61, 62, 63, 64, 65, 66, 67, 68, 69, 70, 71, 72, 73, 74, 75, 76, 77, 78, 79, 80]
A = [(2, 1), (1, 2), (3, 2), (2, 3), (4, 3), (3, 4), (5, 3), (3, 5), (6, 5), (5, 6), (7, 3), (3, 7), (8, 7), (7, 8), (9, 3), (3, 9), (10, 3), (3, 10), (11, 2), (2, 11), (12, 10), (10, 12), (13, 8), (8, 13), (14, 11), (11, 14), (15, 4), (4, 15), (16, 14), (14, 16), (17, 1), (1, 17), (18, 11), (11, 18), (19, 15), (15, 19), (20, 8), (8, 20), (21, 9), (9, 21), (22, 20), (20, 22), (23, 10), (10, 23), (24, 8), (8, 24), (25, 17), (17, 25), (26, 22), (22, 26), (27, 13), (13, 27), (28, 6), (6, 28), (29, 8), (8, 29), (30, 15), (15, 30), (31, 21), (21, 31), (32, 25), (25, 32), (33, 27), (27, 33), (34, 9), (9, 34), (35, 19), (19, 35), (36, 30), (30, 36), (37, 25), (25, 37), (38, 13), (13, 38), (39, 35), (35, 39), (40, 16), (16, 40), (41, 34), (34, 41), (42, 18), (18, 42), (43, 22), (22, 43), (44, 12), (12, 44), (45, 25), (25, 45), (46, 20), (20, 46), (47, 26), (26, 47), (48, 12), (12, 48), (49, 19), (19, 49), (50, 9), (9, 50), (51, 27), (27, 51), (52, 23), (23, 52), (53, 23), (23, 53), (54, 32), (32, 54), (55, 48), (48, 55), (56, 9), (9, 56), (57, 6), (6, 57), (58, 57), (57, 58), (59, 40), (40, 59), (60, 6), (6, 60), (61, 14), (14, 61), (62, 31), (31, 62), (63, 1), (1, 63), (64, 56), (56, 64), (65, 9), (9, 65), (66, 56), (56, 66), (67, 18), (18, 67), (68, 1), (1, 68), (69, 22), (22, 69), (70, 37), (37, 70), (71, 68), (68, 71), (72, 41), (41, 72), (73, 43), (43, 73), (74, 33), (33, 74), (75, 3), (3, 75), (76, 15), (15, 76), (77, 32), (32, 77), (78, 14), (14, 78), (79, 8), (8, 79), (80, 30), (30, 80)]
Z_dad = [1, 3, 8]
Y_dad = [9, 14, 15]
X_dad = [11]
Z_da-ad = [1, 3, 8]
Y_da-ad = [9, 14, 15]
X_da-ad = [11]
