no              #fail
904.446         #totTm
5.765           #lastADTm
19              #itDAD
9.778           #avItADGoal
50              #itADOpt
12              #opt
11              #optDA-AD
3.972           #tmDA
8.3             #relGain

V = [1, 2, 3, 4, 5, 6, 7, 8, 9, 10, 11, 12, 13, 14, 15, 16, 17, 18, 19, 20, 21, 22, 23, 24, 25, 26, 27, 28, 29, 30, 31, 32, 33, 34, 35, 36, 37, 38, 39, 40]
A = [(1, 2), (2, 1), (1, 5), (5, 1), (1, 9), (9, 1), (1, 14), (14, 1), (2, 5), (5, 2), (2, 15), (15, 2), (2, 29), (29, 2), (3, 12), (12, 3), (3, 18), (18, 3), (3, 20), (20, 3), (3, 40), (40, 3), (4, 19), (19, 4), (4, 24), (24, 4), (4, 29), (29, 4), (4, 34), (34, 4), (5, 8), (8, 5), (5, 9), (9, 5), (5, 11), (11, 5), (5, 33), (33, 5), (6, 18), (18, 6), (6, 30), (30, 6), (6, 32), (32, 6), (7, 15), (15, 7), (7, 21), (21, 7), (7, 32), (32, 7), (8, 27), (27, 8), (8, 32), (32, 8), (9, 27), (27, 9), (9, 30), (30, 9), (9, 35), (35, 9), (10, 15), (15, 10), (10, 19), (19, 10), (10, 24), (24, 10), (11, 26), (26, 11), (11, 39), (39, 11), (12, 22), (22, 12), (12, 40), (40, 12), (13, 31), (31, 13), (14, 27), (27, 14), (14, 34), (34, 14), (14, 37), (37, 14), (15, 16), (16, 15), (15, 35), (35, 15), (15, 36), (36, 15), (18, 32), (32, 18), (19, 33), (33, 19), (20, 33), (33, 20), (21, 29), (29, 21), (21, 39), (39, 21), (22, 32), (32, 22), (22, 35), (35, 22), (23, 27), (27, 23), (23, 32), (32, 23), (23, 40), (40, 23), (24, 25), (25, 24), (25, 31), (31, 25), (25, 32), (32, 25), (25, 35), (35, 25), (26, 27), (27, 26), (26, 33), (33, 26), (26, 35), (35, 26), (26, 38), (38, 26), (27, 28), (28, 27), (27, 38), (38, 27), (28, 32), (32, 28), (31, 39), (39, 31), (32, 36), (36, 32), (32, 40), (40, 32), (34, 40), (40, 34), (35, 36), (36, 35)]
Z_dad = [15, 27, 32]
Y_dad = [1, 3, 39]
X_dad = [5, 14, 31]
Z_da-ad = [14, 15, 31]
Y_da-ad = [3, 13, 37]
X_da-ad = [4, 25, 33]
