no              #fail
2132.720        #totTm
33.199          #lastADTm
21              #itDAD
4.300           #avItADGoal
117             #itADOpt
14              #opt
14              #optDA-AD
1.98            #tmDA
0.0             #relGain

V = [1, 2, 3, 4, 5, 6, 7, 8, 9, 10, 11, 12, 13, 14, 15, 16, 17, 18, 19, 20, 21, 22, 23, 24, 25, 26, 27, 28, 29, 30, 31, 32, 33, 34, 35, 36, 37, 38, 39, 40]
A = [(1, 2), (2, 1), (1, 7), (7, 1), (1, 17), (17, 1), (1, 27), (27, 1), (1, 31), (31, 1), (2, 3), (3, 2), (2, 7), (7, 2), (2, 25), (25, 2), (2, 26), (26, 2), (3, 5), (5, 3), (3, 8), (8, 3), (3, 17), (17, 3), (3, 30), (30, 3), (3, 33), (33, 3), (4, 11), (11, 4), (4, 21), (21, 4), (4, 28), (28, 4), (4, 35), (35, 4), (4, 38), (38, 4), (5, 6), (6, 5), (5, 25), (25, 5), (5, 37), (37, 5), (7, 35), (35, 7), (7, 36), (36, 7), (8, 21), (21, 8), (8, 29), (29, 8), (9, 15), (15, 9), (9, 16), (16, 9), (9, 17), (17, 9), (10, 34), (34, 10), (11, 15), (15, 11), (11, 19), (19, 11), (11, 20), (20, 11), (11, 24), (24, 11), (11, 29), (29, 11), (11, 33), (33, 11), (12, 28), (28, 12), (12, 29), (29, 12), (12, 30), (30, 12), (14, 30), (30, 14), (15, 16), (16, 15), (15, 17), (17, 15), (15, 26), (26, 15), (16, 22), (22, 16), (16, 29), (29, 16), (17, 29), (29, 17), (17, 30), (30, 17), (18, 21), (21, 18), (18, 37), (37, 18), (19, 37), (37, 19), (20, 23), (23, 20), (20, 24), (24, 20), (21, 23), (23, 21), (21, 35), (35, 21), (21, 36), (36, 21), (22, 32), (32, 22), (22, 38), (38, 22), (23, 37), (37, 23), (24, 29), (29, 24), (24, 30), (30, 24), (24, 35), (35, 24), (26, 28), (28, 26), (26, 32), (32, 26), (26, 35), (35, 26), (28, 36), (36, 28), (29, 37), (37, 29), (30, 32), (32, 30), (33, 34), (34, 33), (33, 35), (35, 33), (34, 39), (39, 34)]
Z_dad = [1, 30, 34]
Y_dad = [5, 21, 22]
X_dad = [2, 28, 29]
Z_da-ad = [1, 30, 34]
Y_da-ad = [10, 37, 40]
X_da-ad = [4, 16, 26]
