no              #fail
331.186         #totTm
10.223          #lastADTm
18              #itDAD
4.588           #avItADGoal
53              #itADOpt
13              #opt
12              #optDA-AD
12.97           #tmDA
7.7             #relGain

V = [1, 2, 3, 4, 5, 6, 7, 8, 9, 10, 11, 12, 13, 14, 15, 16, 17, 18, 19, 20, 21, 22, 23, 24, 25, 26, 27, 28, 29, 30, 31, 32, 33, 34, 35, 36, 37, 38, 39, 40]
A = [(1, 9), (9, 1), (1, 13), (13, 1), (1, 23), (23, 1), (1, 29), (29, 1), (1, 35), (35, 1), (2, 3), (3, 2), (2, 9), (9, 2), (2, 12), (12, 2), (2, 20), (20, 2), (3, 21), (21, 3), (3, 26), (26, 3), (3, 34), (34, 3), (4, 14), (14, 4), (4, 23), (23, 4), (4, 25), (25, 4), (4, 28), (28, 4), (4, 29), (29, 4), (4, 34), (34, 4), (5, 8), (8, 5), (5, 33), (33, 5), (6, 16), (16, 6), (6, 23), (23, 6), (7, 29), (29, 7), (8, 19), (19, 8), (9, 12), (12, 9), (9, 19), (19, 9), (9, 22), (22, 9), (9, 26), (26, 9), (9, 30), (30, 9), (10, 33), (33, 10), (11, 12), (12, 11), (11, 17), (17, 11), (11, 21), (21, 11), (11, 22), (22, 11), (12, 25), (25, 12), (12, 27), (27, 12), (12, 29), (29, 12), (12, 32), (32, 12), (13, 30), (30, 13), (14, 18), (18, 14), (15, 31), (31, 15), (15, 34), (34, 15), (15, 36), (36, 15), (16, 32), (32, 16), (17, 22), (22, 17), (17, 29), (29, 17), (17, 35), (35, 17), (17, 40), (40, 17), (18, 25), (25, 18), (19, 33), (33, 19), (21, 28), (28, 21), (21, 37), (37, 21), (22, 23), (23, 22), (23, 35), (35, 23), (23, 40), (40, 23), (24, 26), (26, 24), (25, 26), (26, 25), (25, 32), (32, 25), (26, 38), (38, 26), (27, 34), (34, 27), (28, 29), (29, 28), (28, 31), (31, 28), (28, 32), (32, 28), (30, 32), (32, 30), (30, 35), (35, 30), (30, 40), (40, 30), (31, 39), (39, 31), (36, 39), (39, 36), (36, 40), (40, 36), (39, 40), (40, 39)]
Z_dad = [12, 26, 34]
Y_dad = [19, 23, 24]
X_dad = [21, 28, 40]
Z_da-ad = [9, 21, 26]
Y_da-ad = [7, 19, 34]
X_da-ad = [3, 12, 33]
