no              #fail
1399.270        #totTm
6.212           #lastADTm
20              #itDAD
6.263           #avItADGoal
41              #itADOpt
13              #opt
13              #optDA-AD
3.408           #tmDA
0.0             #relGain

V = [1, 2, 3, 4, 5, 6, 7, 8, 9, 10, 11, 12, 13, 14, 15, 16, 17, 18, 19, 20, 21, 22, 23, 24, 25, 26, 27, 28, 29, 30, 31, 32, 33, 34, 35, 36, 37, 38, 39, 40]
A = [(1, 5), (5, 1), (1, 16), (16, 1), (1, 18), (18, 1), (1, 20), (20, 1), (1, 24), (24, 1), (1, 33), (33, 1), (2, 5), (5, 2), (2, 8), (8, 2), (2, 20), (20, 2), (3, 4), (4, 3), (3, 25), (25, 3), (4, 8), (8, 4), (4, 13), (13, 4), (4, 34), (34, 4), (5, 26), (26, 5), (6, 29), (29, 6), (6, 34), (34, 6), (7, 13), (13, 7), (7, 15), (15, 7), (7, 30), (30, 7), (8, 10), (10, 8), (8, 29), (29, 8), (8, 30), (30, 8), (9, 19), (19, 9), (9, 29), (29, 9), (9, 30), (30, 9), (9, 34), (34, 9), (9, 39), (39, 9), (10, 29), (29, 10), (11, 28), (28, 11), (11, 29), (29, 11), (11, 32), (32, 11), (11, 37), (37, 11), (11, 38), (38, 11), (13, 29), (29, 13), (14, 16), (16, 14), (14, 26), (26, 14), (14, 40), (40, 14), (15, 28), (28, 15), (16, 32), (32, 16), (16, 37), (37, 16), (17, 18), (18, 17), (17, 30), (30, 17), (17, 33), (33, 17), (17, 38), (38, 17), (18, 32), (32, 18), (18, 38), (38, 18), (19, 25), (25, 19), (19, 33), (33, 19), (20, 39), (39, 20), (21, 29), (29, 21), (21, 34), (34, 21), (22, 25), (25, 22), (22, 27), (27, 22), (22, 30), (30, 22), (22, 31), (31, 22), (25, 33), (33, 25), (27, 35), (35, 27), (27, 38), (38, 27), (28, 38), (38, 28), (29, 36), (36, 29), (30, 33), (33, 30), (31, 40), (40, 31), (32, 33), (33, 32), (32, 35), (35, 32), (32, 36), (36, 32), (33, 34), (34, 33), (33, 39), (39, 33), (34, 38), (38, 34), (38, 39), (39, 38)]
Z_dad = [8, 29, 32]
Y_dad = [26, 34, 38]
X_dad = [1, 14, 22]
Z_da-ad = [1, 29, 34]
Y_da-ad = [3, 24, 26]
X_da-ad = [4, 28, 30]
