no              #fail
814.630         #totTm
27.704          #lastADTm
17              #itDAD
4.812           #avItADGoal
122             #itADOpt
13              #opt
13              #optDA-AD
2.048           #tmDA
0.0             #relGain

V = [1, 2, 3, 4, 5, 6, 7, 8, 9, 10, 11, 12, 13, 14, 15, 16, 17, 18, 19, 20, 21, 22, 23, 24, 25, 26, 27, 28, 29, 30, 31, 32, 33, 34, 35, 36, 37, 38, 39, 40]
A = [(1, 6), (6, 1), (1, 7), (7, 1), (1, 10), (10, 1), (1, 12), (12, 1), (1, 16), (16, 1), (1, 20), (20, 1), (1, 31), (31, 1), (2, 8), (8, 2), (2, 11), (11, 2), (2, 29), (29, 2), (3, 5), (5, 3), (3, 18), (18, 3), (3, 28), (28, 3), (3, 38), (38, 3), (4, 5), (5, 4), (4, 31), (31, 4), (4, 35), (35, 4), (5, 18), (18, 5), (5, 27), (27, 5), (5, 31), (31, 5), (5, 35), (35, 5), (5, 38), (38, 5), (6, 7), (7, 6), (6, 9), (9, 6), (6, 15), (15, 6), (7, 9), (9, 7), (7, 11), (11, 7), (7, 36), (36, 7), (7, 40), (40, 7), (8, 13), (13, 8), (8, 30), (30, 8), (8, 37), (37, 8), (9, 21), (21, 9), (9, 31), (31, 9), (9, 32), (32, 9), (10, 12), (12, 10), (10, 26), (26, 10), (10, 40), (40, 10), (11, 13), (13, 11), (11, 15), (15, 11), (11, 19), (19, 11), (11, 36), (36, 11), (12, 23), (23, 12), (13, 23), (23, 13), (13, 24), (24, 13), (13, 40), (40, 13), (15, 17), (17, 15), (15, 35), (35, 15), (16, 17), (17, 16), (16, 35), (35, 16), (17, 22), (22, 17), (17, 24), (24, 17), (17, 39), (39, 17), (18, 34), (34, 18), (19, 22), (22, 19), (19, 34), (34, 19), (19, 37), (37, 19), (20, 24), (24, 20), (21, 31), (31, 21), (21, 35), (35, 21), (24, 34), (34, 24), (25, 34), (34, 25), (28, 37), (37, 28), (29, 32), (32, 29), (29, 35), (35, 29), (31, 38), (38, 31), (31, 40), (40, 31), (34, 37), (37, 34), (35, 40), (40, 35), (37, 38), (38, 37)]
Z_dad = [5, 17, 19]
Y_dad = [1, 31, 34]
X_dad = [8, 10, 11]
Z_da-ad = [5, 8, 34]
Y_da-ad = [1, 3, 25]
X_da-ad = [10, 17, 19]
