no              #fail
140.450         #totTm
8.154           #lastADTm
11              #itDAD
3.100           #avItADGoal
42              #itADOpt
14              #opt
12              #optDA-AD
3.366           #tmDA
14.3            #relGain

V = [1, 2, 3, 4, 5, 6, 7, 8, 9, 10, 11, 12, 13, 14, 15, 16, 17, 18, 19, 20, 21, 22, 23, 24, 25, 26, 27, 28, 29, 30, 31, 32, 33, 34, 35, 36, 37, 38, 39, 40]
A = [(1, 7), (7, 1), (1, 19), (19, 1), (1, 38), (38, 1), (1, 40), (40, 1), (2, 18), (18, 2), (2, 35), (35, 2), (2, 38), (38, 2), (3, 6), (6, 3), (3, 25), (25, 3), (3, 28), (28, 3), (3, 37), (37, 3), (3, 38), (38, 3), (4, 7), (7, 4), (4, 12), (12, 4), (4, 34), (34, 4), (4, 39), (39, 4), (5, 9), (9, 5), (5, 12), (12, 5), (5, 26), (26, 5), (5, 27), (27, 5), (7, 16), (16, 7), (7, 34), (34, 7), (7, 40), (40, 7), (8, 12), (12, 8), (8, 19), (19, 8), (8, 25), (25, 8), (8, 28), (28, 8), (9, 15), (15, 9), (9, 18), (18, 9), (9, 26), (26, 9), (9, 39), (39, 9), (10, 13), (13, 10), (10, 14), (14, 10), (10, 20), (20, 10), (10, 23), (23, 10), (12, 19), (19, 12), (12, 21), (21, 12), (12, 24), (24, 12), (12, 26), (26, 12), (13, 19), (19, 13), (13, 26), (26, 13), (14, 18), (18, 14), (14, 20), (20, 14), (14, 21), (21, 14), (15, 31), (31, 15), (15, 38), (38, 15), (15, 39), (39, 15), (16, 18), (18, 16), (17, 20), (20, 17), (17, 21), (21, 17), (18, 40), (40, 18), (19, 31), (31, 19), (19, 33), (33, 19), (19, 39), (39, 19), (21, 26), (26, 21), (21, 37), (37, 21), (22, 30), (30, 22), (23, 25), (25, 23), (23, 29), (29, 23), (24, 35), (35, 24), (24, 38), (38, 24), (25, 28), (28, 25), (26, 34), (34, 26), (26, 40), (40, 26), (27, 34), (34, 27), (29, 35), (35, 29), (32, 40), (40, 32), (33, 36), (36, 33), (33, 39), (39, 33), (36, 39), (39, 36)]
Z_dad = [18, 21, 38]
Y_dad = [19, 23, 30]
X_dad = [8, 10, 25]
Z_da-ad = [3, 20, 21]
Y_da-ad = [19, 23, 30]
X_da-ad = [33, 39, 40]
