no              #fail
218.972         #totTm
11.533          #lastADTm
14              #itDAD
2.231           #avItADGoal
58              #itADOpt
12              #opt
11              #optDA-AD
1.695           #tmDA
8.3             #relGain

V = [1, 2, 3, 4, 5, 6, 7, 8, 9, 10, 11, 12, 13, 14, 15, 16, 17, 18, 19, 20, 21, 22, 23, 24, 25, 26, 27, 28, 29, 30, 31, 32, 33, 34, 35, 36, 37, 38, 39, 40]
A = [(1, 27), (27, 1), (1, 34), (34, 1), (1, 37), (37, 1), (2, 15), (15, 2), (2, 21), (21, 2), (2, 27), (27, 2), (2, 29), (29, 2), (2, 34), (34, 2), (2, 39), (39, 2), (3, 9), (9, 3), (3, 11), (11, 3), (3, 23), (23, 3), (3, 30), (30, 3), (3, 35), (35, 3), (4, 5), (5, 4), (4, 18), (18, 4), (4, 30), (30, 4), (4, 31), (31, 4), (5, 22), (22, 5), (5, 25), (25, 5), (5, 27), (27, 5), (5, 33), (33, 5), (5, 38), (38, 5), (6, 8), (8, 6), (6, 17), (17, 6), (6, 33), (33, 6), (6, 36), (36, 6), (6, 38), (38, 6), (8, 9), (9, 8), (8, 40), (40, 8), (9, 22), (22, 9), (9, 39), (39, 9), (10, 16), (16, 10), (10, 18), (18, 10), (10, 20), (20, 10), (12, 24), (24, 12), (12, 39), (39, 12), (13, 23), (23, 13), (14, 15), (15, 14), (14, 24), (24, 14), (15, 21), (21, 15), (15, 31), (31, 15), (15, 35), (35, 15), (16, 25), (25, 16), (16, 40), (40, 16), (17, 22), (22, 17), (17, 31), (31, 17), (18, 22), (22, 18), (19, 33), (33, 19), (19, 38), (38, 19), (20, 22), (22, 20), (20, 28), (28, 20), (20, 38), (38, 20), (22, 25), (25, 22), (23, 35), (35, 23), (23, 40), (40, 23), (24, 26), (26, 24), (24, 28), (28, 24), (24, 30), (30, 24), (25, 27), (27, 25), (25, 28), (28, 25), (25, 37), (37, 25), (26, 34), (34, 26), (29, 39), (39, 29), (30, 36), (36, 30), (30, 38), (38, 30), (31, 38), (38, 31), (32, 33), (33, 32), (34, 39), (39, 34), (34, 40), (40, 34)]
Z_dad = [2, 15, 24]
Y_dad = [3, 5, 39]
X_dad = [23, 33, 34]
Z_da-ad = [3, 23, 33]
Y_da-ad = [1, 13, 35]
X_da-ad = [2, 15, 38]
