no              #fail
4.750           #totTm
0.395           #lastADTm
7               #itDAD
1.333           #avItADGoal
13              #itADOpt
14              #opt
12              #optDA-AD
0.646           #tmDA
14.3            #relGain

V = [1, 2, 3, 4, 5, 6, 7, 8, 9, 10, 11, 12, 13, 14, 15, 16, 17, 18, 19, 20, 21, 22, 23, 24, 25, 26, 27, 28, 29, 30, 31, 32, 33, 34, 35, 36, 37, 38, 39, 40]
A = [(1, 7), (7, 1), (1, 28), (28, 1), (1, 33), (33, 1), (1, 34), (34, 1), (2, 3), (3, 2), (2, 11), (11, 2), (2, 23), (23, 2), (3, 21), (21, 3), (3, 22), (22, 3), (3, 26), (26, 3), (3, 30), (30, 3), (4, 12), (12, 4), (4, 29), (29, 4), (5, 13), (13, 5), (5, 16), (16, 5), (5, 17), (17, 5), (5, 21), (21, 5), (5, 30), (30, 5), (6, 14), (14, 6), (6, 21), (21, 6), (6, 25), (25, 6), (6, 26), (26, 6), (6, 28), (28, 6), (7, 26), (26, 7), (7, 27), (27, 7), (7, 30), (30, 7), (7, 32), (32, 7), (7, 33), (33, 7), (7, 36), (36, 7), (8, 15), (15, 8), (8, 19), (19, 8), (8, 26), (26, 8), (8, 29), (29, 8), (9, 15), (15, 9), (10, 14), (14, 10), (10, 17), (17, 10), (11, 15), (15, 11), (11, 24), (24, 11), (12, 14), (14, 12), (12, 19), (19, 12), (12, 22), (22, 12), (12, 28), (28, 12), (12, 31), (31, 12), (12, 34), (34, 12), (12, 38), (38, 12), (12, 40), (40, 12), (13, 19), (19, 13), (13, 28), (28, 13), (13, 35), (35, 13), (14, 32), (32, 14), (15, 18), (18, 15), (15, 22), (22, 15), (15, 30), (30, 15), (15, 31), (31, 15), (15, 33), (33, 15), (16, 21), (21, 16), (16, 33), (33, 16), (16, 35), (35, 16), (16, 40), (40, 16), (18, 24), (24, 18), (18, 25), (25, 18), (18, 29), (29, 18), (19, 25), (25, 19), (19, 28), (28, 19), (19, 32), (32, 19), (19, 33), (33, 19), (19, 37), (37, 19), (20, 28), (28, 20), (21, 30), (30, 21), (21, 33), (33, 21), (21, 37), (37, 21), (22, 25), (25, 22), (23, 29), (29, 23), (24, 32), (32, 24), (25, 27), (27, 25), (25, 28), (28, 25), (25, 30), (30, 25), (26, 31), (31, 26), (27, 37), (37, 27), (28, 33), (33, 28), (28, 39), (39, 28), (28, 40), (40, 28), (31, 39), (39, 31), (33, 36), (36, 33), (34, 35), (35, 34)]
Z_dad = [12, 15, 25]
Y_dad = [3]
X_dad = [2, 8, 32]
Z_da-ad = [15, 28, 31]
Y_da-ad = [3]
X_da-ad = [2, 12, 29]
