no              #fail
10.499          #totTm
0.189           #lastADTm
5               #itDAD
1.000           #avItADGoal
5               #itADOpt
11              #opt
10              #optDA-AD
0.584           #tmDA
9.1             #relGain

V = [1, 2, 3, 4, 5, 6, 7, 8, 9, 10, 11, 12, 13, 14, 15, 16, 17, 18, 19, 20, 21, 22, 23, 24, 25, 26, 27, 28, 29, 30, 31, 32, 33, 34, 35, 36, 37, 38, 39, 40]
A = [(1, 6), (6, 1), (1, 13), (13, 1), (1, 15), (15, 1), (1, 27), (27, 1), (2, 17), (17, 2), (2, 28), (28, 2), (2, 40), (40, 2), (3, 5), (5, 3), (3, 11), (11, 3), (3, 12), (12, 3), (3, 14), (14, 3), (3, 36), (36, 3), (3, 38), (38, 3), (4, 8), (8, 4), (4, 22), (22, 4), (5, 20), (20, 5), (5, 21), (21, 5), (5, 29), (29, 5), (5, 30), (30, 5), (5, 38), (38, 5), (6, 10), (10, 6), (6, 21), (21, 6), (6, 26), (26, 6), (6, 33), (33, 6), (7, 10), (10, 7), (7, 14), (14, 7), (7, 15), (15, 7), (7, 22), (22, 7), (8, 34), (34, 8), (9, 14), (14, 9), (9, 15), (15, 9), (9, 20), (20, 9), (9, 29), (29, 9), (9, 30), (30, 9), (9, 39), (39, 9), (10, 33), (33, 10), (10, 37), (37, 10), (11, 16), (16, 11), (12, 15), (15, 12), (12, 25), (25, 12), (13, 34), (34, 13), (13, 37), (37, 13), (14, 18), (18, 14), (14, 21), (21, 14), (15, 17), (17, 15), (15, 30), (30, 15), (15, 36), (36, 15), (16, 18), (18, 16), (16, 19), (19, 16), (16, 22), (22, 16), (16, 26), (26, 16), (16, 32), (32, 16), (16, 36), (36, 16), (16, 37), (37, 16), (17, 36), (36, 17), (17, 37), (37, 17), (18, 27), (27, 18), (18, 31), (31, 18), (18, 32), (32, 18), (18, 34), (34, 18), (19, 27), (27, 19), (20, 24), (24, 20), (22, 29), (29, 22), (23, 24), (24, 23), (23, 29), (29, 23), (24, 39), (39, 24), (24, 40), (40, 24), (25, 27), (27, 25), (25, 37), (37, 25), (26, 27), (27, 26), (26, 33), (33, 26), (26, 39), (39, 26), (27, 31), (31, 27), (28, 31), (31, 28), (28, 32), (32, 28), (29, 30), (30, 29), (29, 37), (37, 29), (30, 35), (35, 30), (30, 37), (37, 30), (31, 36), (36, 31), (31, 38), (38, 31), (32, 35), (35, 32), (35, 39), (39, 35), (36, 37), (37, 36), (36, 40), (40, 36)]
Z_dad = [18, 22, 37]
Y_dad = [15]
X_dad = [1, 3, 16]
Z_da-ad = [13, 18, 22]
Y_da-ad = [16]
X_da-ad = [21, 24, 29]
