no              #fail
25.291          #totTm
0.145           #lastADTm
7               #itDAD
1.500           #avItADGoal
4               #itADOpt
11              #opt
10              #optDA-AD
0.514           #tmDA
9.1             #relGain

V = [1, 2, 3, 4, 5, 6, 7, 8, 9, 10, 11, 12, 13, 14, 15, 16, 17, 18, 19, 20, 21, 22, 23, 24, 25, 26, 27, 28, 29, 30, 31, 32, 33, 34, 35, 36, 37, 38, 39, 40]
A = [(1, 2), (2, 1), (1, 6), (6, 1), (1, 8), (8, 1), (1, 15), (15, 1), (1, 20), (20, 1), (1, 26), (26, 1), (2, 3), (3, 2), (2, 4), (4, 2), (2, 7), (7, 2), (2, 30), (30, 2), (2, 31), (31, 2), (2, 38), (38, 2), (3, 16), (16, 3), (3, 25), (25, 3), (4, 5), (5, 4), (4, 16), (16, 4), (5, 15), (15, 5), (5, 20), (20, 5), (5, 28), (28, 5), (5, 37), (37, 5), (7, 18), (18, 7), (7, 23), (23, 7), (7, 31), (31, 7), (7, 39), (39, 7), (8, 14), (14, 8), (8, 22), (22, 8), (8, 38), (38, 8), (9, 12), (12, 9), (9, 31), (31, 9), (9, 37), (37, 9), (10, 11), (11, 10), (10, 19), (19, 10), (10, 21), (21, 10), (10, 22), (22, 10), (10, 24), (24, 10), (11, 27), (27, 11), (11, 29), (29, 11), (11, 33), (33, 11), (11, 35), (35, 11), (12, 21), (21, 12), (12, 40), (40, 12), (13, 34), (34, 13), (13, 39), (39, 13), (14, 35), (35, 14), (15, 23), (23, 15), (15, 37), (37, 15), (16, 24), (24, 16), (16, 33), (33, 16), (17, 34), (34, 17), (17, 35), (35, 17), (17, 36), (36, 17), (18, 23), (23, 18), (18, 27), (27, 18), (18, 38), (38, 18), (18, 39), (39, 18), (19, 27), (27, 19), (19, 31), (31, 19), (19, 36), (36, 19), (19, 37), (37, 19), (20, 22), (22, 20), (20, 28), (28, 20), (20, 38), (38, 20), (21, 23), (23, 21), (21, 29), (29, 21), (21, 38), (38, 21), (22, 28), (28, 22), (22, 31), (31, 22), (23, 24), (24, 23), (23, 32), (32, 23), (24, 27), (27, 24), (25, 32), (32, 25), (25, 34), (34, 25), (25, 37), (37, 25), (25, 40), (40, 25), (26, 33), (33, 26), (26, 34), (34, 26), (27, 34), (34, 27), (28, 39), (39, 28), (29, 39), (39, 29), (30, 31), (31, 30), (30, 34), (34, 30), (31, 35), (35, 31), (31, 36), (36, 31), (32, 39), (39, 32), (34, 40), (40, 34)]
Z_dad = [1, 11, 34]
Y_dad = [31]
X_dad = [16, 21, 39]
Z_da-ad = [1, 33, 34]
Y_da-ad = [39]
X_da-ad = [19, 31, 35]
