no              #fail
3.672           #totTm
0.237           #lastADTm
7               #itDAD
1.333           #avItADGoal
8               #itADOpt
16              #opt
15              #optDA-AD
0.587           #tmDA
6.2             #relGain

V = [1, 2, 3, 4, 5, 6, 7, 8, 9, 10, 11, 12, 13, 14, 15, 16, 17, 18, 19, 20, 21, 22, 23, 24, 25, 26, 27, 28, 29, 30, 31, 32, 33, 34, 35, 36, 37, 38, 39, 40]
A = [(1, 7), (7, 1), (1, 20), (20, 1), (1, 21), (21, 1), (1, 24), (24, 1), (1, 30), (30, 1), (1, 33), (33, 1), (1, 36), (36, 1), (1, 38), (38, 1), (1, 40), (40, 1), (2, 9), (9, 2), (2, 12), (12, 2), (2, 22), (22, 2), (3, 17), (17, 3), (3, 40), (40, 3), (4, 20), (20, 4), (4, 35), (35, 4), (5, 9), (9, 5), (5, 18), (18, 5), (5, 19), (19, 5), (5, 22), (22, 5), (5, 27), (27, 5), (5, 31), (31, 5), (5, 34), (34, 5), (6, 18), (18, 6), (6, 19), (19, 6), (6, 21), (21, 6), (6, 23), (23, 6), (6, 28), (28, 6), (7, 36), (36, 7), (8, 19), (19, 8), (8, 22), (22, 8), (8, 25), (25, 8), (8, 28), (28, 8), (8, 35), (35, 8), (8, 39), (39, 8), (9, 12), (12, 9), (9, 13), (13, 9), (9, 20), (20, 9), (9, 23), (23, 9), (9, 27), (27, 9), (9, 33), (33, 9), (9, 37), (37, 9), (10, 11), (11, 10), (10, 19), (19, 10), (10, 38), (38, 10), (11, 13), (13, 11), (11, 18), (18, 11), (11, 25), (25, 11), (11, 35), (35, 11), (11, 36), (36, 11), (12, 26), (26, 12), (13, 15), (15, 13), (13, 17), (17, 13), (13, 25), (25, 13), (13, 37), (37, 13), (14, 28), (28, 14), (14, 36), (36, 14), (15, 31), (31, 15), (15, 39), (39, 15), (18, 20), (20, 18), (19, 25), (25, 19), (19, 27), (27, 19), (20, 23), (23, 20), (21, 34), (34, 21), (22, 29), (29, 22), (22, 32), (32, 22), (23, 33), (33, 23), (24, 35), (35, 24), (24, 36), (36, 24), (25, 27), (27, 25), (25, 29), (29, 25), (26, 36), (36, 26), (27, 29), (29, 27), (27, 32), (32, 27), (27, 35), (35, 27), (28, 33), (33, 28), (28, 34), (34, 28), (28, 38), (38, 28), (28, 39), (39, 28), (28, 40), (40, 28), (29, 35), (35, 29), (29, 37), (37, 29), (30, 36), (36, 30), (32, 38), (38, 32), (34, 35), (35, 34)]
Z_dad = [1, 13, 28]
Y_dad = [9]
X_dad = [5, 8, 36]
Z_da-ad = [1, 28, 36]
Y_da-ad = [13]
X_da-ad = [9, 17, 22]
