no              #fail
85.383          #totTm
0.185           #lastADTm
10              #itDAD
1.667           #avItADGoal
6               #itADOpt
11              #opt
11              #optDA-AD
0.62            #tmDA
0.0             #relGain

V = [1, 2, 3, 4, 5, 6, 7, 8, 9, 10, 11, 12, 13, 14, 15, 16, 17, 18, 19, 20, 21, 22, 23, 24, 25, 26, 27, 28, 29, 30, 31, 32, 33, 34, 35, 36, 37, 38, 39, 40]
A = [(1, 7), (7, 1), (1, 15), (15, 1), (1, 29), (29, 1), (1, 35), (35, 1), (2, 12), (12, 2), (2, 16), (16, 2), (2, 21), (21, 2), (2, 35), (35, 2), (3, 15), (15, 3), (3, 16), (16, 3), (3, 40), (40, 3), (4, 9), (9, 4), (4, 12), (12, 4), (4, 22), (22, 4), (4, 27), (27, 4), (4, 29), (29, 4), (4, 38), (38, 4), (4, 39), (39, 4), (5, 29), (29, 5), (5, 30), (30, 5), (5, 33), (33, 5), (5, 35), (35, 5), (6, 20), (20, 6), (6, 32), (32, 6), (6, 38), (38, 6), (7, 12), (12, 7), (7, 25), (25, 7), (7, 36), (36, 7), (8, 12), (12, 8), (8, 18), (18, 8), (8, 24), (24, 8), (8, 30), (30, 8), (8, 38), (38, 8), (9, 15), (15, 9), (9, 23), (23, 9), (9, 31), (31, 9), (9, 32), (32, 9), (10, 14), (14, 10), (10, 15), (15, 10), (10, 35), (35, 10), (11, 36), (36, 11), (12, 17), (17, 12), (12, 23), (23, 12), (12, 24), (24, 12), (13, 16), (16, 13), (14, 15), (15, 14), (14, 18), (18, 14), (14, 28), (28, 14), (14, 37), (37, 14), (15, 27), (27, 15), (15, 28), (28, 15), (15, 39), (39, 15), (16, 20), (20, 16), (16, 32), (32, 16), (17, 18), (18, 17), (17, 30), (30, 17), (17, 36), (36, 17), (18, 20), (20, 18), (18, 31), (31, 18), (18, 32), (32, 18), (18, 34), (34, 18), (18, 36), (36, 18), (19, 23), (23, 19), (20, 38), (38, 20), (20, 40), (40, 20), (21, 28), (28, 21), (21, 33), (33, 21), (21, 34), (34, 21), (22, 29), (29, 22), (22, 34), (34, 22), (23, 29), (29, 23), (23, 31), (31, 23), (23, 40), (40, 23), (24, 30), (30, 24), (25, 28), (28, 25), (25, 31), (31, 25), (26, 34), (34, 26), (26, 36), (36, 26), (26, 40), (40, 26), (28, 39), (39, 28), (29, 35), (35, 29), (29, 36), (36, 29), (29, 38), (38, 29), (29, 39), (39, 29), (33, 39), (39, 33)]
Z_dad = [15, 23, 36]
Y_dad = [20]
X_dad = [4, 16, 40]
Z_da-ad = [16, 23, 36]
Y_da-ad = [34]
X_da-ad = [15, 20, 26]
