no              #fail
3.156           #totTm
0.206           #lastADTm
6               #itDAD
1.400           #avItADGoal
5               #itADOpt
13              #opt
11              #optDA-AD
0.591           #tmDA
15.4            #relGain

V = [1, 2, 3, 4, 5, 6, 7, 8, 9, 10, 11, 12, 13, 14, 15, 16, 17, 18, 19, 20, 21, 22, 23, 24, 25, 26, 27, 28, 29, 30, 31, 32, 33, 34, 35, 36, 37, 38, 39, 40]
A = [(1, 5), (5, 1), (1, 14), (14, 1), (1, 17), (17, 1), (1, 30), (30, 1), (1, 33), (33, 1), (1, 35), (35, 1), (2, 18), (18, 2), (2, 30), (30, 2), (3, 12), (12, 3), (4, 22), (22, 4), (4, 36), (36, 4), (5, 10), (10, 5), (5, 12), (12, 5), (5, 30), (30, 5), (6, 17), (17, 6), (6, 24), (24, 6), (6, 36), (36, 6), (6, 38), (38, 6), (7, 9), (9, 7), (7, 30), (30, 7), (7, 31), (31, 7), (8, 22), (22, 8), (8, 29), (29, 8), (8, 31), (31, 8), (8, 34), (34, 8), (8, 38), (38, 8), (9, 13), (13, 9), (9, 37), (37, 9), (10, 24), (24, 10), (11, 16), (16, 11), (11, 37), (37, 11), (12, 13), (13, 12), (12, 35), (35, 12), (13, 20), (20, 13), (13, 22), (22, 13), (13, 26), (26, 13), (13, 28), (28, 13), (13, 39), (39, 13), (14, 15), (15, 14), (14, 17), (17, 14), (14, 32), (32, 14), (14, 33), (33, 14), (14, 40), (40, 14), (15, 18), (18, 15), (15, 19), (19, 15), (15, 27), (27, 15), (15, 28), (28, 15), (15, 39), (39, 15), (16, 31), (31, 16), (17, 24), (24, 17), (17, 35), (35, 17), (17, 36), (36, 17), (18, 23), (23, 18), (19, 33), (33, 19), (19, 35), (35, 19), (19, 36), (36, 19), (20, 21), (21, 20), (20, 29), (29, 20), (20, 31), (31, 20), (21, 22), (22, 21), (21, 32), (32, 21), (22, 31), (31, 22), (23, 25), (25, 23), (23, 29), (29, 23), (23, 33), (33, 23), (23, 34), (34, 23), (23, 36), (36, 23), (24, 25), (25, 24), (24, 31), (31, 24), (24, 34), (34, 24), (25, 30), (30, 25), (25, 34), (34, 25), (25, 35), (35, 25), (26, 34), (34, 26), (27, 30), (30, 27), (27, 39), (39, 27), (28, 29), (29, 28), (28, 32), (32, 28), (28, 37), (37, 28), (29, 30), (30, 29), (30, 34), (34, 30), (30, 40), (40, 30), (31, 39), (39, 31), (34, 35), (35, 34), (36, 38), (38, 36)]
Z_dad = [13, 30, 31]
Y_dad = [15]
X_dad = [14, 18, 28]
Z_da-ad = [12, 31, 37]
Y_da-ad = [13]
X_da-ad = [15, 23, 30]
