no              #fail
12.000          #totTm
0.226           #lastADTm
8               #itDAD
1.429           #avItADGoal
8               #itADOpt
12              #opt
11              #optDA-AD
0.578           #tmDA
8.3             #relGain

V = [1, 2, 3, 4, 5, 6, 7, 8, 9, 10, 11, 12, 13, 14, 15, 16, 17, 18, 19, 20, 21, 22, 23, 24, 25, 26, 27, 28, 29, 30, 31, 32, 33, 34, 35, 36, 37, 38, 39, 40]
A = [(1, 19), (19, 1), (1, 33), (33, 1), (1, 36), (36, 1), (2, 7), (7, 2), (2, 33), (33, 2), (3, 22), (22, 3), (4, 15), (15, 4), (4, 17), (17, 4), (4, 29), (29, 4), (4, 34), (34, 4), (5, 7), (7, 5), (5, 10), (10, 5), (5, 30), (30, 5), (5, 36), (36, 5), (6, 7), (7, 6), (6, 13), (13, 6), (6, 21), (21, 6), (6, 25), (25, 6), (6, 37), (37, 6), (7, 8), (8, 7), (7, 15), (15, 7), (7, 33), (33, 7), (8, 11), (11, 8), (8, 20), (20, 8), (8, 22), (22, 8), (8, 24), (24, 8), (8, 27), (27, 8), (9, 11), (11, 9), (9, 36), (36, 9), (10, 13), (13, 10), (10, 15), (15, 10), (10, 18), (18, 10), (10, 35), (35, 10), (10, 36), (36, 10), (11, 13), (13, 11), (11, 25), (25, 11), (11, 28), (28, 11), (11, 29), (29, 11), (12, 21), (21, 12), (13, 16), (16, 13), (13, 24), (24, 13), (13, 26), (26, 13), (13, 33), (33, 13), (14, 17), (17, 14), (14, 22), (22, 14), (14, 28), (28, 14), (14, 31), (31, 14), (15, 33), (33, 15), (15, 39), (39, 15), (16, 17), (17, 16), (16, 25), (25, 16), (16, 32), (32, 16), (16, 35), (35, 16), (16, 38), (38, 16), (17, 20), (20, 17), (17, 24), (24, 17), (17, 33), (33, 17), (18, 19), (19, 18), (18, 24), (24, 18), (18, 34), (34, 18), (18, 35), (35, 18), (18, 36), (36, 18), (19, 28), (28, 19), (19, 35), (35, 19), (20, 21), (21, 20), (20, 24), (24, 20), (20, 33), (33, 20), (21, 34), (34, 21), (21, 37), (37, 21), (22, 28), (28, 22), (22, 38), (38, 22), (22, 40), (40, 22), (23, 24), (24, 23), (23, 30), (30, 23), (24, 34), (34, 24), (24, 40), (40, 24), (25, 31), (31, 25), (27, 31), (31, 27), (27, 33), (33, 27), (28, 37), (37, 28), (29, 32), (32, 29), (29, 34), (34, 29), (33, 35), (35, 33), (36, 38), (38, 36), (37, 40), (40, 37)]
Z_dad = [5, 22, 24]
Y_dad = [33]
X_dad = [6, 21, 28]
Z_da-ad = [13, 15, 22]
Y_da-ad = [24]
X_da-ad = [11, 21, 36]
