no              #fail
2.701           #totTm
0.378           #lastADTm
6               #itDAD
1.200           #avItADGoal
11              #itADOpt
12              #opt
12              #optDA-AD
0.523           #tmDA
0.0             #relGain

V = [1, 2, 3, 4, 5, 6, 7, 8, 9, 10, 11, 12, 13, 14, 15, 16, 17, 18, 19, 20, 21, 22, 23, 24, 25, 26, 27, 28, 29, 30, 31, 32, 33, 34, 35, 36, 37, 38, 39, 40]
A = [(1, 2), (2, 1), (1, 6), (6, 1), (1, 9), (9, 1), (1, 14), (14, 1), (1, 27), (27, 1), (1, 28), (28, 1), (2, 3), (3, 2), (2, 8), (8, 2), (2, 15), (15, 2), (2, 18), (18, 2), (2, 24), (24, 2), (2, 26), (26, 2), (2, 27), (27, 2), (2, 28), (28, 2), (2, 35), (35, 2), (3, 13), (13, 3), (4, 18), (18, 4), (4, 28), (28, 4), (4, 30), (30, 4), (5, 6), (6, 5), (5, 12), (12, 5), (5, 19), (19, 5), (5, 22), (22, 5), (5, 27), (27, 5), (5, 36), (36, 5), (6, 14), (14, 6), (6, 15), (15, 6), (6, 25), (25, 6), (7, 27), (27, 7), (7, 38), (38, 7), (8, 10), (10, 8), (8, 40), (40, 8), (9, 19), (19, 9), (9, 20), (20, 9), (9, 21), (21, 9), (9, 23), (23, 9), (10, 11), (11, 10), (10, 16), (16, 10), (11, 26), (26, 11), (11, 28), (28, 11), (12, 23), (23, 12), (12, 25), (25, 12), (13, 26), (26, 13), (14, 26), (26, 14), (15, 17), (17, 15), (15, 33), (33, 15), (15, 36), (36, 15), (16, 18), (18, 16), (16, 32), (32, 16), (16, 34), (34, 16), (17, 38), (38, 17), (18, 26), (26, 18), (18, 27), (27, 18), (18, 31), (31, 18), (19, 22), (22, 19), (19, 32), (32, 19), (19, 36), (36, 19), (19, 39), (39, 19), (20, 22), (22, 20), (20, 24), (24, 20), (20, 31), (31, 20), (20, 34), (34, 20), (20, 39), (39, 20), (21, 38), (38, 21), (22, 28), (28, 22), (22, 30), (30, 22), (22, 34), (34, 22), (23, 24), (24, 23), (23, 37), (37, 23), (25, 26), (26, 25), (25, 32), (32, 25), (25, 38), (38, 25), (26, 36), (36, 26), (26, 40), (40, 26), (27, 28), (28, 27), (27, 33), (33, 27), (28, 32), (32, 28), (28, 40), (40, 28), (29, 33), (33, 29), (31, 35), (35, 31), (31, 39), (39, 31), (31, 40), (40, 31), (33, 34), (34, 33), (33, 40), (40, 33), (36, 38), (38, 36)]
Z_dad = [2, 26, 28]
Y_dad = [31]
X_dad = [16, 33, 40]
Z_da-ad = [2, 23, 26]
Y_da-ad = [28]
X_da-ad = [19, 20, 31]
