no              #fail
19.346          #totTm
0.196           #lastADTm
7               #itDAD
1.333           #avItADGoal
6               #itADOpt
11              #opt
10              #optDA-AD
0.644           #tmDA
9.1             #relGain

V = [1, 2, 3, 4, 5, 6, 7, 8, 9, 10, 11, 12, 13, 14, 15, 16, 17, 18, 19, 20, 21, 22, 23, 24, 25, 26, 27, 28, 29, 30, 31, 32, 33, 34, 35, 36, 37, 38, 39, 40]
A = [(1, 8), (8, 1), (1, 12), (12, 1), (1, 19), (19, 1), (1, 29), (29, 1), (2, 17), (17, 2), (2, 40), (40, 2), (3, 9), (9, 3), (3, 10), (10, 3), (3, 14), (14, 3), (3, 23), (23, 3), (3, 39), (39, 3), (4, 12), (12, 4), (4, 17), (17, 4), (4, 25), (25, 4), (4, 32), (32, 4), (4, 36), (36, 4), (5, 7), (7, 5), (5, 10), (10, 5), (5, 12), (12, 5), (5, 15), (15, 5), (5, 18), (18, 5), (5, 27), (27, 5), (5, 34), (34, 5), (6, 10), (10, 6), (6, 20), (20, 6), (6, 33), (33, 6), (6, 34), (34, 6), (7, 23), (23, 7), (7, 40), (40, 7), (8, 16), (16, 8), (8, 21), (21, 8), (9, 11), (11, 9), (9, 20), (20, 9), (9, 31), (31, 9), (9, 36), (36, 9), (10, 18), (18, 10), (10, 28), (28, 10), (10, 39), (39, 10), (11, 29), (29, 11), (11, 31), (31, 11), (12, 21), (21, 12), (13, 19), (19, 13), (13, 31), (31, 13), (13, 32), (32, 13), (13, 35), (35, 13), (13, 40), (40, 13), (14, 16), (16, 14), (14, 20), (20, 14), (14, 21), (21, 14), (14, 24), (24, 14), (14, 37), (37, 14), (15, 28), (28, 15), (15, 30), (30, 15), (15, 33), (33, 15), (16, 25), (25, 16), (16, 33), (33, 16), (16, 37), (37, 16), (17, 20), (20, 17), (17, 25), (25, 17), (17, 32), (32, 17), (17, 38), (38, 17), (18, 19), (19, 18), (18, 20), (20, 18), (18, 24), (24, 18), (18, 33), (33, 18), (20, 27), (27, 20), (20, 38), (38, 20), (21, 33), (33, 21), (22, 36), (36, 22), (23, 35), (35, 23), (26, 28), (28, 26), (26, 39), (39, 26), (27, 31), (31, 27), (27, 40), (40, 27), (28, 31), (31, 28), (28, 33), (33, 28), (31, 36), (36, 31), (31, 39), (39, 31), (31, 40), (40, 31), (32, 33), (33, 32), (33, 39), (39, 33), (33, 40), (40, 33), (34, 39), (39, 34), (36, 37), (37, 36), (38, 39), (39, 38)]
Z_dad = [3, 5, 40]
Y_dad = [33]
X_dad = [13, 15, 17]
Z_da-ad = [1, 11, 15]
Y_da-ad = [14]
X_da-ad = [16, 21, 36]
