no              #fail
18.576          #totTm
0.172           #lastADTm
8               #itDAD
1.571           #avItADGoal
6               #itADOpt
12              #opt
11              #optDA-AD
0.658           #tmDA
8.3             #relGain

V = [1, 2, 3, 4, 5, 6, 7, 8, 9, 10, 11, 12, 13, 14, 15, 16, 17, 18, 19, 20, 21, 22, 23, 24, 25, 26, 27, 28, 29, 30, 31, 32, 33, 34, 35, 36, 37, 38, 39, 40]
A = [(1, 6), (6, 1), (1, 20), (20, 1), (1, 40), (40, 1), (2, 4), (4, 2), (2, 22), (22, 2), (2, 23), (23, 2), (3, 4), (4, 3), (3, 8), (8, 3), (3, 17), (17, 3), (3, 20), (20, 3), (3, 21), (21, 3), (3, 23), (23, 3), (4, 12), (12, 4), (4, 23), (23, 4), (4, 27), (27, 4), (4, 37), (37, 4), (4, 40), (40, 4), (5, 7), (7, 5), (5, 17), (17, 5), (5, 28), (28, 5), (5, 35), (35, 5), (5, 39), (39, 5), (5, 40), (40, 5), (6, 18), (18, 6), (6, 28), (28, 6), (6, 30), (30, 6), (6, 32), (32, 6), (6, 35), (35, 6), (7, 16), (16, 7), (7, 27), (27, 7), (7, 32), (32, 7), (8, 10), (10, 8), (8, 13), (13, 8), (8, 14), (14, 8), (8, 25), (25, 8), (8, 39), (39, 8), (10, 16), (16, 10), (11, 12), (12, 11), (11, 23), (23, 11), (11, 25), (25, 11), (11, 29), (29, 11), (11, 39), (39, 11), (12, 13), (13, 12), (12, 23), (23, 12), (13, 28), (28, 13), (13, 33), (33, 13), (13, 34), (34, 13), (13, 36), (36, 13), (14, 19), (19, 14), (14, 30), (30, 14), (14, 32), (32, 14), (14, 37), (37, 14), (14, 40), (40, 14), (15, 16), (16, 15), (15, 20), (20, 15), (15, 23), (23, 15), (15, 28), (28, 15), (15, 30), (30, 15), (15, 37), (37, 15), (16, 38), (38, 16), (17, 25), (25, 17), (18, 21), (21, 18), (18, 31), (31, 18), (18, 32), (32, 18), (19, 20), (20, 19), (19, 32), (32, 19), (20, 39), (39, 20), (21, 23), (23, 21), (21, 24), (24, 21), (22, 31), (31, 22), (22, 36), (36, 22), (23, 32), (32, 23), (23, 34), (34, 23), (24, 29), (29, 24), (24, 30), (30, 24), (24, 31), (31, 24), (25, 29), (29, 25), (26, 35), (35, 26), (28, 37), (37, 28), (28, 39), (39, 28), (29, 30), (30, 29), (29, 36), (36, 29), (30, 38), (38, 30), (32, 33), (33, 32), (34, 39), (39, 34)]
Z_dad = [4, 5, 32]
Y_dad = [23]
X_dad = [6, 8, 16]
Z_da-ad = [13, 32, 35]
Y_da-ad = [11]
X_da-ad = [8, 16, 30]
