no              #fail
4.929           #totTm
0.196           #lastADTm
7               #itDAD
1.333           #avItADGoal
5               #itADOpt
13              #opt
12              #optDA-AD
0.575           #tmDA
7.7             #relGain

V = [1, 2, 3, 4, 5, 6, 7, 8, 9, 10, 11, 12, 13, 14, 15, 16, 17, 18, 19, 20, 21, 22, 23, 24, 25, 26, 27, 28, 29, 30, 31, 32, 33, 34, 35, 36, 37, 38, 39, 40]
A = [(1, 4), (4, 1), (1, 5), (5, 1), (1, 38), (38, 1), (2, 24), (24, 2), (2, 37), (37, 2), (2, 38), (38, 2), (3, 7), (7, 3), (3, 18), (18, 3), (3, 20), (20, 3), (3, 23), (23, 3), (3, 29), (29, 3), (3, 36), (36, 3), (4, 12), (12, 4), (4, 22), (22, 4), (4, 31), (31, 4), (5, 6), (6, 5), (5, 7), (7, 5), (5, 8), (8, 5), (5, 9), (9, 5), (5, 11), (11, 5), (5, 19), (19, 5), (5, 26), (26, 5), (5, 40), (40, 5), (6, 8), (8, 6), (6, 16), (16, 6), (7, 10), (10, 7), (7, 14), (14, 7), (7, 35), (35, 7), (7, 37), (37, 7), (7, 40), (40, 7), (8, 10), (10, 8), (8, 15), (15, 8), (8, 20), (20, 8), (8, 22), (22, 8), (8, 24), (24, 8), (8, 32), (32, 8), (9, 21), (21, 9), (9, 26), (26, 9), (10, 23), (23, 10), (10, 24), (24, 10), (10, 31), (31, 10), (11, 16), (16, 11), (11, 17), (17, 11), (11, 30), (30, 11), (11, 33), (33, 11), (11, 37), (37, 11), (11, 40), (40, 11), (12, 18), (18, 12), (12, 26), (26, 12), (12, 28), (28, 12), (12, 29), (29, 12), (12, 33), (33, 12), (12, 40), (40, 12), (13, 23), (23, 13), (14, 22), (22, 14), (14, 25), (25, 14), (15, 22), (22, 15), (15, 25), (25, 15), (15, 33), (33, 15), (15, 35), (35, 15), (16, 24), (24, 16), (16, 34), (34, 16), (16, 38), (38, 16), (16, 40), (40, 16), (17, 29), (29, 17), (17, 33), (33, 17), (17, 38), (38, 17), (19, 27), (27, 19), (20, 32), (32, 20), (23, 26), (26, 23), (24, 31), (31, 24), (24, 36), (36, 24), (25, 28), (28, 25), (25, 34), (34, 25), (26, 35), (35, 26), (26, 38), (38, 26), (27, 28), (28, 27), (28, 33), (33, 28), (30, 34), (34, 30), (30, 38), (38, 30), (31, 34), (34, 31), (31, 39), (39, 31), (31, 40), (40, 31), (34, 35), (35, 34), (36, 40), (40, 36)]
Z_dad = [3, 5, 10]
Y_dad = [8]
X_dad = [12, 26, 28]
Z_da-ad = [5, 26, 28]
Y_da-ad = [3]
X_da-ad = [1, 23, 31]
