no              #fail
6.908           #totTm
0.311           #lastADTm
8               #itDAD
1.571           #avItADGoal
11              #itADOpt
14              #opt
14              #optDA-AD
0.551           #tmDA
0.0             #relGain

V = [1, 2, 3, 4, 5, 6, 7, 8, 9, 10, 11, 12, 13, 14, 15, 16, 17, 18, 19, 20, 21, 22, 23, 24, 25, 26, 27, 28, 29, 30, 31, 32, 33, 34, 35, 36, 37, 38, 39, 40]
A = [(1, 14), (14, 1), (1, 33), (33, 1), (1, 34), (34, 1), (1, 36), (36, 1), (2, 13), (13, 2), (3, 7), (7, 3), (3, 18), (18, 3), (3, 24), (24, 3), (3, 36), (36, 3), (3, 37), (37, 3), (4, 9), (9, 4), (4, 17), (17, 4), (4, 19), (19, 4), (4, 32), (32, 4), (4, 36), (36, 4), (5, 25), (25, 5), (5, 38), (38, 5), (6, 31), (31, 6), (6, 37), (37, 6), (7, 8), (8, 7), (7, 14), (14, 7), (7, 35), (35, 7), (7, 40), (40, 7), (8, 9), (9, 8), (8, 10), (10, 8), (8, 12), (12, 8), (8, 21), (21, 8), (8, 36), (36, 8), (9, 12), (12, 9), (9, 14), (14, 9), (9, 17), (17, 9), (9, 24), (24, 9), (9, 32), (32, 9), (10, 40), (40, 10), (11, 15), (15, 11), (11, 32), (32, 11), (11, 37), (37, 11), (12, 18), (18, 12), (12, 38), (38, 12), (12, 40), (40, 12), (13, 16), (16, 13), (13, 20), (20, 13), (13, 26), (26, 13), (13, 27), (27, 13), (13, 30), (30, 13), (13, 32), (32, 13), (13, 35), (35, 13), (14, 22), (22, 14), (14, 33), (33, 14), (16, 28), (28, 16), (17, 35), (35, 17), (17, 38), (38, 17), (18, 19), (19, 18), (18, 24), (24, 18), (18, 27), (27, 18), (19, 20), (20, 19), (19, 21), (21, 19), (19, 30), (30, 19), (20, 23), (23, 20), (20, 27), (27, 20), (20, 33), (33, 20), (21, 30), (30, 21), (21, 32), (32, 21), (21, 40), (40, 21), (23, 25), (25, 23), (23, 33), (33, 23), (24, 25), (25, 24), (25, 30), (30, 25), (26, 31), (31, 26), (26, 32), (32, 26), (26, 35), (35, 26), (26, 37), (37, 26), (26, 40), (40, 26), (28, 38), (38, 28), (29, 31), (31, 29), (29, 33), (33, 29), (29, 36), (36, 29), (30, 35), (35, 30), (32, 34), (34, 32), (32, 35), (35, 32), (32, 37), (37, 32), (32, 38), (38, 32), (32, 39), (39, 32), (33, 37), (37, 33), (33, 38), (38, 33)]
Z_dad = [32, 33, 36]
Y_dad = [26]
X_dad = [14, 31, 37]
Z_da-ad = [14, 32, 37]
Y_da-ad = [33]
X_da-ad = [13, 31, 38]
