no              #fail
2.906           #totTm
0.165           #lastADTm
6               #itDAD
1.200           #avItADGoal
5               #itADOpt
13              #opt
13              #optDA-AD
0.725           #tmDA
0.0             #relGain

V = [1, 2, 3, 4, 5, 6, 7, 8, 9, 10, 11, 12, 13, 14, 15, 16, 17, 18, 19, 20, 21, 22, 23, 24, 25, 26, 27, 28, 29, 30, 31, 32, 33, 34, 35, 36, 37, 38, 39, 40]
A = [(1, 4), (4, 1), (1, 9), (9, 1), (2, 4), (4, 2), (2, 13), (13, 2), (2, 16), (16, 2), (2, 23), (23, 2), (2, 27), (27, 2), (2, 33), (33, 2), (2, 34), (34, 2), (3, 11), (11, 3), (3, 35), (35, 3), (3, 36), (36, 3), (5, 24), (24, 5), (5, 26), (26, 5), (5, 28), (28, 5), (5, 29), (29, 5), (5, 33), (33, 5), (5, 35), (35, 5), (5, 38), (38, 5), (5, 39), (39, 5), (6, 7), (7, 6), (6, 10), (10, 6), (6, 15), (15, 6), (6, 38), (38, 6), (7, 8), (8, 7), (7, 11), (11, 7), (7, 15), (15, 7), (8, 12), (12, 8), (8, 16), (16, 8), (8, 24), (24, 8), (9, 32), (32, 9), (9, 35), (35, 9), (9, 39), (39, 9), (10, 29), (29, 10), (10, 32), (32, 10), (10, 33), (33, 10), (11, 26), (26, 11), (12, 17), (17, 12), (12, 35), (35, 12), (12, 37), (37, 12), (13, 23), (23, 13), (13, 31), (31, 13), (13, 37), (37, 13), (15, 17), (17, 15), (15, 19), (19, 15), (15, 28), (28, 15), (15, 31), (31, 15), (15, 35), (35, 15), (15, 37), (37, 15), (15, 39), (39, 15), (15, 40), (40, 15), (17, 28), (28, 17), (17, 30), (30, 17), (17, 32), (32, 17), (17, 37), (37, 17), (18, 22), (22, 18), (18, 24), (24, 18), (18, 36), (36, 18), (19, 35), (35, 19), (19, 40), (40, 19), (20, 21), (21, 20), (20, 25), (25, 20), (20, 27), (27, 20), (20, 37), (37, 20), (21, 35), (35, 21), (21, 36), (36, 21), (21, 39), (39, 21), (22, 27), (27, 22), (22, 38), (38, 22), (23, 36), (36, 23), (23, 37), (37, 23), (25, 29), (29, 25), (26, 36), (36, 26), (28, 33), (33, 28), (28, 36), (36, 28), (29, 32), (32, 29), (29, 36), (36, 29), (31, 35), (35, 31), (31, 38), (38, 31), (31, 40), (40, 31), (33, 37), (37, 33), (33, 38), (38, 33), (35, 37), (37, 35), (35, 38), (38, 35), (36, 39), (39, 36)]
Z_dad = [2, 35, 36]
Y_dad = [15]
X_dad = [5, 7, 9]
Z_da-ad = [2, 8, 9]
Y_da-ad = [21]
X_da-ad = [5, 22, 36]
