no              #fail
20.178          #totTm
3.040           #lastADTm
7               #itDAD
4.333           #avItADGoal
9               #itADOpt
5               #opt
5               #optDA-AD
0.186           #tmDA
0.0             #relGain

V = [1, 2, 3, 4, 5, 6, 7, 8, 9, 10, 11, 12, 13, 14, 15, 16, 17, 18, 19, 20, 21, 22, 23, 24, 25, 26, 27, 28, 29, 30, 31, 32, 33, 34, 35, 36, 37, 38, 39, 40]
A = [(1, 4), (4, 1), (1, 6), (6, 1), (1, 16), (16, 1), (1, 23), (23, 1), (1, 26), (26, 1), (1, 27), (27, 1), (1, 29), (29, 1), (2, 8), (8, 2), (2, 20), (20, 2), (2, 28), (28, 2), (2, 36), (36, 2), (3, 10), (10, 3), (3, 14), (14, 3), (3, 21), (21, 3), (3, 30), (30, 3), (3, 40), (40, 3), (4, 5), (5, 4), (4, 12), (12, 4), (4, 17), (17, 4), (4, 21), (21, 4), (5, 26), (26, 5), (6, 23), (23, 6), (6, 31), (31, 6), (6, 38), (38, 6), (7, 9), (9, 7), (7, 15), (15, 7), (7, 33), (33, 7), (7, 36), (36, 7), (8, 14), (14, 8), (8, 19), (19, 8), (8, 29), (29, 8), (8, 38), (38, 8), (9, 14), (14, 9), (9, 17), (17, 9), (10, 16), (16, 10), (10, 22), (22, 10), (10, 26), (26, 10), (10, 38), (38, 10), (11, 23), (23, 11), (11, 24), (24, 11), (11, 36), (36, 11), (11, 38), (38, 11), (12, 18), (18, 12), (12, 21), (21, 12), (12, 27), (27, 12), (12, 35), (35, 12), (13, 19), (19, 13), (13, 37), (37, 13), (14, 20), (20, 14), (15, 37), (37, 15), (16, 21), (21, 16), (16, 33), (33, 16), (16, 36), (36, 16), (16, 37), (37, 16), (16, 40), (40, 16), (17, 19), (19, 17), (17, 30), (30, 17), (17, 40), (40, 17), (18, 24), (24, 18), (18, 29), (29, 18), (18, 33), (33, 18), (18, 35), (35, 18), (19, 22), (22, 19), (19, 32), (32, 19), (19, 35), (35, 19), (19, 38), (38, 19), (20, 24), (24, 20), (20, 38), (38, 20), (21, 29), (29, 21), (22, 30), (30, 22), (23, 35), (35, 23), (23, 38), (38, 23), (23, 39), (39, 23), (24, 25), (25, 24), (24, 38), (38, 24), (24, 40), (40, 24), (25, 27), (27, 25), (25, 29), (29, 25), (25, 34), (34, 25), (25, 40), (40, 25), (26, 30), (30, 26), (26, 34), (34, 26), (28, 30), (30, 28), (29, 36), (36, 29), (29, 39), (39, 29), (30, 37), (37, 30), (31, 32), (32, 31), (31, 34), (34, 31), (31, 35), (35, 31), (31, 36), (36, 31), (33, 34), (34, 33), (34, 36), (36, 34), (38, 39), (39, 38)]
Z_dad = [30]
Y_dad = [2, 16, 19]
X_dad = [4, 9, 26]
Z_da-ad = [1]
Y_da-ad = [13, 15, 22]
X_da-ad = [2, 4, 30]
