no              #fail
10.104          #totTm
2.096           #lastADTm
5               #itDAD
1.500           #avItADGoal
11              #itADOpt
6               #opt
5               #optDA-AD
0.255           #tmDA
16.7            #relGain

V = [1, 2, 3, 4, 5, 6, 7, 8, 9, 10, 11, 12, 13, 14, 15, 16, 17, 18, 19, 20, 21, 22, 23, 24, 25, 26, 27, 28, 29, 30, 31, 32, 33, 34, 35, 36, 37, 38, 39, 40]
A = [(1, 18), (18, 1), (1, 23), (23, 1), (2, 6), (6, 2), (2, 8), (8, 2), (2, 14), (14, 2), (2, 24), (24, 2), (2, 35), (35, 2), (3, 4), (4, 3), (3, 18), (18, 3), (3, 21), (21, 3), (3, 28), (28, 3), (3, 31), (31, 3), (4, 10), (10, 4), (4, 13), (13, 4), (4, 15), (15, 4), (4, 19), (19, 4), (4, 29), (29, 4), (5, 17), (17, 5), (5, 19), (19, 5), (5, 34), (34, 5), (5, 39), (39, 5), (6, 24), (24, 6), (6, 27), (27, 6), (6, 32), (32, 6), (7, 25), (25, 7), (7, 26), (26, 7), (8, 11), (11, 8), (8, 21), (21, 8), (8, 24), (24, 8), (8, 29), (29, 8), (8, 31), (31, 8), (8, 34), (34, 8), (9, 28), (28, 9), (9, 35), (35, 9), (10, 11), (11, 10), (10, 34), (34, 10), (10, 38), (38, 10), (10, 39), (39, 10), (11, 32), (32, 11), (11, 33), (33, 11), (11, 40), (40, 11), (12, 25), (25, 12), (12, 30), (30, 12), (12, 36), (36, 12), (14, 19), (19, 14), (14, 27), (27, 14), (14, 32), (32, 14), (14, 35), (35, 14), (14, 38), (38, 14), (14, 39), (39, 14), (15, 27), (27, 15), (15, 33), (33, 15), (15, 39), (39, 15), (16, 18), (18, 16), (16, 19), (19, 16), (16, 31), (31, 16), (16, 40), (40, 16), (17, 22), (22, 17), (17, 26), (26, 17), (18, 23), (23, 18), (18, 37), (37, 18), (18, 39), (39, 18), (19, 30), (30, 19), (20, 21), (21, 20), (20, 24), (24, 20), (20, 27), (27, 20), (20, 30), (30, 20), (20, 37), (37, 20), (20, 38), (38, 20), (21, 22), (22, 21), (21, 34), (34, 21), (21, 35), (35, 21), (22, 25), (25, 22), (22, 26), (26, 22), (22, 30), (30, 22), (22, 33), (33, 22), (23, 24), (24, 23), (23, 39), (39, 23), (24, 31), (31, 24), (24, 32), (32, 24), (24, 34), (34, 24), (24, 36), (36, 24), (25, 30), (30, 25), (25, 36), (36, 25), (26, 37), (37, 26), (26, 39), (39, 26), (27, 29), (29, 27), (27, 33), (33, 27), (29, 36), (36, 29), (31, 33), (33, 31), (31, 36), (36, 31), (34, 40), (40, 34), (35, 36), (36, 35)]
Z_dad = [22]
Y_dad = [4, 24, 26]
X_dad = [2, 3, 35]
Z_da-ad = [4]
Y_da-ad = [13, 35, 39]
X_da-ad = [3, 9, 18]
