no              #fail
89.453          #totTm
3.382           #lastADTm
11              #itDAD
4.900           #avItADGoal
9               #itADOpt
5               #opt
5               #optDA-AD
0.264           #tmDA
0.0             #relGain

V = [1, 2, 3, 4, 5, 6, 7, 8, 9, 10, 11, 12, 13, 14, 15, 16, 17, 18, 19, 20, 21, 22, 23, 24, 25, 26, 27, 28, 29, 30, 31, 32, 33, 34, 35, 36, 37, 38, 39, 40]
A = [(1, 6), (6, 1), (1, 18), (18, 1), (2, 4), (4, 2), (2, 29), (29, 2), (2, 33), (33, 2), (2, 36), (36, 2), (2, 37), (37, 2), (2, 39), (39, 2), (3, 4), (4, 3), (3, 11), (11, 3), (3, 32), (32, 3), (4, 6), (6, 4), (4, 18), (18, 4), (4, 26), (26, 4), (4, 31), (31, 4), (4, 39), (39, 4), (5, 16), (16, 5), (6, 7), (7, 6), (6, 20), (20, 6), (6, 28), (28, 6), (7, 14), (14, 7), (7, 17), (17, 7), (7, 22), (22, 7), (7, 35), (35, 7), (8, 10), (10, 8), (8, 11), (11, 8), (8, 26), (26, 8), (8, 27), (27, 8), (8, 28), (28, 8), (8, 33), (33, 8), (9, 13), (13, 9), (9, 35), (35, 9), (9, 39), (39, 9), (10, 22), (22, 10), (10, 26), (26, 10), (10, 35), (35, 10), (10, 38), (38, 10), (10, 40), (40, 10), (11, 14), (14, 11), (11, 15), (15, 11), (11, 28), (28, 11), (11, 29), (29, 11), (11, 37), (37, 11), (12, 13), (13, 12), (12, 25), (25, 12), (12, 28), (28, 12), (12, 34), (34, 12), (12, 39), (39, 12), (13, 29), (29, 13), (13, 37), (37, 13), (14, 16), (16, 14), (14, 23), (23, 14), (14, 40), (40, 14), (15, 16), (16, 15), (15, 17), (17, 15), (15, 20), (20, 15), (15, 30), (30, 15), (16, 23), (23, 16), (16, 25), (25, 16), (16, 34), (34, 16), (17, 20), (20, 17), (17, 25), (25, 17), (17, 26), (26, 17), (17, 34), (34, 17), (17, 37), (37, 17), (18, 34), (34, 18), (18, 35), (35, 18), (19, 25), (25, 19), (19, 36), (36, 19), (20, 21), (21, 20), (20, 23), (23, 20), (20, 24), (24, 20), (20, 38), (38, 20), (21, 25), (25, 21), (21, 32), (32, 21), (21, 36), (36, 21), (22, 24), (24, 22), (23, 35), (35, 23), (24, 25), (25, 24), (24, 31), (31, 24), (25, 36), (36, 25), (26, 32), (32, 26), (27, 30), (30, 27), (27, 36), (36, 27), (28, 29), (29, 28), (28, 36), (36, 28), (28, 38), (38, 28), (29, 33), (33, 29), (30, 37), (37, 30), (32, 37), (37, 32), (35, 38), (38, 35), (35, 39), (39, 35), (37, 39), (39, 37)]
Z_dad = [18]
Y_dad = [6, 16, 37]
X_dad = [4, 11, 32]
Z_da-ad = [16]
Y_da-ad = [1, 5, 18]
X_da-ad = [4, 24, 35]
