no              #fail
7.870           #totTm
2.397           #lastADTm
4               #itDAD
4.667           #avItADGoal
13              #itADOpt
6               #opt
6               #optDA-AD
0.394           #tmDA
0.0             #relGain

V = [1, 2, 3, 4, 5, 6, 7, 8, 9, 10, 11, 12, 13, 14, 15, 16, 17, 18, 19, 20, 21, 22, 23, 24, 25, 26, 27, 28, 29, 30, 31, 32, 33, 34, 35, 36, 37, 38, 39, 40]
A = [(1, 16), (16, 1), (1, 17), (17, 1), (1, 18), (18, 1), (1, 22), (22, 1), (1, 30), (30, 1), (2, 14), (14, 2), (2, 16), (16, 2), (2, 18), (18, 2), (2, 27), (27, 2), (2, 28), (28, 2), (3, 18), (18, 3), (3, 33), (33, 3), (4, 10), (10, 4), (4, 15), (15, 4), (4, 20), (20, 4), (4, 22), (22, 4), (4, 24), (24, 4), (4, 35), (35, 4), (5, 8), (8, 5), (5, 10), (10, 5), (5, 26), (26, 5), (5, 27), (27, 5), (5, 33), (33, 5), (5, 35), (35, 5), (6, 31), (31, 6), (6, 33), (33, 6), (6, 38), (38, 6), (7, 21), (21, 7), (7, 24), (24, 7), (7, 35), (35, 7), (8, 10), (10, 8), (8, 13), (13, 8), (8, 18), (18, 8), (8, 21), (21, 8), (8, 23), (23, 8), (8, 34), (34, 8), (8, 38), (38, 8), (9, 15), (15, 9), (9, 19), (19, 9), (9, 23), (23, 9), (9, 24), (24, 9), (9, 35), (35, 9), (9, 39), (39, 9), (11, 13), (13, 11), (11, 17), (17, 11), (11, 37), (37, 11), (11, 38), (38, 11), (12, 16), (16, 12), (13, 19), (19, 13), (13, 22), (22, 13), (13, 33), (33, 13), (13, 40), (40, 13), (14, 31), (31, 14), (15, 22), (22, 15), (15, 27), (27, 15), (15, 37), (37, 15), (16, 19), (19, 16), (16, 20), (20, 16), (16, 22), (22, 16), (16, 30), (30, 16), (16, 32), (32, 16), (17, 23), (23, 17), (18, 30), (30, 18), (18, 35), (35, 18), (19, 29), (29, 19), (20, 28), (28, 20), (20, 30), (30, 20), (21, 35), (35, 21), (21, 37), (37, 21), (22, 25), (25, 22), (22, 28), (28, 22), (22, 35), (35, 22), (22, 39), (39, 22), (23, 28), (28, 23), (23, 29), (29, 23), (23, 39), (39, 23), (24, 26), (26, 24), (24, 27), (27, 24), (24, 39), (39, 24), (25, 35), (35, 25), (26, 31), (31, 26), (27, 33), (33, 27), (27, 39), (39, 27), (27, 40), (40, 27), (28, 31), (31, 28), (29, 30), (30, 29), (29, 35), (35, 29), (29, 36), (36, 29), (29, 40), (40, 29), (31, 39), (39, 31), (31, 40), (40, 31), (32, 38), (38, 32), (38, 40), (40, 38)]
Z_dad = [8]
Y_dad = [16, 24, 29]
X_dad = [22, 31, 35]
Z_da-ad = [8]
Y_da-ad = [3, 29, 34]
X_da-ad = [24, 35, 37]
