no              #fail
19.701          #totTm
2.608           #lastADTm
7               #itDAD
3.833           #avItADGoal
15              #itADOpt
6               #opt
6               #optDA-AD
0.336           #tmDA
0.0             #relGain

V = [1, 2, 3, 4, 5, 6, 7, 8, 9, 10, 11, 12, 13, 14, 15, 16, 17, 18, 19, 20, 21, 22, 23, 24, 25, 26, 27, 28, 29, 30, 31, 32, 33, 34, 35, 36, 37, 38, 39, 40]
A = [(1, 34), (34, 1), (1, 35), (35, 1), (1, 36), (36, 1), (2, 6), (6, 2), (2, 17), (17, 2), (2, 25), (25, 2), (2, 32), (32, 2), (2, 36), (36, 2), (2, 39), (39, 2), (3, 5), (5, 3), (3, 16), (16, 3), (3, 18), (18, 3), (3, 23), (23, 3), (3, 33), (33, 3), (3, 35), (35, 3), (3, 37), (37, 3), (4, 23), (23, 4), (4, 25), (25, 4), (5, 6), (6, 5), (5, 10), (10, 5), (5, 12), (12, 5), (5, 26), (26, 5), (5, 29), (29, 5), (5, 30), (30, 5), (5, 32), (32, 5), (6, 8), (8, 6), (6, 15), (15, 6), (6, 20), (20, 6), (6, 25), (25, 6), (7, 17), (17, 7), (7, 35), (35, 7), (8, 14), (14, 8), (8, 16), (16, 8), (8, 28), (28, 8), (9, 15), (15, 9), (9, 21), (21, 9), (9, 25), (25, 9), (9, 37), (37, 9), (9, 39), (39, 9), (10, 16), (16, 10), (10, 24), (24, 10), (10, 25), (25, 10), (10, 28), (28, 10), (11, 13), (13, 11), (11, 33), (33, 11), (12, 20), (20, 12), (12, 24), (24, 12), (12, 25), (25, 12), (13, 15), (15, 13), (13, 25), (25, 13), (13, 27), (27, 13), (14, 20), (20, 14), (14, 21), (21, 14), (15, 18), (18, 15), (15, 25), (25, 15), (15, 29), (29, 15), (16, 35), (35, 16), (17, 24), (24, 17), (17, 25), (25, 17), (17, 33), (33, 17), (17, 39), (39, 17), (18, 22), (22, 18), (18, 36), (36, 18), (19, 27), (27, 19), (20, 26), (26, 20), (20, 27), (27, 20), (20, 33), (33, 20), (20, 34), (34, 20), (20, 40), (40, 20), (21, 27), (27, 21), (21, 29), (29, 21), (21, 36), (36, 21), (22, 27), (27, 22), (22, 28), (28, 22), (22, 32), (32, 22), (22, 33), (33, 22), (22, 39), (39, 22), (23, 24), (24, 23), (23, 32), (32, 23), (23, 37), (37, 23), (23, 38), (38, 23), (24, 32), (32, 24), (24, 38), (38, 24), (25, 37), (37, 25), (26, 34), (34, 26), (28, 36), (36, 28), (30, 38), (38, 30), (31, 34), (34, 31), (31, 35), (35, 31), (33, 34), (34, 33), (33, 39), (39, 33), (34, 36), (36, 34), (34, 37), (37, 34)]
Z_dad = [5]
Y_dad = [20, 23, 36]
X_dad = [1, 27, 38]
Z_da-ad = [20]
Y_da-ad = [4, 7, 40]
X_da-ad = [27, 34, 35]
