no              #fail
6.187           #totTm
1.962           #lastADTm
5               #itDAD
1.750           #avItADGoal
10              #itADOpt
6               #opt
6               #optDA-AD
0.254           #tmDA
0.0             #relGain

V = [1, 2, 3, 4, 5, 6, 7, 8, 9, 10, 11, 12, 13, 14, 15, 16, 17, 18, 19, 20, 21, 22, 23, 24, 25, 26, 27, 28, 29, 30, 31, 32, 33, 34, 35, 36, 37, 38, 39, 40]
A = [(1, 3), (3, 1), (1, 7), (7, 1), (1, 35), (35, 1), (2, 5), (5, 2), (2, 13), (13, 2), (2, 17), (17, 2), (2, 33), (33, 2), (2, 40), (40, 2), (3, 6), (6, 3), (3, 8), (8, 3), (3, 17), (17, 3), (3, 28), (28, 3), (4, 20), (20, 4), (4, 26), (26, 4), (4, 27), (27, 4), (4, 32), (32, 4), (4, 33), (33, 4), (4, 35), (35, 4), (5, 6), (6, 5), (5, 24), (24, 5), (5, 28), (28, 5), (5, 34), (34, 5), (5, 35), (35, 5), (5, 38), (38, 5), (6, 18), (18, 6), (6, 20), (20, 6), (6, 24), (24, 6), (6, 37), (37, 6), (7, 14), (14, 7), (7, 35), (35, 7), (8, 10), (10, 8), (8, 16), (16, 8), (8, 22), (22, 8), (8, 33), (33, 8), (8, 36), (36, 8), (9, 12), (12, 9), (9, 20), (20, 9), (9, 21), (21, 9), (10, 12), (12, 10), (10, 20), (20, 10), (10, 24), (24, 10), (10, 32), (32, 10), (10, 40), (40, 10), (11, 20), (20, 11), (11, 33), (33, 11), (12, 20), (20, 12), (12, 25), (25, 12), (12, 30), (30, 12), (12, 35), (35, 12), (13, 18), (18, 13), (13, 19), (19, 13), (13, 28), (28, 13), (13, 29), (29, 13), (13, 37), (37, 13), (14, 20), (20, 14), (14, 28), (28, 14), (15, 16), (16, 15), (15, 20), (20, 15), (15, 34), (34, 15), (15, 36), (36, 15), (16, 22), (22, 16), (16, 33), (33, 16), (16, 36), (36, 16), (17, 19), (19, 17), (17, 29), (29, 17), (18, 21), (21, 18), (19, 36), (36, 19), (20, 21), (21, 20), (20, 30), (30, 20), (20, 32), (32, 20), (20, 38), (38, 20), (20, 40), (40, 20), (21, 27), (27, 21), (21, 33), (33, 21), (22, 26), (26, 22), (22, 34), (34, 22), (22, 35), (35, 22), (23, 27), (27, 23), (23, 39), (39, 23), (24, 37), (37, 24), (24, 38), (38, 24), (25, 28), (28, 25), (25, 29), (29, 25), (25, 36), (36, 25), (26, 35), (35, 26), (26, 37), (37, 26), (27, 29), (29, 27), (31, 33), (33, 31), (33, 35), (35, 33), (37, 39), (39, 37), (37, 40), (40, 37), (38, 39), (39, 38), (38, 40), (40, 38)]
Z_dad = [33]
Y_dad = [3, 20, 37]
X_dad = [1, 14, 35]
Z_da-ad = [33]
Y_da-ad = [20, 24, 31]
X_da-ad = [3, 14, 35]
