no              #fail
9.152           #totTm
3.711           #lastADTm
5               #itDAD
2.500           #avItADGoal
20              #itADOpt
6               #opt
5               #optDA-AD
0.315           #tmDA
16.7            #relGain

V = [1, 2, 3, 4, 5, 6, 7, 8, 9, 10, 11, 12, 13, 14, 15, 16, 17, 18, 19, 20, 21, 22, 23, 24, 25, 26, 27, 28, 29, 30, 31, 32, 33, 34, 35, 36, 37, 38, 39, 40]
A = [(1, 6), (6, 1), (1, 32), (32, 1), (1, 35), (35, 1), (1, 36), (36, 1), (1, 39), (39, 1), (2, 15), (15, 2), (2, 39), (39, 2), (3, 6), (6, 3), (3, 9), (9, 3), (3, 29), (29, 3), (3, 32), (32, 3), (3, 38), (38, 3), (4, 7), (7, 4), (4, 11), (11, 4), (4, 16), (16, 4), (4, 22), (22, 4), (4, 23), (23, 4), (4, 24), (24, 4), (4, 33), (33, 4), (5, 30), (30, 5), (5, 31), (31, 5), (6, 26), (26, 6), (7, 9), (9, 7), (7, 16), (16, 7), (7, 29), (29, 7), (8, 23), (23, 8), (8, 25), (25, 8), (8, 28), (28, 8), (8, 30), (30, 8), (8, 31), (31, 8), (9, 12), (12, 9), (9, 30), (30, 9), (9, 31), (31, 9), (9, 38), (38, 9), (10, 31), (31, 10), (10, 38), (38, 10), (10, 40), (40, 10), (11, 25), (25, 11), (11, 38), (38, 11), (12, 28), (28, 12), (12, 36), (36, 12), (12, 38), (38, 12), (13, 14), (14, 13), (13, 25), (25, 13), (13, 27), (27, 13), (14, 23), (23, 14), (14, 24), (24, 14), (14, 36), (36, 14), (15, 18), (18, 15), (15, 20), (20, 15), (15, 25), (25, 15), (16, 19), (19, 16), (16, 31), (31, 16), (16, 39), (39, 16), (17, 31), (31, 17), (17, 32), (32, 17), (18, 20), (20, 18), (18, 28), (28, 18), (18, 31), (31, 18), (18, 37), (37, 18), (18, 38), (38, 18), (19, 23), (23, 19), (19, 31), (31, 19), (19, 35), (35, 19), (19, 38), (38, 19), (20, 21), (21, 20), (20, 23), (23, 20), (20, 26), (26, 20), (20, 34), (34, 20), (21, 23), (23, 21), (21, 26), (26, 21), (21, 35), (35, 21), (21, 38), (38, 21), (22, 33), (33, 22), (22, 38), (38, 22), (22, 39), (39, 22), (23, 35), (35, 23), (24, 36), (36, 24), (25, 38), (38, 25), (27, 28), (28, 27), (27, 39), (39, 27), (28, 30), (30, 28), (28, 32), (32, 28), (28, 34), (34, 28), (28, 36), (36, 28), (29, 36), (36, 29), (30, 36), (36, 30), (30, 39), (39, 30), (31, 39), (39, 31), (33, 35), (35, 33), (33, 39), (39, 33), (34, 39), (39, 34), (36, 39), (39, 36)]
Z_dad = [31]
Y_dad = [30, 32, 38]
X_dad = [5, 10, 18]
Z_da-ad = [10]
Y_da-ad = [31, 39, 40]
X_da-ad = [18, 21, 35]
