no              #fail
10.671          #totTm
2.701           #lastADTm
5               #itDAD
2.000           #avItADGoal
10              #itADOpt
6               #opt
5               #optDA-AD
0.186           #tmDA
16.7            #relGain

V = [1, 2, 3, 4, 5, 6, 7, 8, 9, 10, 11, 12, 13, 14, 15, 16, 17, 18, 19, 20, 21, 22, 23, 24, 25, 26, 27, 28, 29, 30, 31, 32, 33, 34, 35, 36, 37, 38, 39, 40]
A = [(1, 23), (23, 1), (1, 25), (25, 1), (1, 26), (26, 1), (1, 33), (33, 1), (2, 4), (4, 2), (2, 5), (5, 2), (2, 8), (8, 2), (2, 9), (9, 2), (2, 11), (11, 2), (2, 13), (13, 2), (2, 22), (22, 2), (2, 25), (25, 2), (2, 38), (38, 2), (3, 22), (22, 3), (3, 25), (25, 3), (3, 28), (28, 3), (3, 36), (36, 3), (4, 10), (10, 4), (4, 28), (28, 4), (4, 37), (37, 4), (4, 40), (40, 4), (5, 6), (6, 5), (5, 12), (12, 5), (5, 28), (28, 5), (5, 30), (30, 5), (5, 32), (32, 5), (5, 35), (35, 5), (5, 39), (39, 5), (6, 12), (12, 6), (6, 28), (28, 6), (6, 37), (37, 6), (7, 15), (15, 7), (7, 16), (16, 7), (7, 24), (24, 7), (7, 25), (25, 7), (7, 27), (27, 7), (7, 30), (30, 7), (7, 33), (33, 7), (8, 22), (22, 8), (9, 11), (11, 9), (9, 31), (31, 9), (9, 33), (33, 9), (10, 13), (13, 10), (10, 30), (30, 10), (10, 32), (32, 10), (12, 17), (17, 12), (12, 19), (19, 12), (12, 31), (31, 12), (12, 33), (33, 12), (12, 34), (34, 12), (12, 39), (39, 12), (13, 24), (24, 13), (13, 40), (40, 13), (14, 16), (16, 14), (14, 38), (38, 14), (15, 28), (28, 15), (15, 31), (31, 15), (16, 20), (20, 16), (16, 38), (38, 16), (17, 19), (19, 17), (17, 22), (22, 17), (17, 27), (27, 17), (18, 27), (27, 18), (18, 30), (30, 18), (19, 20), (20, 19), (19, 21), (21, 19), (20, 25), (25, 20), (20, 38), (38, 20), (21, 24), (24, 21), (21, 25), (25, 21), (21, 27), (27, 21), (22, 39), (39, 22), (23, 26), (26, 23), (23, 29), (29, 23), (24, 36), (36, 24), (25, 29), (29, 25), (25, 39), (39, 25), (27, 38), (38, 27), (28, 29), (29, 28), (28, 31), (31, 28), (28, 34), (34, 28), (29, 31), (31, 29), (29, 38), (38, 29), (30, 40), (40, 30), (32, 33), (33, 32), (33, 34), (34, 33), (33, 35), (35, 33), (33, 38), (38, 33), (33, 40), (40, 33), (35, 37), (37, 35), (36, 38), (38, 36), (37, 39), (39, 37), (39, 40), (40, 39)]
Z_dad = [2]
Y_dad = [12, 29, 33]
X_dad = [9, 22, 24]
Z_da-ad = [1]
Y_da-ad = [2, 23, 38]
X_da-ad = [14, 27, 30]
