no              #fail
33.515          #totTm
10.164          #lastADTm
6               #itDAD
7.600           #avItADGoal
24              #itADOpt
6               #opt
6               #optDA-AD
0.371           #tmDA
0.0             #relGain

V = [1, 2, 3, 4, 5, 6, 7, 8, 9, 10, 11, 12, 13, 14, 15, 16, 17, 18, 19, 20, 21, 22, 23, 24, 25, 26, 27, 28, 29, 30, 31, 32, 33, 34, 35, 36, 37, 38, 39, 40]
A = [(1, 34), (34, 1), (2, 7), (7, 2), (2, 22), (22, 2), (2, 24), (24, 2), (2, 29), (29, 2), (3, 17), (17, 3), (4, 10), (10, 4), (4, 19), (19, 4), (4, 20), (20, 4), (4, 23), (23, 4), (5, 15), (15, 5), (5, 18), (18, 5), (5, 32), (32, 5), (5, 35), (35, 5), (6, 12), (12, 6), (6, 13), (13, 6), (6, 27), (27, 6), (6, 32), (32, 6), (6, 38), (38, 6), (7, 10), (10, 7), (7, 16), (16, 7), (7, 23), (23, 7), (7, 34), (34, 7), (7, 37), (37, 7), (8, 12), (12, 8), (8, 13), (13, 8), (8, 18), (18, 8), (8, 22), (22, 8), (8, 25), (25, 8), (8, 33), (33, 8), (9, 16), (16, 9), (9, 22), (22, 9), (9, 27), (27, 9), (9, 35), (35, 9), (10, 19), (19, 10), (10, 20), (20, 10), (10, 23), (23, 10), (10, 32), (32, 10), (10, 38), (38, 10), (11, 14), (14, 11), (11, 19), (19, 11), (11, 23), (23, 11), (11, 33), (33, 11), (11, 36), (36, 11), (11, 38), (38, 11), (11, 39), (39, 11), (12, 19), (19, 12), (12, 26), (26, 12), (12, 28), (28, 12), (12, 32), (32, 12), (12, 33), (33, 12), (13, 32), (32, 13), (13, 36), (36, 13), (14, 16), (16, 14), (14, 24), (24, 14), (14, 25), (25, 14), (14, 38), (38, 14), (15, 23), (23, 15), (15, 34), (34, 15), (15, 36), (36, 15), (15, 37), (37, 15), (15, 40), (40, 15), (16, 25), (25, 16), (16, 39), (39, 16), (17, 36), (36, 17), (18, 20), (20, 18), (18, 22), (22, 18), (18, 29), (29, 18), (18, 31), (31, 18), (18, 34), (34, 18), (19, 35), (35, 19), (20, 34), (34, 20), (22, 23), (23, 22), (22, 30), (30, 22), (22, 40), (40, 22), (23, 40), (40, 23), (24, 31), (31, 24), (25, 30), (30, 25), (26, 29), (29, 26), (26, 31), (31, 26), (27, 36), (36, 27), (29, 30), (30, 29), (29, 31), (31, 29), (29, 34), (34, 29), (30, 36), (36, 30), (30, 37), (37, 30), (30, 40), (40, 30), (32, 37), (37, 32), (33, 38), (38, 33), (34, 35), (35, 34), (34, 36), (36, 34), (35, 39), (39, 35), (38, 39), (39, 38)]
Z_dad = [36]
Y_dad = [12, 17, 34]
X_dad = [6, 8, 32]
Z_da-ad = [34]
Y_da-ad = [17, 21, 26]
X_da-ad = [4, 5, 12]
