no              #fail
9.480           #totTm
2.209           #lastADTm
4               #itDAD
2.333           #avItADGoal
7               #itADOpt
6               #opt
5               #optDA-AD
0.181           #tmDA
16.7            #relGain

V = [1, 2, 3, 4, 5, 6, 7, 8, 9, 10, 11, 12, 13, 14, 15, 16, 17, 18, 19, 20, 21, 22, 23, 24, 25, 26, 27, 28, 29, 30, 31, 32, 33, 34, 35, 36, 37, 38, 39, 40]
A = [(1, 17), (17, 1), (1, 24), (24, 1), (2, 15), (15, 2), (2, 27), (27, 2), (3, 9), (9, 3), (3, 17), (17, 3), (3, 26), (26, 3), (3, 28), (28, 3), (3, 32), (32, 3), (4, 14), (14, 4), (4, 17), (17, 4), (4, 22), (22, 4), (5, 10), (10, 5), (5, 11), (11, 5), (5, 25), (25, 5), (5, 29), (29, 5), (5, 31), (31, 5), (6, 7), (7, 6), (6, 30), (30, 6), (7, 21), (21, 7), (7, 36), (36, 7), (8, 12), (12, 8), (8, 24), (24, 8), (8, 26), (26, 8), (8, 30), (30, 8), (8, 33), (33, 8), (8, 35), (35, 8), (9, 14), (14, 9), (10, 11), (11, 10), (10, 31), (31, 10), (10, 33), (33, 10), (10, 39), (39, 10), (11, 12), (12, 11), (11, 16), (16, 11), (11, 21), (21, 11), (11, 22), (22, 11), (11, 24), (24, 11), (11, 31), (31, 11), (11, 37), (37, 11), (12, 19), (19, 12), (12, 20), (20, 12), (12, 28), (28, 12), (12, 29), (29, 12), (13, 14), (14, 13), (13, 21), (21, 13), (14, 21), (21, 14), (14, 24), (24, 14), (14, 25), (25, 14), (14, 28), (28, 14), (15, 30), (30, 15), (15, 36), (36, 15), (16, 18), (18, 16), (16, 22), (22, 16), (16, 34), (34, 16), (17, 30), (30, 17), (17, 40), (40, 17), (18, 22), (22, 18), (18, 29), (29, 18), (18, 38), (38, 18), (18, 40), (40, 18), (19, 20), (20, 19), (20, 21), (21, 20), (20, 33), (33, 20), (20, 36), (36, 20), (20, 40), (40, 20), (21, 23), (23, 21), (21, 34), (34, 21), (21, 35), (35, 21), (21, 37), (37, 21), (22, 23), (23, 22), (22, 24), (24, 22), (22, 39), (39, 22), (23, 29), (29, 23), (23, 38), (38, 23), (23, 40), (40, 23), (25, 27), (27, 25), (26, 32), (32, 26), (26, 39), (39, 26), (27, 28), (28, 27), (27, 32), (32, 27), (28, 40), (40, 28), (30, 38), (38, 30), (31, 33), (33, 31), (31, 34), (34, 31), (31, 37), (37, 31), (31, 40), (40, 31), (32, 40), (40, 32), (33, 36), (36, 33), (35, 36), (36, 35), (35, 37), (37, 35), (35, 39), (39, 35), (36, 37), (37, 36), (36, 38), (38, 36)]
Z_dad = [14]
Y_dad = [3, 11, 36]
X_dad = [5, 15, 27]
Z_da-ad = [1]
Y_da-ad = [2, 7, 9]
X_da-ad = [3, 14, 21]
