no              #fail
0.994           #totTm
0.213           #lastADTm
5               #itDAD
1.500           #avItADGoal
11              #itADOpt
15              #opt
14              #optDA-AD
0.209           #tmDA
6.7             #relGain

V = [1, 2, 3, 4, 5, 6, 7, 8, 9, 10, 11, 12, 13, 14, 15, 16, 17, 18, 19, 20, 21, 22, 23, 24, 25, 26, 27, 28, 29, 30, 31, 32, 33, 34, 35, 36, 37, 38, 39, 40]
A = [(1, 4), (4, 1), (3, 4), (4, 3), (3, 11), (11, 3), (3, 13), (13, 3), (3, 26), (26, 3), (3, 31), (31, 3), (3, 34), (34, 3), (4, 11), (11, 4), (5, 11), (11, 5), (5, 30), (30, 5), (6, 27), (27, 6), (6, 32), (32, 6), (7, 22), (22, 7), (8, 12), (12, 8), (9, 23), (23, 9), (11, 27), (27, 11), (11, 31), (31, 11), (11, 35), (35, 11), (12, 16), (16, 12), (13, 21), (21, 13), (13, 26), (26, 13), (14, 16), (16, 14), (14, 17), (17, 14), (14, 39), (39, 14), (15, 23), (23, 15), (15, 40), (40, 15), (16, 30), (30, 16), (17, 30), (30, 17), (17, 35), (35, 17), (18, 21), (21, 18), (18, 25), (25, 18), (18, 31), (31, 18), (18, 39), (39, 18), (19, 31), (31, 19), (21, 28), (28, 21), (21, 31), (31, 21), (22, 38), (38, 22), (23, 36), (36, 23), (23, 37), (37, 23), (27, 31), (31, 27), (29, 31), (31, 29), (30, 31), (31, 30), (30, 32), (32, 30), (31, 34), (34, 31), (34, 40), (40, 34), (37, 39), (39, 37)]
Z_dad = [39]
Y_dad = [34]
X_dad = [40]
Z_da-ad = [16]
Y_da-ad = [31]
X_da-ad = [23]
