no              #fail
0.650           #totTm
0.174           #lastADTm
5               #itDAD
1.250           #avItADGoal
8               #itADOpt
18              #opt
18              #optDA-AD
0.171           #tmDA
0.0             #relGain

V = [1, 2, 3, 4, 5, 6, 7, 8, 9, 10, 11, 12, 13, 14, 15, 16, 17, 18, 19, 20, 21, 22, 23, 24, 25, 26, 27, 28, 29, 30, 31, 32, 33, 34, 35, 36, 37, 38, 39, 40]
A = [(1, 11), (11, 1), (1, 12), (12, 1), (1, 14), (14, 1), (2, 17), (17, 2), (2, 19), (19, 2), (3, 26), (26, 3), (3, 29), (29, 3), (3, 37), (37, 3), (3, 38), (38, 3), (4, 7), (7, 4), (4, 27), (27, 4), (5, 17), (17, 5), (6, 23), (23, 6), (6, 24), (24, 6), (6, 32), (32, 6), (7, 22), (22, 7), (7, 27), (27, 7), (8, 11), (11, 8), (9, 16), (16, 9), (9, 34), (34, 9), (10, 27), (27, 10), (10, 30), (30, 10), (10, 36), (36, 10), (11, 32), (32, 11), (11, 37), (37, 11), (12, 18), (18, 12), (12, 24), (24, 12), (12, 31), (31, 12), (13, 28), (28, 13), (13, 37), (37, 13), (14, 29), (29, 14), (15, 19), (19, 15), (17, 19), (19, 17), (17, 35), (35, 17), (17, 38), (38, 17), (18, 39), (39, 18), (24, 38), (38, 24), (26, 33), (33, 26), (26, 39), (39, 26), (28, 29), (29, 28), (28, 38), (38, 28), (29, 40), (40, 29), (30, 31), (31, 30), (32, 34), (34, 32), (32, 37), (37, 32), (34, 40), (40, 34)]
Z_dad = [38]
Y_dad = [12]
X_dad = [31]
Z_da-ad = [12]
Y_da-ad = [38]
X_da-ad = [17]
