no              #fail
0.533           #totTm
0.136           #lastADTm
5               #itDAD
1.000           #avItADGoal
7               #itADOpt
22              #opt
10              #optDA-AD
0.189           #tmDA
54.5            #relGain

V = [1, 2, 3, 4, 5, 6, 7, 8, 9, 10, 11, 12, 13, 14, 15, 16, 17, 18, 19, 20, 21, 22, 23, 24, 25, 26, 27, 28, 29, 30, 31, 32, 33, 34, 35, 36, 37, 38, 39, 40]
A = [(1, 16), (16, 1), (1, 25), (25, 1), (1, 33), (33, 1), (2, 4), (4, 2), (2, 10), (10, 2), (2, 16), (16, 2), (2, 22), (22, 2), (3, 25), (25, 3), (3, 26), (26, 3), (4, 15), (15, 4), (4, 20), (20, 4), (5, 23), (23, 5), (7, 9), (9, 7), (7, 14), (14, 7), (7, 23), (23, 7), (7, 32), (32, 7), (8, 10), (10, 8), (8, 15), (15, 8), (9, 13), (13, 9), (10, 11), (11, 10), (10, 26), (26, 10), (10, 35), (35, 10), (11, 19), (19, 11), (11, 22), (22, 11), (13, 27), (27, 13), (14, 28), (28, 14), (14, 31), (31, 14), (17, 32), (32, 17), (17, 36), (36, 17), (18, 21), (21, 18), (18, 22), (22, 18), (18, 38), (38, 18), (19, 37), (37, 19), (23, 25), (25, 23), (23, 36), (36, 23), (24, 30), (30, 24), (24, 36), (36, 24), (25, 33), (33, 25), (25, 35), (35, 25), (26, 40), (40, 26), (27, 30), (30, 27), (27, 31), (31, 27), (27, 39), (39, 27), (28, 37), (37, 28), (30, 32), (32, 30), (31, 36), (36, 31)]
Z_dad = [11]
Y_dad = [25]
X_dad = [23]
Z_da-ad = [22]
Y_da-ad = [10]
X_da-ad = [26]
