no              #fail
1.592           #totTm
0.182           #lastADTm
6               #itDAD
1.600           #avItADGoal
9               #itADOpt
11              #opt
11              #optDA-AD
0.187           #tmDA
0.0             #relGain

V = [1, 2, 3, 4, 5, 6, 7, 8, 9, 10, 11, 12, 13, 14, 15, 16, 17, 18, 19, 20, 21, 22, 23, 24, 25, 26, 27, 28, 29, 30, 31, 32, 33, 34, 35, 36, 37, 38, 39, 40]
A = [(1, 16), (16, 1), (1, 26), (26, 1), (1, 30), (30, 1), (2, 35), (35, 2), (4, 7), (7, 4), (4, 12), (12, 4), (4, 19), (19, 4), (5, 21), (21, 5), (5, 27), (27, 5), (5, 34), (34, 5), (6, 16), (16, 6), (7, 35), (35, 7), (7, 39), (39, 7), (8, 37), (37, 8), (9, 13), (13, 9), (9, 16), (16, 9), (9, 24), (24, 9), (13, 30), (30, 13), (13, 31), (31, 13), (13, 35), (35, 13), (13, 40), (40, 13), (14, 18), (18, 14), (14, 24), (24, 14), (15, 20), (20, 15), (15, 27), (27, 15), (16, 29), (29, 16), (17, 21), (21, 17), (17, 27), (27, 17), (17, 32), (32, 17), (17, 39), (39, 17), (20, 21), (21, 20), (20, 31), (31, 20), (20, 37), (37, 20), (22, 29), (29, 22), (23, 28), (28, 23), (24, 28), (28, 24), (24, 37), (37, 24), (25, 34), (34, 25), (26, 28), (28, 26), (28, 38), (38, 28), (30, 35), (35, 30), (31, 36), (36, 31), (31, 38), (38, 31), (31, 39), (39, 31), (32, 38), (38, 32), (36, 38), (38, 36)]
Z_dad = [7]
Y_dad = [16]
X_dad = [24]
Z_da-ad = [7]
Y_da-ad = [16]
X_da-ad = [24]
