no              #fail
0.845           #totTm
0.266           #lastADTm
4               #itDAD
1.333           #avItADGoal
11              #itADOpt
12              #opt
12              #optDA-AD
0.195           #tmDA
0.0             #relGain

V = [1, 2, 3, 4, 5, 6, 7, 8, 9, 10, 11, 12, 13, 14, 15, 16, 17, 18, 19, 20, 21, 22, 23, 24, 25, 26, 27, 28, 29, 30, 31, 32, 33, 34, 35, 36, 37, 38, 39, 40]
A = [(1, 5), (5, 1), (1, 8), (8, 1), (1, 27), (27, 1), (2, 3), (3, 2), (2, 14), (14, 2), (2, 35), (35, 2), (3, 30), (30, 3), (3, 36), (36, 3), (4, 38), (38, 4), (5, 8), (8, 5), (5, 15), (15, 5), (5, 28), (28, 5), (5, 31), (31, 5), (5, 35), (35, 5), (6, 17), (17, 6), (7, 14), (14, 7), (7, 39), (39, 7), (8, 19), (19, 8), (8, 22), (22, 8), (8, 25), (25, 8), (11, 18), (18, 11), (11, 25), (25, 11), (12, 25), (25, 12), (12, 39), (39, 12), (13, 35), (35, 13), (14, 26), (26, 14), (14, 28), (28, 14), (14, 31), (31, 14), (15, 40), (40, 15), (18, 29), (29, 18), (18, 30), (30, 18), (18, 33), (33, 18), (18, 34), (34, 18), (19, 35), (35, 19), (21, 24), (24, 21), (21, 34), (34, 21), (22, 32), (32, 22), (23, 25), (25, 23), (24, 33), (33, 24), (24, 35), (35, 24), (24, 38), (38, 24), (30, 38), (38, 30), (30, 40), (40, 30), (34, 38), (38, 34), (37, 38), (38, 37), (38, 39), (39, 38)]
Z_dad = [8]
Y_dad = [38]
X_dad = [5]
Z_da-ad = [8]
Y_da-ad = [38]
X_da-ad = [5]
