no              #fail
1.113           #totTm
0.151           #lastADTm
5               #itDAD
1.500           #avItADGoal
6               #itADOpt
13              #opt
13              #optDA-AD
0.166           #tmDA
0.0             #relGain

V = [1, 2, 3, 4, 5, 6, 7, 8, 9, 10, 11, 12, 13, 14, 15, 16, 17, 18, 19, 20, 21, 22, 23, 24, 25, 26, 27, 28, 29, 30, 31, 32, 33, 34, 35, 36, 37, 38, 39, 40]
A = [(1, 21), (21, 1), (2, 28), (28, 2), (3, 15), (15, 3), (3, 28), (28, 3), (4, 11), (11, 4), (4, 17), (17, 4), (5, 7), (7, 5), (5, 20), (20, 5), (5, 39), (39, 5), (6, 8), (8, 6), (6, 28), (28, 6), (7, 22), (22, 7), (8, 10), (10, 8), (8, 15), (15, 8), (8, 40), (40, 8), (9, 40), (40, 9), (10, 18), (18, 10), (10, 39), (39, 10), (10, 40), (40, 10), (11, 14), (14, 11), (11, 17), (17, 11), (12, 36), (36, 12), (12, 39), (39, 12), (13, 17), (17, 13), (14, 17), (17, 14), (14, 27), (27, 14), (14, 40), (40, 14), (16, 30), (30, 16), (18, 34), (34, 18), (18, 35), (35, 18), (18, 37), (37, 18), (19, 27), (27, 19), (19, 30), (30, 19), (20, 27), (27, 20), (21, 29), (29, 21), (22, 23), (23, 22), (24, 25), (25, 24), (24, 26), (26, 24), (25, 37), (37, 25), (28, 39), (39, 28), (28, 40), (40, 28), (30, 32), (32, 30), (31, 35), (35, 31), (32, 35), (35, 32), (35, 38), (38, 35), (37, 40), (40, 37)]
Z_dad = [27]
Y_dad = [18]
X_dad = [39]
Z_da-ad = [14]
Y_da-ad = [40]
X_da-ad = [5]
