no              #fail
1.317           #totTm
0.231           #lastADTm
6               #itDAD
1.600           #avItADGoal
12              #itADOpt
14              #opt
14              #optDA-AD
0.205           #tmDA
0.0             #relGain

V = [1, 2, 3, 4, 5, 6, 7, 8, 9, 10, 11, 12, 13, 14, 15, 16, 17, 18, 19, 20, 21, 22, 23, 24, 25, 26, 27, 28, 29, 30, 31, 32, 33, 34, 35, 36, 37, 38, 39, 40]
A = [(1, 21), (21, 1), (1, 34), (34, 1), (2, 6), (6, 2), (2, 20), (20, 2), (2, 21), (21, 2), (3, 27), (27, 3), (4, 30), (30, 4), (4, 37), (37, 4), (5, 20), (20, 5), (5, 22), (22, 5), (5, 27), (27, 5), (6, 9), (9, 6), (6, 13), (13, 6), (6, 38), (38, 6), (7, 29), (29, 7), (8, 12), (12, 8), (9, 22), (22, 9), (9, 31), (31, 9), (10, 13), (13, 10), (10, 17), (17, 10), (10, 20), (20, 10), (10, 34), (34, 10), (10, 35), (35, 10), (11, 19), (19, 11), (11, 34), (34, 11), (13, 19), (19, 13), (13, 21), (21, 13), (14, 21), (21, 14), (14, 29), (29, 14), (15, 40), (40, 15), (18, 37), (37, 18), (21, 25), (25, 21), (21, 31), (31, 21), (22, 25), (25, 22), (22, 28), (28, 22), (22, 38), (38, 22), (24, 35), (35, 24), (24, 39), (39, 24), (27, 32), (32, 27), (27, 35), (35, 27), (27, 37), (37, 27), (28, 32), (32, 28), (28, 40), (40, 28), (35, 37), (37, 35), (35, 38), (38, 35), (35, 39), (39, 35)]
Z_dad = [21]
Y_dad = [37]
X_dad = [35]
Z_da-ad = [21]
Y_da-ad = [37]
X_da-ad = [35]
