no              #fail
1.188           #totTm
0.205           #lastADTm
5               #itDAD
1.500           #avItADGoal
10              #itADOpt
12              #opt
11              #optDA-AD
0.181           #tmDA
8.3             #relGain

V = [1, 2, 3, 4, 5, 6, 7, 8, 9, 10, 11, 12, 13, 14, 15, 16, 17, 18, 19, 20, 21, 22, 23, 24, 25, 26, 27, 28, 29, 30, 31, 32, 33, 34, 35, 36, 37, 38, 39, 40]
A = [(1, 13), (13, 1), (3, 31), (31, 3), (4, 11), (11, 4), (4, 13), (13, 4), (4, 23), (23, 4), (4, 25), (25, 4), (5, 10), (10, 5), (5, 40), (40, 5), (6, 18), (18, 6), (6, 24), (24, 6), (7, 12), (12, 7), (7, 14), (14, 7), (7, 35), (35, 7), (8, 12), (12, 8), (8, 13), (13, 8), (8, 17), (17, 8), (8, 24), (24, 8), (9, 21), (21, 9), (9, 26), (26, 9), (9, 35), (35, 9), (10, 40), (40, 10), (11, 23), (23, 11), (11, 36), (36, 11), (11, 39), (39, 11), (12, 29), (29, 12), (13, 37), (37, 13), (14, 25), (25, 14), (14, 30), (30, 14), (14, 40), (40, 14), (15, 16), (16, 15), (15, 25), (25, 15), (16, 19), (19, 16), (16, 28), (28, 16), (16, 36), (36, 16), (16, 38), (38, 16), (20, 27), (27, 20), (21, 36), (36, 21), (22, 28), (28, 22), (22, 37), (37, 22), (22, 38), (38, 22), (23, 38), (38, 23), (24, 35), (35, 24), (26, 37), (37, 26), (27, 35), (35, 27), (27, 40), (40, 27), (29, 34), (34, 29)]
Z_dad = [14]
Y_dad = [35]
X_dad = [27]
Z_da-ad = [24]
Y_da-ad = [16]
X_da-ad = [40]
