no              #fail
0.328           #totTm
0.158           #lastADTm
3               #itDAD
1.000           #avItADGoal
8               #itADOpt
18              #opt
10              #optDA-AD
0.177           #tmDA
44.4            #relGain

V = [1, 2, 3, 4, 5, 6, 7, 8, 9, 10, 11, 12, 13, 14, 15, 16, 17, 18, 19, 20, 21, 22, 23, 24, 25, 26, 27, 28, 29, 30, 31, 32, 33, 34, 35, 36, 37, 38, 39, 40]
A = [(2, 5), (5, 2), (2, 35), (35, 2), (2, 39), (39, 2), (2, 40), (40, 2), (3, 23), (23, 3), (3, 26), (26, 3), (4, 6), (6, 4), (4, 12), (12, 4), (4, 24), (24, 4), (4, 37), (37, 4), (5, 19), (19, 5), (6, 11), (11, 6), (6, 14), (14, 6), (6, 36), (36, 6), (7, 38), (38, 7), (8, 10), (10, 8), (8, 14), (14, 8), (10, 17), (17, 10), (11, 22), (22, 11), (12, 18), (18, 12), (12, 25), (25, 12), (13, 40), (40, 13), (14, 17), (17, 14), (14, 22), (22, 14), (15, 17), (17, 15), (15, 40), (40, 15), (16, 40), (40, 16), (18, 19), (19, 18), (18, 25), (25, 18), (18, 33), (33, 18), (19, 33), (33, 19), (19, 40), (40, 19), (20, 23), (23, 20), (21, 22), (22, 21), (24, 28), (28, 24), (24, 38), (38, 24), (25, 33), (33, 25), (26, 31), (31, 26), (26, 34), (34, 26), (28, 31), (31, 28), (29, 36), (36, 29), (30, 31), (31, 30), (30, 32), (32, 30), (30, 40), (40, 30), (32, 34), (34, 32), (37, 40), (40, 37)]
Z_dad = [40]
Y_dad = [4]
X_dad = [24]
Z_da-ad = [26]
Y_da-ad = [40]
X_da-ad = [24]
