no              #fail
0.340           #totTm
0.161           #lastADTm
3               #itDAD
1.000           #avItADGoal
7               #itADOpt
17              #opt
13              #optDA-AD
0.175           #tmDA
23.5            #relGain

V = [1, 2, 3, 4, 5, 6, 7, 8, 9, 10, 11, 12, 13, 14, 15, 16, 17, 18, 19, 20, 21, 22, 23, 24, 25, 26, 27, 28, 29, 30, 31, 32, 33, 34, 35, 36, 37, 38, 39, 40]
A = [(1, 6), (6, 1), (1, 20), (20, 1), (2, 30), (30, 2), (3, 9), (9, 3), (3, 18), (18, 3), (3, 32), (32, 3), (4, 14), (14, 4), (5, 34), (34, 5), (5, 36), (36, 5), (6, 11), (11, 6), (6, 38), (38, 6), (7, 8), (8, 7), (7, 14), (14, 7), (7, 16), (16, 7), (7, 33), (33, 7), (7, 34), (34, 7), (7, 36), (36, 7), (9, 11), (11, 9), (9, 13), (13, 9), (9, 35), (35, 9), (10, 13), (13, 10), (10, 26), (26, 10), (11, 16), (16, 11), (11, 18), (18, 11), (11, 30), (30, 11), (11, 37), (37, 11), (12, 20), (20, 12), (14, 38), (38, 14), (15, 23), (23, 15), (15, 33), (33, 15), (16, 21), (21, 16), (16, 27), (27, 16), (18, 22), (22, 18), (21, 39), (39, 21), (23, 25), (25, 23), (23, 32), (32, 23), (24, 31), (31, 24), (27, 29), (29, 27), (27, 39), (39, 27), (28, 36), (36, 28), (28, 40), (40, 28), (30, 36), (36, 30), (32, 35), (35, 32), (33, 34), (34, 33), (33, 37), (37, 33), (38, 40), (40, 38)]
Z_dad = [11]
Y_dad = [33]
X_dad = [15]
Z_da-ad = [16]
Y_da-ad = [11]
X_da-ad = [6]
