no              #fail
0.409           #totTm
0.182           #lastADTm
3               #itDAD
1.000           #avItADGoal
10              #itADOpt
12              #opt
12              #optDA-AD
0.225           #tmDA
0.0             #relGain

V = [1, 2, 3, 4, 5, 6, 7, 8, 9, 10, 11, 12, 13, 14, 15, 16, 17, 18, 19, 20, 21, 22, 23, 24, 25, 26, 27, 28, 29, 30, 31, 32, 33, 34, 35, 36, 37, 38, 39, 40]
A = [(1, 4), (4, 1), (1, 13), (13, 1), (1, 28), (28, 1), (2, 25), (25, 2), (2, 26), (26, 2), (2, 28), (28, 2), (2, 40), (40, 2), (3, 39), (39, 3), (4, 14), (14, 4), (5, 37), (37, 5), (5, 38), (38, 5), (5, 40), (40, 5), (6, 17), (17, 6), (6, 19), (19, 6), (6, 20), (20, 6), (6, 21), (21, 6), (6, 31), (31, 6), (7, 32), (32, 7), (7, 37), (37, 7), (8, 21), (21, 8), (8, 34), (34, 8), (13, 25), (25, 13), (13, 33), (33, 13), (14, 24), (24, 14), (14, 26), (26, 14), (15, 16), (16, 15), (15, 27), (27, 15), (15, 29), (29, 15), (15, 32), (32, 15), (15, 36), (36, 15), (15, 37), (37, 15), (16, 31), (31, 16), (16, 34), (34, 16), (17, 23), (23, 17), (17, 40), (40, 17), (18, 20), (20, 18), (18, 26), (26, 18), (18, 39), (39, 18), (18, 40), (40, 18), (24, 38), (38, 24), (26, 37), (37, 26), (28, 37), (37, 28), (32, 34), (34, 32), (35, 37), (37, 35), (35, 38), (38, 35), (39, 40), (40, 39)]
Z_dad = [6]
Y_dad = [37]
X_dad = [15]
Z_da-ad = [15]
Y_da-ad = [37]
X_da-ad = [17]
