no              #fail
1.912           #totTm
0.196           #lastADTm
7               #itDAD
1.500           #avItADGoal
12              #itADOpt
13              #opt
12              #optDA-AD
0.184           #tmDA
7.7             #relGain

V = [1, 2, 3, 4, 5, 6, 7, 8, 9, 10, 11, 12, 13, 14, 15, 16, 17, 18, 19, 20, 21, 22, 23, 24, 25, 26, 27, 28, 29, 30, 31, 32, 33, 34, 35, 36, 37, 38, 39, 40]
A = [(1, 19), (19, 1), (1, 27), (27, 1), (1, 33), (33, 1), (2, 26), (26, 2), (2, 30), (30, 2), (2, 31), (31, 2), (3, 5), (5, 3), (3, 32), (32, 3), (4, 26), (26, 4), (5, 30), (30, 5), (6, 23), (23, 6), (7, 19), (19, 7), (7, 20), (20, 7), (7, 36), (36, 7), (7, 38), (38, 7), (8, 31), (31, 8), (8, 36), (36, 8), (8, 40), (40, 8), (9, 23), (23, 9), (11, 13), (13, 11), (11, 22), (22, 11), (11, 26), (26, 11), (12, 26), (26, 12), (12, 27), (27, 12), (12, 32), (32, 12), (13, 32), (32, 13), (13, 35), (35, 13), (14, 40), (40, 14), (17, 40), (40, 17), (18, 40), (40, 18), (19, 21), (21, 19), (19, 29), (29, 19), (20, 28), (28, 20), (21, 33), (33, 21), (21, 40), (40, 21), (23, 38), (38, 23), (24, 25), (25, 24), (24, 32), (32, 24), (26, 27), (27, 26), (26, 35), (35, 26), (26, 36), (36, 26), (26, 39), (39, 26), (27, 28), (28, 27), (27, 33), (33, 27), (31, 36), (36, 31), (34, 40), (40, 34)]
Z_dad = [40]
Y_dad = [7]
X_dad = [38]
Z_da-ad = [7]
Y_da-ad = [40]
X_da-ad = [27]
