no              #fail
1.503           #totTm
1.208           #lastADTm
5               #itDAD
1.000           #avItADGoal
38              #itADOpt
39              #opt
39              #optDA-AD
0.507           #tmDA
0.0             #relGain

V = [1, 2, 3, 4, 5, 6, 7, 8, 9, 10, 11, 12, 13, 14, 15, 16, 17, 18, 19, 20, 21, 22, 23, 24, 25, 26, 27, 28, 29, 30, 31, 32, 33, 34, 35, 36, 37, 38, 39, 40]
A = [(2, 1), (1, 2), (3, 1), (1, 3), (4, 2), (2, 4), (5, 3), (3, 5), (6, 5), (5, 6), (7, 5), (5, 7), (8, 7), (7, 8), (9, 5), (5, 9), (10, 5), (5, 10), (11, 3), (3, 11), (12, 5), (5, 12), (13, 9), (9, 13), (14, 6), (6, 14), (15, 7), (7, 15), (16, 6), (6, 16), (17, 7), (7, 17), (18, 8), (8, 18), (19, 5), (5, 19), (20, 1), (1, 20), (21, 18), (18, 21), (22, 20), (20, 22), (23, 13), (13, 23), (24, 5), (5, 24), (25, 12), (12, 25), (26, 7), (7, 26), (27, 11), (11, 27), (28, 15), (15, 28), (29, 11), (11, 29), (30, 24), (24, 30), (31, 15), (15, 31), (32, 8), (8, 32), (33, 3), (3, 33), (34, 25), (25, 34), (35, 23), (23, 35), (36, 18), (18, 36), (37, 30), (30, 37), (38, 21), (21, 38), (39, 27), (27, 39), (40, 7), (7, 40)]
Z_dad = [1, 5, 7]
Y_dad = [2]
X_dad = [4]
Z_da-ad = [1, 5, 7]
Y_da-ad = [2]
X_da-ad = [4]
