no              #fail
1.564           #totTm
1.231           #lastADTm
5               #itDAD
1.000           #avItADGoal
38              #itADOpt
39              #opt
38              #optDA-AD
0.513           #tmDA
2.6             #relGain

V = [1, 2, 3, 4, 5, 6, 7, 8, 9, 10, 11, 12, 13, 14, 15, 16, 17, 18, 19, 20, 21, 22, 23, 24, 25, 26, 27, 28, 29, 30, 31, 32, 33, 34, 35, 36, 37, 38, 39, 40]
A = [(2, 1), (1, 2), (3, 2), (2, 3), (4, 1), (1, 4), (5, 1), (1, 5), (6, 4), (4, 6), (7, 3), (3, 7), (8, 6), (6, 8), (9, 3), (3, 9), (10, 1), (1, 10), (11, 10), (10, 11), (12, 5), (5, 12), (13, 2), (2, 13), (14, 3), (3, 14), (15, 6), (6, 15), (16, 5), (5, 16), (17, 1), (1, 17), (18, 17), (17, 18), (19, 6), (6, 19), (20, 2), (2, 20), (21, 14), (14, 21), (22, 10), (10, 22), (23, 5), (5, 23), (24, 11), (11, 24), (25, 7), (7, 25), (26, 2), (2, 26), (27, 4), (4, 27), (28, 4), (4, 28), (29, 12), (12, 29), (30, 2), (2, 30), (31, 30), (30, 31), (32, 17), (17, 32), (33, 1), (1, 33), (34, 21), (21, 34), (35, 9), (9, 35), (36, 15), (15, 36), (37, 33), (33, 37), (38, 14), (14, 38), (39, 17), (17, 39), (40, 35), (35, 40)]
Z_dad = [1, 2, 6]
Y_dad = [3]
X_dad = [7, 9, 14]
Z_da-ad = [1, 3, 6]
Y_da-ad = [2]
X_da-ad = [13, 20, 30]
