no              #fail
1.766           #totTm
1.445           #lastADTm
5               #itDAD
1.000           #avItADGoal
38              #itADOpt
39              #opt
39              #optDA-AD
0.83            #tmDA
0.0             #relGain

V = [1, 2, 3, 4, 5, 6, 7, 8, 9, 10, 11, 12, 13, 14, 15, 16, 17, 18, 19, 20, 21, 22, 23, 24, 25, 26, 27, 28, 29, 30, 31, 32, 33, 34, 35, 36, 37, 38, 39, 40]
A = [(2, 1), (1, 2), (3, 2), (2, 3), (4, 2), (2, 4), (5, 4), (4, 5), (6, 5), (5, 6), (7, 4), (4, 7), (8, 7), (7, 8), (9, 7), (7, 9), (10, 9), (9, 10), (11, 4), (4, 11), (12, 8), (8, 12), (13, 4), (4, 13), (14, 8), (8, 14), (15, 3), (3, 15), (16, 6), (6, 16), (17, 14), (14, 17), (18, 15), (15, 18), (19, 16), (16, 19), (20, 14), (14, 20), (21, 1), (1, 21), (22, 9), (9, 22), (23, 17), (17, 23), (24, 3), (3, 24), (25, 19), (19, 25), (26, 16), (16, 26), (27, 13), (13, 27), (28, 22), (22, 28), (29, 26), (26, 29), (30, 14), (14, 30), (31, 10), (10, 31), (32, 29), (29, 32), (33, 10), (10, 33), (34, 22), (22, 34), (35, 11), (11, 35), (36, 18), (18, 36), (37, 13), (13, 37), (38, 33), (33, 38), (39, 23), (23, 39), (40, 30), (30, 40)]
Z_dad = [1, 4, 14]
Y_dad = [2]
X_dad = [3]
Z_da-ad = [4, 7, 8]
Y_da-ad = [1]
X_da-ad = [2, 21]
