no              #fail
1.782           #totTm
1.469           #lastADTm
5               #itDAD
1.000           #avItADGoal
38              #itADOpt
39              #opt
38              #optDA-AD
0.466           #tmDA
2.6             #relGain

V = [1, 2, 3, 4, 5, 6, 7, 8, 9, 10, 11, 12, 13, 14, 15, 16, 17, 18, 19, 20, 21, 22, 23, 24, 25, 26, 27, 28, 29, 30, 31, 32, 33, 34, 35, 36, 37, 38, 39, 40]
A = [(2, 1), (1, 2), (3, 2), (2, 3), (4, 2), (2, 4), (5, 4), (4, 5), (6, 4), (4, 6), (7, 1), (1, 7), (8, 4), (4, 8), (9, 6), (6, 9), (10, 5), (5, 10), (11, 7), (7, 11), (12, 11), (11, 12), (13, 5), (5, 13), (14, 1), (1, 14), (15, 13), (13, 15), (16, 4), (4, 16), (17, 4), (4, 17), (18, 11), (11, 18), (19, 17), (17, 19), (20, 11), (11, 20), (21, 2), (2, 21), (22, 16), (16, 22), (23, 13), (13, 23), (24, 10), (10, 24), (25, 23), (23, 25), (26, 9), (9, 26), (27, 18), (18, 27), (28, 23), (23, 28), (29, 9), (9, 29), (30, 20), (20, 30), (31, 5), (5, 31), (32, 3), (3, 32), (33, 21), (21, 33), (34, 26), (26, 34), (35, 22), (22, 35), (36, 34), (34, 36), (37, 31), (31, 37), (38, 25), (25, 38), (39, 36), (36, 39), (40, 15), (15, 40)]
Z_dad = [1, 4, 11]
Y_dad = [2]
X_dad = [3, 21]
Z_da-ad = [1, 4, 13]
Y_da-ad = [11]
X_da-ad = [7, 18, 20]
