no              #fail
1.424           #totTm
1.117           #lastADTm
5               #itDAD
1.000           #avItADGoal
37              #itADOpt
38              #opt
37              #optDA-AD
0.546           #tmDA
2.6             #relGain

V = [1, 2, 3, 4, 5, 6, 7, 8, 9, 10, 11, 12, 13, 14, 15, 16, 17, 18, 19, 20, 21, 22, 23, 24, 25, 26, 27, 28, 29, 30, 31, 32, 33, 34, 35, 36, 37, 38, 39, 40]
A = [(2, 1), (1, 2), (3, 2), (2, 3), (4, 1), (1, 4), (5, 2), (2, 5), (6, 2), (2, 6), (7, 3), (3, 7), (8, 5), (5, 8), (9, 5), (5, 9), (10, 8), (8, 10), (11, 3), (3, 11), (12, 10), (10, 12), (13, 5), (5, 13), (14, 3), (3, 14), (15, 12), (12, 15), (16, 3), (3, 16), (17, 14), (14, 17), (18, 2), (2, 18), (19, 8), (8, 19), (20, 1), (1, 20), (21, 18), (18, 21), (22, 6), (6, 22), (23, 7), (7, 23), (24, 20), (20, 24), (25, 5), (5, 25), (26, 23), (23, 26), (27, 12), (12, 27), (28, 9), (9, 28), (29, 13), (13, 29), (30, 12), (12, 30), (31, 21), (21, 31), (32, 11), (11, 32), (33, 27), (27, 33), (34, 25), (25, 34), (35, 11), (11, 35), (36, 2), (2, 36), (37, 25), (25, 37), (38, 12), (12, 38), (39, 25), (25, 39), (40, 35), (35, 40)]
Z_dad = [2, 5, 12]
Y_dad = [3]
X_dad = [7, 11, 14]
Z_da-ad = [2, 3, 5]
Y_da-ad = [12]
X_da-ad = [10, 15, 27]
