no              #fail
1.676           #totTm
1.377           #lastADTm
5               #itDAD
1.000           #avItADGoal
38              #itADOpt
39              #opt
38              #optDA-AD
0.765           #tmDA
2.6             #relGain

V = [1, 2, 3, 4, 5, 6, 7, 8, 9, 10, 11, 12, 13, 14, 15, 16, 17, 18, 19, 20, 21, 22, 23, 24, 25, 26, 27, 28, 29, 30, 31, 32, 33, 34, 35, 36, 37, 38, 39, 40]
A = [(2, 1), (1, 2), (3, 1), (1, 3), (4, 2), (2, 4), (5, 4), (4, 5), (6, 3), (3, 6), (7, 4), (4, 7), (8, 3), (3, 8), (9, 4), (4, 9), (10, 4), (4, 10), (11, 2), (2, 11), (12, 3), (3, 12), (13, 10), (10, 13), (14, 5), (5, 14), (15, 5), (5, 15), (16, 5), (5, 16), (17, 12), (12, 17), (18, 10), (10, 18), (19, 16), (16, 19), (20, 10), (10, 20), (21, 8), (8, 21), (22, 6), (6, 22), (23, 14), (14, 23), (24, 14), (14, 24), (25, 6), (6, 25), (26, 9), (9, 26), (27, 4), (4, 27), (28, 24), (24, 28), (29, 6), (6, 29), (30, 6), (6, 30), (31, 25), (25, 31), (32, 25), (25, 32), (33, 28), (28, 33), (34, 24), (24, 34), (35, 23), (23, 35), (36, 34), (34, 36), (37, 4), (4, 37), (38, 36), (36, 38), (39, 31), (31, 39), (40, 34), (34, 40)]
Z_dad = [1, 4, 6]
Y_dad = [2]
X_dad = [11]
Z_da-ad = [3, 4, 24]
Y_da-ad = [6]
X_da-ad = [22, 25, 29]
