no              #fail
1.523           #totTm
1.213           #lastADTm
5               #itDAD
1.000           #avItADGoal
37              #itADOpt
38              #opt
38              #optDA-AD
0.562           #tmDA
0.0             #relGain

V = [1, 2, 3, 4, 5, 6, 7, 8, 9, 10, 11, 12, 13, 14, 15, 16, 17, 18, 19, 20, 21, 22, 23, 24, 25, 26, 27, 28, 29, 30, 31, 32, 33, 34, 35, 36, 37, 38, 39, 40]
A = [(2, 1), (1, 2), (3, 2), (2, 3), (4, 1), (1, 4), (5, 1), (1, 5), (6, 3), (3, 6), (7, 1), (1, 7), (8, 3), (3, 8), (9, 2), (2, 9), (10, 3), (3, 10), (11, 9), (9, 11), (12, 4), (4, 12), (13, 10), (10, 13), (14, 8), (8, 14), (15, 7), (7, 15), (16, 13), (13, 16), (17, 1), (1, 17), (18, 7), (7, 18), (19, 1), (1, 19), (20, 4), (4, 20), (21, 4), (4, 21), (22, 21), (21, 22), (23, 13), (13, 23), (24, 22), (22, 24), (25, 17), (17, 25), (26, 3), (3, 26), (27, 9), (9, 27), (28, 21), (21, 28), (29, 13), (13, 29), (30, 29), (29, 30), (31, 19), (19, 31), (32, 15), (15, 32), (33, 22), (22, 33), (34, 20), (20, 34), (35, 14), (14, 35), (36, 3), (3, 36), (37, 4), (4, 37), (38, 7), (7, 38), (39, 3), (3, 39), (40, 32), (32, 40)]
Z_dad = [1, 3, 13]
Y_dad = [4]
X_dad = [12, 20, 21]
Z_da-ad = [1, 3, 21]
Y_da-ad = [13]
X_da-ad = [10, 16, 29]
