no              #fail
1.567           #totTm
1.267           #lastADTm
5               #itDAD
1.000           #avItADGoal
38              #itADOpt
39              #opt
39              #optDA-AD
0.447           #tmDA
0.0             #relGain

V = [1, 2, 3, 4, 5, 6, 7, 8, 9, 10, 11, 12, 13, 14, 15, 16, 17, 18, 19, 20, 21, 22, 23, 24, 25, 26, 27, 28, 29, 30, 31, 32, 33, 34, 35, 36, 37, 38, 39, 40]
A = [(2, 1), (1, 2), (3, 2), (2, 3), (4, 3), (3, 4), (5, 1), (1, 5), (6, 1), (1, 6), (7, 5), (5, 7), (8, 3), (3, 8), (9, 6), (6, 9), (10, 3), (3, 10), (11, 10), (10, 11), (12, 11), (11, 12), (13, 2), (2, 13), (14, 12), (12, 14), (15, 11), (11, 15), (16, 14), (14, 16), (17, 10), (10, 17), (18, 7), (7, 18), (19, 10), (10, 19), (20, 15), (15, 20), (21, 6), (6, 21), (22, 16), (16, 22), (23, 20), (20, 23), (24, 17), (17, 24), (25, 1), (1, 25), (26, 1), (1, 26), (27, 14), (14, 27), (28, 18), (18, 28), (29, 11), (11, 29), (30, 2), (2, 30), (31, 11), (11, 31), (32, 7), (7, 32), (33, 31), (31, 33), (34, 12), (12, 34), (35, 19), (19, 35), (36, 3), (3, 36), (37, 11), (11, 37), (38, 9), (9, 38), (39, 2), (2, 39), (40, 34), (34, 40)]
Z_dad = [1, 3, 11]
Y_dad = [2]
X_dad = [13, 30, 39]
Z_da-ad = [1, 3, 11]
Y_da-ad = [2]
X_da-ad = [13, 30, 39]
