no              #fail
1.810           #totTm
1.493           #lastADTm
5               #itDAD
1.000           #avItADGoal
38              #itADOpt
39              #opt
39              #optDA-AD
0.53            #tmDA
0.0             #relGain

V = [1, 2, 3, 4, 5, 6, 7, 8, 9, 10, 11, 12, 13, 14, 15, 16, 17, 18, 19, 20, 21, 22, 23, 24, 25, 26, 27, 28, 29, 30, 31, 32, 33, 34, 35, 36, 37, 38, 39, 40]
A = [(2, 1), (1, 2), (3, 1), (1, 3), (4, 1), (1, 4), (5, 4), (4, 5), (6, 2), (2, 6), (7, 2), (2, 7), (8, 2), (2, 8), (9, 5), (5, 9), (10, 9), (9, 10), (11, 1), (1, 11), (12, 11), (11, 12), (13, 8), (8, 13), (14, 3), (3, 14), (15, 13), (13, 15), (16, 1), (1, 16), (17, 12), (12, 17), (18, 15), (15, 18), (19, 8), (8, 19), (20, 6), (6, 20), (21, 18), (18, 21), (22, 12), (12, 22), (23, 1), (1, 23), (24, 10), (10, 24), (25, 23), (23, 25), (26, 20), (20, 26), (27, 7), (7, 27), (28, 1), (1, 28), (29, 23), (23, 29), (30, 10), (10, 30), (31, 11), (11, 31), (32, 28), (28, 32), (33, 30), (30, 33), (34, 5), (5, 34), (35, 33), (33, 35), (36, 8), (8, 36), (37, 6), (6, 37), (38, 7), (7, 38), (39, 13), (13, 39), (40, 2), (2, 40)]
Z_dad = [1, 2, 3]
Y_dad = [4]
X_dad = [5]
Z_da-ad = [1, 2, 30]
Y_da-ad = [3]
X_da-ad = [14]
