no              #fail
1.898           #totTm
1.557           #lastADTm
5               #itDAD
1.000           #avItADGoal
38              #itADOpt
39              #opt
38              #optDA-AD
0.498           #tmDA
2.6             #relGain

V = [1, 2, 3, 4, 5, 6, 7, 8, 9, 10, 11, 12, 13, 14, 15, 16, 17, 18, 19, 20, 21, 22, 23, 24, 25, 26, 27, 28, 29, 30, 31, 32, 33, 34, 35, 36, 37, 38, 39, 40]
A = [(2, 1), (1, 2), (3, 2), (2, 3), (4, 1), (1, 4), (5, 4), (4, 5), (6, 1), (1, 6), (7, 1), (1, 7), (8, 2), (2, 8), (9, 7), (7, 9), (10, 2), (2, 10), (11, 8), (8, 11), (12, 3), (3, 12), (13, 12), (12, 13), (14, 7), (7, 14), (15, 9), (9, 15), (16, 6), (6, 16), (17, 15), (15, 17), (18, 6), (6, 18), (19, 15), (15, 19), (20, 11), (11, 20), (21, 19), (19, 21), (22, 11), (11, 22), (23, 4), (4, 23), (24, 14), (14, 24), (25, 7), (7, 25), (26, 16), (16, 26), (27, 5), (5, 27), (28, 5), (5, 28), (29, 17), (17, 29), (30, 21), (21, 30), (31, 29), (29, 31), (32, 8), (8, 32), (33, 14), (14, 33), (34, 33), (33, 34), (35, 30), (30, 35), (36, 31), (31, 36), (37, 14), (14, 37), (38, 24), (24, 38), (39, 36), (36, 39), (40, 36), (36, 40)]
Z_dad = [1, 2, 14]
Y_dad = [3]
X_dad = [12]
Z_da-ad = [1, 13, 15]
Y_da-ad = [14]
X_da-ad = [7, 24, 33]
