no              #fail
1.573           #totTm
1.244           #lastADTm
5               #itDAD
1.000           #avItADGoal
38              #itADOpt
39              #opt
39              #optDA-AD
0.498           #tmDA
0.0             #relGain

V = [1, 2, 3, 4, 5, 6, 7, 8, 9, 10, 11, 12, 13, 14, 15, 16, 17, 18, 19, 20, 21, 22, 23, 24, 25, 26, 27, 28, 29, 30, 31, 32, 33, 34, 35, 36, 37, 38, 39, 40]
A = [(2, 1), (1, 2), (3, 1), (1, 3), (4, 3), (3, 4), (5, 1), (1, 5), (6, 4), (4, 6), (7, 5), (5, 7), (8, 2), (2, 8), (9, 6), (6, 9), (10, 5), (5, 10), (11, 4), (4, 11), (12, 11), (11, 12), (13, 4), (4, 13), (14, 9), (9, 14), (15, 2), (2, 15), (16, 11), (11, 16), (17, 12), (12, 17), (18, 1), (1, 18), (19, 13), (13, 19), (20, 2), (2, 20), (21, 12), (12, 21), (22, 15), (15, 22), (23, 21), (21, 23), (24, 2), (2, 24), (25, 20), (20, 25), (26, 25), (25, 26), (27, 24), (24, 27), (28, 4), (4, 28), (29, 4), (4, 29), (30, 10), (10, 30), (31, 20), (20, 31), (32, 26), (26, 32), (33, 24), (24, 33), (34, 20), (20, 34), (35, 3), (3, 35), (36, 8), (8, 36), (37, 19), (19, 37), (38, 13), (13, 38), (39, 29), (29, 39), (40, 21), (21, 40)]
Z_dad = [1, 2, 4]
Y_dad = [3]
X_dad = [35]
Z_da-ad = [2, 3, 4]
Y_da-ad = [1]
X_da-ad = [5, 18]
