no              #fail
1.598           #totTm
1.263           #lastADTm
5               #itDAD
1.000           #avItADGoal
34              #itADOpt
38              #opt
37              #optDA-AD
0.728           #tmDA
2.6             #relGain

V = [1, 2, 3, 4, 5, 6, 7, 8, 9, 10, 11, 12, 13, 14, 15, 16, 17, 18, 19, 20, 21, 22, 23, 24, 25, 26, 27, 28, 29, 30, 31, 32, 33, 34, 35, 36, 37, 38, 39, 40]
A = [(2, 1), (1, 2), (3, 2), (2, 3), (4, 2), (2, 4), (5, 1), (1, 5), (6, 1), (1, 6), (7, 1), (1, 7), (8, 6), (6, 8), (9, 6), (6, 9), (10, 3), (3, 10), (11, 9), (9, 11), (12, 6), (6, 12), (13, 9), (9, 13), (14, 10), (10, 14), (15, 3), (3, 15), (16, 14), (14, 16), (17, 14), (14, 17), (18, 2), (2, 18), (19, 10), (10, 19), (20, 15), (15, 20), (21, 16), (16, 21), (22, 11), (11, 22), (23, 6), (6, 23), (24, 22), (22, 24), (25, 11), (11, 25), (26, 2), (2, 26), (27, 24), (24, 27), (28, 11), (11, 28), (29, 10), (10, 29), (30, 20), (20, 30), (31, 20), (20, 31), (32, 11), (11, 32), (33, 30), (30, 33), (34, 10), (10, 34), (35, 2), (2, 35), (36, 31), (31, 36), (37, 6), (6, 37), (38, 34), (34, 38), (39, 12), (12, 39), (40, 32), (32, 40)]
Z_dad = [1, 3, 9]
Y_dad = [2]
X_dad = [4, 18, 26]
Z_da-ad = [1, 3, 11]
Y_da-ad = [6]
X_da-ad = [8, 9, 12]
