no              #fail
1.599           #totTm
1.263           #lastADTm
5               #itDAD
1.000           #avItADGoal
37              #itADOpt
38              #opt
38              #optDA-AD
0.559           #tmDA
0.0             #relGain

V = [1, 2, 3, 4, 5, 6, 7, 8, 9, 10, 11, 12, 13, 14, 15, 16, 17, 18, 19, 20, 21, 22, 23, 24, 25, 26, 27, 28, 29, 30, 31, 32, 33, 34, 35, 36, 37, 38, 39, 40]
A = [(2, 1), (1, 2), (3, 2), (2, 3), (4, 3), (3, 4), (5, 4), (4, 5), (6, 1), (1, 6), (7, 3), (3, 7), (8, 5), (5, 8), (9, 5), (5, 9), (10, 2), (2, 10), (11, 7), (7, 11), (12, 7), (7, 12), (13, 12), (12, 13), (14, 1), (1, 14), (15, 5), (5, 15), (16, 1), (1, 16), (17, 11), (11, 17), (18, 13), (13, 18), (19, 9), (9, 19), (20, 11), (11, 20), (21, 14), (14, 21), (22, 10), (10, 22), (23, 7), (7, 23), (24, 10), (10, 24), (25, 11), (11, 25), (26, 17), (17, 26), (27, 22), (22, 27), (28, 1), (1, 28), (29, 19), (19, 29), (30, 11), (11, 30), (31, 29), (29, 31), (32, 2), (2, 32), (33, 13), (13, 33), (34, 30), (30, 34), (35, 5), (5, 35), (36, 10), (10, 36), (37, 17), (17, 37), (38, 26), (26, 38), (39, 16), (16, 39), (40, 29), (29, 40)]
Z_dad = [1, 5, 11]
Y_dad = [10]
X_dad = [2, 22, 24]
Z_da-ad = [2, 5, 11]
Y_da-ad = [1]
X_da-ad = [6, 14, 16]
