no              #fail
1.631           #totTm
1.329           #lastADTm
5               #itDAD
1.000           #avItADGoal
38              #itADOpt
39              #opt
39              #optDA-AD
0.371           #tmDA
0.0             #relGain

V = [1, 2, 3, 4, 5, 6, 7, 8, 9, 10, 11, 12, 13, 14, 15, 16, 17, 18, 19, 20, 21, 22, 23, 24, 25, 26, 27, 28, 29, 30, 31, 32, 33, 34, 35, 36, 37, 38, 39, 40]
A = [(2, 1), (1, 2), (3, 2), (2, 3), (4, 1), (1, 4), (5, 3), (3, 5), (6, 5), (5, 6), (7, 3), (3, 7), (8, 3), (3, 8), (9, 4), (4, 9), (10, 3), (3, 10), (11, 4), (4, 11), (12, 10), (10, 12), (13, 4), (4, 13), (14, 3), (3, 14), (15, 7), (7, 15), (16, 2), (2, 16), (17, 10), (10, 17), (18, 4), (4, 18), (19, 8), (8, 19), (20, 15), (15, 20), (21, 16), (16, 21), (22, 14), (14, 22), (23, 9), (9, 23), (24, 15), (15, 24), (25, 11), (11, 25), (26, 25), (25, 26), (27, 10), (10, 27), (28, 27), (27, 28), (29, 9), (9, 29), (30, 13), (13, 30), (31, 28), (28, 31), (32, 8), (8, 32), (33, 17), (17, 33), (34, 27), (27, 34), (35, 8), (8, 35), (36, 4), (4, 36), (37, 18), (18, 37), (38, 28), (28, 38), (39, 7), (7, 39), (40, 24), (24, 40)]
Z_dad = [1, 3, 4]
Y_dad = [2]
X_dad = [16]
Z_da-ad = [3, 4, 27]
Y_da-ad = [1]
X_da-ad = [2]
