no              #fail
6264.419        #totTm
6244.247        #lastADTm
16              #itDAD
1.000           #avItADGoal
1307            #itADOpt
43              #opt
42              #optDA-AD
61.98           #tmDA
2.3             #relGain

V = [1, 2, 3, 4, 5, 6, 7, 8, 9, 10, 11, 12, 13, 14, 15, 16, 17, 18, 19, 20, 21, 22, 23, 24, 25, 26, 27, 28, 29, 30, 31, 32, 33, 34, 35, 36, 37, 38, 39, 40, 41, 42, 43, 44, 45, 46, 47, 48, 49, 50, 51, 52, 53, 54, 55, 56, 57, 58, 59, 60]
A = [(2, 1), (1, 2), (3, 2), (2, 3), (4, 3), (3, 4), (5, 1), (1, 5), (6, 5), (5, 6), (7, 6), (6, 7), (8, 5), (5, 8), (9, 2), (2, 9), (10, 4), (4, 10), (11, 1), (1, 11), (12, 8), (8, 12), (13, 2), (2, 13), (14, 7), (7, 14), (15, 6), (6, 15), (16, 9), (9, 16), (17, 10), (10, 17), (18, 8), (8, 18), (19, 11), (11, 19), (20, 15), (15, 20), (21, 19), (19, 21), (22, 6), (6, 22), (23, 10), (10, 23), (24, 9), (9, 24), (25, 20), (20, 25), (26, 8), (8, 26), (27, 22), (22, 27), (28, 26), (26, 28), (29, 20), (20, 29), (30, 12), (12, 30), (31, 28), (28, 31), (32, 29), (29, 32), (33, 17), (17, 33), (34, 28), (28, 34), (35, 29), (29, 35), (36, 33), (33, 36), (37, 27), (27, 37), (38, 17), (17, 38), (39, 19), (19, 39), (40, 28), (28, 40), (41, 3), (3, 41), (42, 4), (4, 42), (43, 22), (22, 43), (44, 40), (40, 44), (45, 13), (13, 45), (46, 23), (23, 46), (47, 4), (4, 47), (48, 29), (29, 48), (49, 27), (27, 49), (50, 21), (21, 50), (51, 28), (28, 51), (52, 41), (41, 52), (53, 43), (43, 53), (54, 38), (38, 54), (55, 26), (26, 55), (56, 22), (22, 56), (57, 51), (51, 57), (58, 12), (12, 58), (59, 40), (40, 59), (60, 55), (55, 60)]
Z_dad = [1, 6, 26]
Y_dad = [2, 10, 28]
X_dad = [3, 4, 17]
Z_da-ad = [2, 6, 8]
Y_da-ad = [10, 19, 28]
X_da-ad = [4, 11, 17]
