no              #fail
39.885          #totTm
1.927           #lastADTm
11              #itDAD
2.200           #avItADGoal
15              #itADOpt
14              #opt
12              #optDA-AD
5.613           #tmDA
14.3            #relGain

V = [1, 2, 3, 4, 5, 6, 7, 8, 9, 10, 11, 12, 13, 14, 15, 16, 17, 18, 19, 20, 21, 22, 23, 24, 25, 26, 27, 28, 29, 30, 31, 32, 33, 34, 35, 36, 37, 38, 39, 40]
A = [(1, 9), (9, 1), (1, 16), (16, 1), (1, 21), (21, 1), (2, 10), (10, 2), (2, 36), (36, 2), (3, 10), (10, 3), (4, 6), (6, 4), (4, 8), (8, 4), (4, 12), (12, 4), (4, 22), (22, 4), (4, 26), (26, 4), (5, 17), (17, 5), (6, 20), (20, 6), (6, 38), (38, 6), (6, 39), (39, 6), (7, 36), (36, 7), (7, 40), (40, 7), (8, 29), (29, 8), (9, 14), (14, 9), (9, 24), (24, 9), (9, 29), (29, 9), (9, 35), (35, 9), (10, 11), (11, 10), (10, 30), (30, 10), (10, 31), (31, 10), (11, 33), (33, 11), (11, 34), (34, 11), (12, 22), (22, 12), (12, 39), (39, 12), (13, 26), (26, 13), (13, 34), (34, 13), (14, 20), (20, 14), (15, 27), (27, 15), (15, 29), (29, 15), (15, 35), (35, 15), (15, 37), (37, 15), (17, 19), (19, 17), (17, 31), (31, 17), (17, 34), (34, 17), (18, 22), (22, 18), (19, 24), (24, 19), (20, 37), (37, 20), (20, 40), (40, 20), (21, 29), (29, 21), (21, 33), (33, 21), (22, 40), (40, 22), (23, 26), (26, 23), (23, 27), (27, 23), (23, 39), (39, 23), (24, 30), (30, 24), (25, 32), (32, 25), (26, 40), (40, 26), (27, 29), (29, 27), (28, 32), (32, 28), (29, 30), (30, 29), (29, 31), (31, 29), (29, 38), (38, 29), (30, 32), (32, 30), (31, 40), (40, 31), (33, 39), (39, 33), (36, 39), (39, 36), (37, 39), (39, 37)]
Z_dad = [9, 39, 40]
Y_dad = [4, 10, 29]
X_dad = [2, 17, 30]
Z_da-ad = [1, 10, 32]
Y_da-ad = [3, 17, 18]
X_da-ad = [26, 39, 40]
