no              #fail
52.380          #totTm
20.677          #lastADTm
10              #itDAD
7.222           #avItADGoal
105             #itADOpt
16              #opt
15              #optDA-AD
3.414           #tmDA
6.2             #relGain

V = [1, 2, 3, 4, 5, 6, 7, 8, 9, 10, 11, 12, 13, 14, 15, 16, 17, 18, 19, 20, 21, 22, 23, 24, 25, 26, 27, 28, 29, 30, 31, 32, 33, 34, 35, 36, 37, 38, 39, 40]
A = [(1, 7), (7, 1), (1, 18), (18, 1), (1, 20), (20, 1), (1, 22), (22, 1), (1, 26), (26, 1), (1, 35), (35, 1), (2, 10), (10, 2), (2, 37), (37, 2), (3, 13), (13, 3), (3, 17), (17, 3), (3, 19), (19, 3), (4, 5), (5, 4), (4, 6), (6, 4), (4, 9), (9, 4), (4, 13), (13, 4), (4, 15), (15, 4), (4, 20), (20, 4), (4, 24), (24, 4), (4, 39), (39, 4), (6, 12), (12, 6), (6, 23), (23, 6), (6, 40), (40, 6), (7, 25), (25, 7), (7, 28), (28, 7), (8, 9), (9, 8), (8, 16), (16, 8), (8, 21), (21, 8), (8, 26), (26, 8), (8, 27), (27, 8), (9, 32), (32, 9), (10, 24), (24, 10), (11, 21), (21, 11), (11, 26), (26, 11), (12, 15), (15, 12), (12, 18), (18, 12), (12, 40), (40, 12), (13, 34), (34, 13), (13, 35), (35, 13), (14, 18), (18, 14), (14, 21), (21, 14), (14, 35), (35, 14), (15, 18), (18, 15), (16, 25), (25, 16), (17, 35), (35, 17), (17, 37), (37, 17), (17, 40), (40, 17), (18, 26), (26, 18), (19, 21), (21, 19), (21, 22), (22, 21), (21, 25), (25, 21), (21, 40), (40, 21), (22, 34), (34, 22), (22, 38), (38, 22), (23, 24), (24, 23), (25, 36), (36, 25), (25, 40), (40, 25), (26, 34), (34, 26), (27, 34), (34, 27), (31, 32), (32, 31), (33, 34), (34, 33), (35, 36), (36, 35), (38, 40), (40, 38)]
Z_dad = [1, 4, 24]
Y_dad = [8, 37, 40]
X_dad = [2, 9, 25]
Z_da-ad = [4, 8, 34]
Y_da-ad = [7, 9, 24]
X_da-ad = [10, 17, 32]
