no              #fail
6279.186        #totTm
33.623          #lastADTm
27              #itDAD
12.269          #avItADGoal
142             #itADOpt
14              #opt
14              #optDA-AD
4.616           #tmDA
0.0             #relGain

V = [1, 2, 3, 4, 5, 6, 7, 8, 9, 10, 11, 12, 13, 14, 15, 16, 17, 18, 19, 20, 21, 22, 23, 24, 25, 26, 27, 28, 29, 30, 31, 32, 33, 34, 35, 36, 37, 38, 39, 40]
A = [(1, 8), (8, 1), (1, 27), (27, 1), (1, 31), (31, 1), (1, 38), (38, 1), (2, 10), (10, 2), (2, 25), (25, 2), (2, 30), (30, 2), (2, 33), (33, 2), (3, 9), (9, 3), (3, 12), (12, 3), (3, 14), (14, 3), (3, 16), (16, 3), (3, 25), (25, 3), (4, 7), (7, 4), (4, 15), (15, 4), (4, 25), (25, 4), (4, 29), (29, 4), (5, 9), (9, 5), (5, 12), (12, 5), (5, 14), (14, 5), (5, 33), (33, 5), (6, 35), (35, 6), (6, 37), (37, 6), (7, 11), (11, 7), (7, 12), (12, 7), (7, 15), (15, 7), (7, 32), (32, 7), (8, 10), (10, 8), (8, 35), (35, 8), (8, 37), (37, 8), (9, 22), (22, 9), (11, 20), (20, 11), (11, 26), (26, 11), (12, 14), (14, 12), (13, 29), (29, 13), (13, 40), (40, 13), (14, 35), (35, 14), (14, 37), (37, 14), (15, 23), (23, 15), (15, 28), (28, 15), (15, 33), (33, 15), (15, 36), (36, 15), (16, 20), (20, 16), (16, 38), (38, 16), (17, 26), (26, 17), (18, 27), (27, 18), (19, 28), (28, 19), (19, 35), (35, 19), (19, 36), (36, 19), (20, 21), (21, 20), (20, 40), (40, 20), (22, 29), (29, 22), (25, 31), (31, 25), (27, 29), (29, 27), (27, 39), (39, 27), (28, 33), (33, 28), (31, 37), (37, 31), (31, 39), (39, 31), (32, 36), (36, 32), (33, 35), (35, 33), (33, 36), (36, 33), (35, 36), (36, 35)]
Z_dad = [1, 20, 29]
Y_dad = [3, 39, 40]
X_dad = [7, 9, 15]
Z_da-ad = [7, 20, 29]
Y_da-ad = [1, 11, 33]
X_da-ad = [15, 25, 36]
