no              #fail
72.234          #totTm
53.318          #lastADTm
9               #itDAD
7.875           #avItADGoal
192             #itADOpt
17              #opt
15              #optDA-AD
1.75            #tmDA
11.8            #relGain

V = [1, 2, 3, 4, 5, 6, 7, 8, 9, 10, 11, 12, 13, 14, 15, 16, 17, 18, 19, 20, 21, 22, 23, 24, 25, 26, 27, 28, 29, 30, 31, 32, 33, 34, 35, 36, 37, 38, 39, 40]
A = [(1, 6), (6, 1), (1, 11), (11, 1), (1, 13), (13, 1), (1, 27), (27, 1), (1, 37), (37, 1), (2, 3), (3, 2), (2, 12), (12, 2), (2, 27), (27, 2), (2, 29), (29, 2), (2, 35), (35, 2), (3, 6), (6, 3), (4, 25), (25, 4), (4, 36), (36, 4), (5, 11), (11, 5), (6, 23), (23, 6), (6, 30), (30, 6), (8, 22), (22, 8), (8, 27), (27, 8), (8, 34), (34, 8), (9, 27), (27, 9), (9, 31), (31, 9), (9, 35), (35, 9), (9, 40), (40, 9), (10, 22), (22, 10), (10, 28), (28, 10), (10, 30), (30, 10), (11, 17), (17, 11), (11, 25), (25, 11), (11, 26), (26, 11), (11, 35), (35, 11), (12, 22), (22, 12), (12, 23), (23, 12), (12, 27), (27, 12), (12, 35), (35, 12), (12, 40), (40, 12), (13, 22), (22, 13), (13, 25), (25, 13), (14, 21), (21, 14), (14, 38), (38, 14), (15, 16), (16, 15), (15, 17), (17, 15), (15, 27), (27, 15), (15, 29), (29, 15), (17, 23), (23, 17), (17, 26), (26, 17), (18, 27), (27, 18), (18, 30), (30, 18), (19, 34), (34, 19), (21, 24), (24, 21), (22, 32), (32, 22), (23, 40), (40, 23), (25, 37), (37, 25), (26, 32), (32, 26), (27, 28), (28, 27), (27, 33), (33, 27), (27, 37), (37, 27), (29, 31), (31, 29), (29, 32), (32, 29), (29, 37), (37, 29), (30, 40), (40, 30), (35, 36), (36, 35), (39, 40), (40, 39)]
Z_dad = [22, 27, 29]
Y_dad = [11, 30, 38]
X_dad = [17, 35, 40]
Z_da-ad = [22, 27, 30]
Y_da-ad = [11, 14, 34]
X_da-ad = [25, 35, 40]
