no              #fail
681.047         #totTm
31.030          #lastADTm
24              #itDAD
6.174           #avItADGoal
138             #itADOpt
14              #opt
13              #optDA-AD
3.107           #tmDA
7.1             #relGain

V = [1, 2, 3, 4, 5, 6, 7, 8, 9, 10, 11, 12, 13, 14, 15, 16, 17, 18, 19, 20, 21, 22, 23, 24, 25, 26, 27, 28, 29, 30, 31, 32, 33, 34, 35, 36, 37, 38, 39, 40]
A = [(1, 2), (2, 1), (1, 21), (21, 1), (1, 33), (33, 1), (1, 34), (34, 1), (2, 4), (4, 2), (2, 30), (30, 2), (3, 10), (10, 3), (3, 23), (23, 3), (4, 7), (7, 4), (4, 21), (21, 4), (4, 23), (23, 4), (4, 40), (40, 4), (5, 13), (13, 5), (5, 19), (19, 5), (5, 23), (23, 5), (6, 10), (10, 6), (6, 22), (22, 6), (6, 28), (28, 6), (6, 35), (35, 6), (7, 15), (15, 7), (7, 20), (20, 7), (7, 22), (22, 7), (8, 31), (31, 8), (9, 14), (14, 9), (9, 40), (40, 9), (10, 30), (30, 10), (10, 37), (37, 10), (11, 24), (24, 11), (11, 37), (37, 11), (11, 38), (38, 11), (12, 25), (25, 12), (12, 29), (29, 12), (13, 19), (19, 13), (14, 19), (19, 14), (14, 34), (34, 14), (15, 17), (17, 15), (15, 23), (23, 15), (16, 21), (21, 16), (16, 24), (24, 16), (16, 33), (33, 16), (16, 36), (36, 16), (17, 25), (25, 17), (18, 23), (23, 18), (19, 20), (20, 19), (19, 21), (21, 19), (19, 23), (23, 19), (19, 27), (27, 19), (20, 21), (21, 20), (21, 36), (36, 21), (21, 37), (37, 21), (21, 39), (39, 21), (22, 26), (26, 22), (22, 31), (31, 22), (23, 25), (25, 23), (23, 30), (30, 23), (24, 35), (35, 24), (25, 34), (34, 25), (25, 36), (36, 25), (28, 40), (40, 28), (29, 36), (36, 29), (31, 35), (35, 31), (31, 37), (37, 31)]
Z_dad = [19, 21, 23]
Y_dad = [10, 13, 25]
X_dad = [6, 7, 31]
Z_da-ad = [11, 19, 23]
Y_da-ad = [7, 13, 38]
X_da-ad = [10, 21, 31]
