no              #fail
330.217         #totTm
20.483          #lastADTm
17              #itDAD
9.250           #avItADGoal
95              #itADOpt
15              #opt
14              #optDA-AD
2.048           #tmDA
6.7             #relGain

V = [1, 2, 3, 4, 5, 6, 7, 8, 9, 10, 11, 12, 13, 14, 15, 16, 17, 18, 19, 20, 21, 22, 23, 24, 25, 26, 27, 28, 29, 30, 31, 32, 33, 34, 35, 36, 37, 38, 39, 40]
A = [(1, 25), (25, 1), (1, 40), (40, 1), (2, 11), (11, 2), (2, 18), (18, 2), (2, 37), (37, 2), (2, 38), (38, 2), (3, 9), (9, 3), (3, 33), (33, 3), (3, 37), (37, 3), (3, 40), (40, 3), (4, 13), (13, 4), (4, 21), (21, 4), (5, 26), (26, 5), (5, 28), (28, 5), (5, 30), (30, 5), (6, 20), (20, 6), (6, 27), (27, 6), (6, 34), (34, 6), (7, 11), (11, 7), (7, 16), (16, 7), (8, 29), (29, 8), (8, 33), (33, 8), (9, 21), (21, 9), (9, 33), (33, 9), (9, 36), (36, 9), (11, 14), (14, 11), (11, 15), (15, 11), (11, 30), (30, 11), (11, 36), (36, 11), (12, 17), (17, 12), (12, 23), (23, 12), (12, 31), (31, 12), (12, 32), (32, 12), (13, 15), (15, 13), (17, 38), (38, 17), (18, 22), (22, 18), (18, 23), (23, 18), (18, 26), (26, 18), (18, 30), (30, 18), (18, 40), (40, 18), (19, 27), (27, 19), (19, 30), (30, 19), (19, 39), (39, 19), (20, 25), (25, 20), (21, 24), (24, 21), (21, 30), (30, 21), (21, 31), (31, 21), (21, 36), (36, 21), (23, 38), (38, 23), (23, 40), (40, 23), (25, 29), (29, 25), (25, 33), (33, 25), (26, 31), (31, 26), (27, 37), (37, 27), (27, 38), (38, 27), (29, 34), (34, 29), (30, 34), (34, 30), (30, 36), (36, 30), (33, 35), (35, 33), (34, 36), (36, 34), (35, 36), (36, 35), (39, 40), (40, 39)]
Z_dad = [11, 21, 40]
Y_dad = [4, 18, 33]
X_dad = [26, 27, 30]
Z_da-ad = [5, 11, 21]
Y_da-ad = [12, 13, 40]
X_da-ad = [25, 33, 34]
