no              #fail
57.257          #totTm
30.759          #lastADTm
13              #itDAD
1.917           #avItADGoal
126             #itADOpt
16              #opt
14              #optDA-AD
2.887           #tmDA
12.5            #relGain

V = [1, 2, 3, 4, 5, 6, 7, 8, 9, 10, 11, 12, 13, 14, 15, 16, 17, 18, 19, 20, 21, 22, 23, 24, 25, 26, 27, 28, 29, 30, 31, 32, 33, 34, 35, 36, 37, 38, 39, 40]
A = [(1, 5), (5, 1), (1, 19), (19, 1), (1, 36), (36, 1), (2, 6), (6, 2), (2, 29), (29, 2), (2, 31), (31, 2), (4, 6), (6, 4), (4, 15), (15, 4), (4, 31), (31, 4), (5, 6), (6, 5), (5, 8), (8, 5), (5, 10), (10, 5), (5, 14), (14, 5), (5, 23), (23, 5), (6, 13), (13, 6), (6, 23), (23, 6), (6, 32), (32, 6), (6, 33), (33, 6), (7, 16), (16, 7), (7, 26), (26, 7), (7, 27), (27, 7), (7, 32), (32, 7), (7, 36), (36, 7), (8, 16), (16, 8), (9, 26), (26, 9), (9, 39), (39, 9), (12, 36), (36, 12), (13, 15), (15, 13), (13, 18), (18, 13), (13, 27), (27, 13), (13, 38), (38, 13), (14, 29), (29, 14), (14, 33), (33, 14), (15, 38), (38, 15), (16, 30), (30, 16), (16, 36), (36, 16), (17, 26), (26, 17), (17, 28), (28, 17), (17, 29), (29, 17), (17, 34), (34, 17), (17, 38), (38, 17), (18, 38), (38, 18), (19, 22), (22, 19), (19, 30), (30, 19), (19, 38), (38, 19), (20, 24), (24, 20), (20, 28), (28, 20), (22, 37), (37, 22), (23, 25), (25, 23), (23, 30), (30, 23), (23, 38), (38, 23), (24, 26), (26, 24), (27, 34), (34, 27), (27, 37), (37, 27), (29, 39), (39, 29), (30, 31), (31, 30), (30, 33), (33, 30), (31, 33), (33, 31), (31, 39), (39, 31), (32, 36), (36, 32), (33, 39), (39, 33), (35, 37), (37, 35)]
Z_dad = [5, 6, 27]
Y_dad = [4, 19, 26]
X_dad = [17, 22, 24]
Z_da-ad = [19, 36, 37]
Y_da-ad = [5, 22, 24]
X_da-ad = [17, 20, 27]
