no              #fail
1463.698        #totTm
14.083          #lastADTm
21              #itDAD
10.000          #avItADGoal
74              #itADOpt
14              #opt
14              #optDA-AD
2.814           #tmDA
0.0             #relGain

V = [1, 2, 3, 4, 5, 6, 7, 8, 9, 10, 11, 12, 13, 14, 15, 16, 17, 18, 19, 20, 21, 22, 23, 24, 25, 26, 27, 28, 29, 30, 31, 32, 33, 34, 35, 36, 37, 38, 39, 40]
A = [(1, 34), (34, 1), (1, 35), (35, 1), (1, 39), (39, 1), (2, 7), (7, 2), (3, 7), (7, 3), (3, 24), (24, 3), (3, 27), (27, 3), (4, 13), (13, 4), (4, 30), (30, 4), (4, 35), (35, 4), (5, 18), (18, 5), (5, 21), (21, 5), (5, 33), (33, 5), (5, 40), (40, 5), (6, 22), (22, 6), (6, 26), (26, 6), (6, 31), (31, 6), (6, 33), (33, 6), (7, 17), (17, 7), (7, 23), (23, 7), (7, 25), (25, 7), (7, 35), (35, 7), (7, 39), (39, 7), (8, 35), (35, 8), (8, 38), (38, 8), (9, 17), (17, 9), (9, 25), (25, 9), (9, 26), (26, 9), (10, 14), (14, 10), (10, 25), (25, 10), (10, 30), (30, 10), (10, 33), (33, 10), (10, 35), (35, 10), (11, 12), (12, 11), (11, 39), (39, 11), (12, 13), (13, 12), (12, 34), (34, 12), (12, 40), (40, 12), (13, 26), (26, 13), (14, 25), (25, 14), (14, 37), (37, 14), (16, 31), (31, 16), (16, 34), (34, 16), (20, 24), (24, 20), (21, 26), (26, 21), (21, 34), (34, 21), (22, 24), (24, 22), (22, 27), (27, 22), (22, 32), (32, 22), (22, 33), (33, 22), (23, 29), (29, 23), (24, 30), (30, 24), (25, 29), (29, 25), (26, 32), (32, 26), (27, 32), (32, 27), (27, 40), (40, 27), (29, 34), (34, 29), (29, 36), (36, 29), (29, 39), (39, 29), (32, 37), (37, 32), (33, 36), (36, 33), (35, 40), (40, 35)]
Z_dad = [7, 10, 35]
Y_dad = [22, 29, 38]
X_dad = [5, 13, 24]
Z_da-ad = [7, 29, 35]
Y_da-ad = [1, 25, 38]
X_da-ad = [6, 9, 34]
