no              #fail
129.546         #totTm
7.310           #lastADTm
17              #itDAD
2.812           #avItADGoal
35              #itADOpt
15              #opt
14              #optDA-AD
11.98           #tmDA
6.7             #relGain

V = [1, 2, 3, 4, 5, 6, 7, 8, 9, 10, 11, 12, 13, 14, 15, 16, 17, 18, 19, 20, 21, 22, 23, 24, 25, 26, 27, 28, 29, 30, 31, 32, 33, 34, 35, 36, 37, 38, 39, 40]
A = [(1, 9), (9, 1), (1, 25), (25, 1), (1, 27), (27, 1), (1, 33), (33, 1), (2, 15), (15, 2), (2, 28), (28, 2), (2, 34), (34, 2), (3, 12), (12, 3), (3, 17), (17, 3), (4, 27), (27, 4), (4, 38), (38, 4), (5, 22), (22, 5), (5, 23), (23, 5), (5, 25), (25, 5), (5, 31), (31, 5), (5, 32), (32, 5), (6, 9), (9, 6), (6, 20), (20, 6), (8, 19), (19, 8), (8, 40), (40, 8), (9, 19), (19, 9), (9, 21), (21, 9), (9, 34), (34, 9), (10, 20), (20, 10), (10, 37), (37, 10), (11, 33), (33, 11), (12, 17), (17, 12), (12, 39), (39, 12), (13, 28), (28, 13), (13, 40), (40, 13), (14, 36), (36, 14), (15, 16), (16, 15), (15, 17), (17, 15), (16, 17), (17, 16), (16, 23), (23, 16), (16, 25), (25, 16), (16, 27), (27, 16), (16, 34), (34, 16), (16, 35), (35, 16), (16, 38), (38, 16), (18, 20), (20, 18), (19, 26), (26, 19), (19, 33), (33, 19), (19, 38), (38, 19), (20, 28), (28, 20), (21, 32), (32, 21), (21, 40), (40, 21), (22, 30), (30, 22), (22, 39), (39, 22), (23, 35), (35, 23), (23, 36), (36, 23), (24, 40), (40, 24), (26, 27), (27, 26), (26, 39), (39, 26), (27, 38), (38, 27), (28, 29), (29, 28), (28, 36), (36, 28), (29, 32), (32, 29), (30, 39), (39, 30), (31, 32), (32, 31), (32, 38), (38, 32), (34, 37), (37, 34)]
Z_dad = [9, 16, 28]
Y_dad = [5, 19, 37]
X_dad = [23, 34, 39]
Z_da-ad = [19, 28, 40]
Y_da-ad = [5, 24, 37]
X_da-ad = [9, 10, 32]
