no              #fail
1949.915        #totTm
22.078          #lastADTm
23              #itDAD
19.273          #avItADGoal
93              #itADOpt
16              #opt
15              #optDA-AD
1.731           #tmDA
6.2             #relGain

V = [1, 2, 3, 4, 5, 6, 7, 8, 9, 10, 11, 12, 13, 14, 15, 16, 17, 18, 19, 20, 21, 22, 23, 24, 25, 26, 27, 28, 29, 30, 31, 32, 33, 34, 35, 36, 37, 38, 39, 40]
A = [(1, 22), (22, 1), (2, 6), (6, 2), (2, 10), (10, 2), (2, 26), (26, 2), (2, 36), (36, 2), (2, 40), (40, 2), (3, 25), (25, 3), (4, 16), (16, 4), (4, 20), (20, 4), (4, 39), (39, 4), (5, 21), (21, 5), (6, 35), (35, 6), (6, 37), (37, 6), (7, 9), (9, 7), (7, 12), (12, 7), (7, 26), (26, 7), (7, 38), (38, 7), (8, 17), (17, 8), (8, 22), (22, 8), (8, 29), (29, 8), (8, 35), (35, 8), (8, 39), (39, 8), (9, 21), (21, 9), (9, 39), (39, 9), (10, 13), (13, 10), (10, 15), (15, 10), (10, 16), (16, 10), (10, 27), (27, 10), (10, 32), (32, 10), (10, 37), (37, 10), (10, 39), (39, 10), (11, 13), (13, 11), (11, 31), (31, 11), (11, 36), (36, 11), (12, 22), (22, 12), (12, 30), (30, 12), (12, 34), (34, 12), (13, 32), (32, 13), (16, 26), (26, 16), (17, 33), (33, 17), (17, 34), (34, 17), (19, 24), (24, 19), (19, 34), (34, 19), (20, 22), (22, 20), (20, 37), (37, 20), (21, 26), (26, 21), (21, 28), (28, 21), (23, 27), (27, 23), (24, 29), (29, 24), (24, 40), (40, 24), (28, 29), (29, 28), (28, 33), (33, 28), (28, 40), (40, 28), (29, 30), (30, 29), (31, 35), (35, 31), (33, 34), (34, 33), (33, 37), (37, 33), (33, 38), (38, 33), (35, 39), (39, 35), (35, 40), (40, 35), (37, 39), (39, 37), (38, 40), (40, 38)]
Z_dad = [8, 10, 12]
Y_dad = [11, 20, 24]
X_dad = [19, 29, 33]
Z_da-ad = [2, 10, 11]
Y_da-ad = [3, 7, 23]
X_da-ad = [21, 35, 37]
