no              #fail
31.556          #totTm
26.853          #lastADTm
7               #itDAD
1.000           #avItADGoal
121             #itADOpt
17              #opt
15              #optDA-AD
3.083           #tmDA
11.8            #relGain

V = [1, 2, 3, 4, 5, 6, 7, 8, 9, 10, 11, 12, 13, 14, 15, 16, 17, 18, 19, 20, 21, 22, 23, 24, 25, 26, 27, 28, 29, 30, 31, 32, 33, 34, 35, 36, 37, 38, 39, 40]
A = [(1, 6), (6, 1), (1, 15), (15, 1), (1, 19), (19, 1), (1, 24), (24, 1), (2, 13), (13, 2), (2, 25), (25, 2), (2, 38), (38, 2), (3, 16), (16, 3), (3, 21), (21, 3), (3, 24), (24, 3), (3, 31), (31, 3), (4, 15), (15, 4), (4, 20), (20, 4), (4, 34), (34, 4), (5, 15), (15, 5), (5, 22), (22, 5), (6, 18), (18, 6), (6, 30), (30, 6), (7, 13), (13, 7), (7, 28), (28, 7), (8, 16), (16, 8), (8, 23), (23, 8), (9, 40), (40, 9), (10, 15), (15, 10), (10, 29), (29, 10), (10, 33), (33, 10), (11, 38), (38, 11), (11, 40), (40, 11), (12, 30), (30, 12), (12, 33), (33, 12), (13, 25), (25, 13), (13, 26), (26, 13), (13, 29), (29, 13), (13, 34), (34, 13), (14, 19), (19, 14), (14, 23), (23, 14), (14, 24), (24, 14), (14, 34), (34, 14), (14, 38), (38, 14), (15, 16), (16, 15), (15, 18), (18, 15), (15, 21), (21, 15), (15, 27), (27, 15), (15, 31), (31, 15), (16, 21), (21, 16), (16, 25), (25, 16), (16, 38), (38, 16), (17, 27), (27, 17), (17, 33), (33, 17), (17, 40), (40, 17), (19, 23), (23, 19), (20, 26), (26, 20), (20, 40), (40, 20), (21, 24), (24, 21), (21, 33), (33, 21), (23, 28), (28, 23), (25, 37), (37, 25), (26, 37), (37, 26), (27, 29), (29, 27), (27, 32), (32, 27), (33, 35), (35, 33), (33, 39), (39, 33)]
Z_dad = [13, 15, 33]
Y_dad = [6, 16, 27]
X_dad = [14, 25, 40]
Z_da-ad = [6, 15, 33]
Y_da-ad = [3, 12, 27]
X_da-ad = [26, 34, 40]
