no              #fail
109.324         #totTm
96.850          #lastADTm
10              #itDAD
2.333           #avItADGoal
281             #itADOpt
16              #opt
15              #optDA-AD
7.13            #tmDA
6.2             #relGain

V = [1, 2, 3, 4, 5, 6, 7, 8, 9, 10, 11, 12, 13, 14, 15, 16, 17, 18, 19, 20, 21, 22, 23, 24, 25, 26, 27, 28, 29, 30, 31, 32, 33, 34, 35, 36, 37, 38, 39, 40]
A = [(1, 10), (10, 1), (1, 12), (12, 1), (1, 16), (16, 1), (1, 21), (21, 1), (1, 24), (24, 1), (1, 26), (26, 1), (2, 12), (12, 2), (2, 33), (33, 2), (2, 37), (37, 2), (3, 6), (6, 3), (3, 20), (20, 3), (4, 14), (14, 4), (4, 20), (20, 4), (4, 31), (31, 4), (5, 19), (19, 5), (5, 22), (22, 5), (5, 29), (29, 5), (5, 34), (34, 5), (6, 8), (8, 6), (6, 30), (30, 6), (7, 11), (11, 7), (7, 19), (19, 7), (8, 16), (16, 8), (8, 19), (19, 8), (8, 22), (22, 8), (8, 24), (24, 8), (8, 34), (34, 8), (9, 13), (13, 9), (9, 19), (19, 9), (10, 27), (27, 10), (10, 39), (39, 10), (12, 34), (34, 12), (12, 37), (37, 12), (12, 40), (40, 12), (13, 20), (20, 13), (13, 34), (34, 13), (15, 21), (21, 15), (15, 27), (27, 15), (15, 28), (28, 15), (15, 31), (31, 15), (15, 37), (37, 15), (15, 39), (39, 15), (18, 40), (40, 18), (19, 27), (27, 19), (19, 28), (28, 19), (19, 31), (31, 19), (19, 32), (32, 19), (21, 40), (40, 21), (22, 29), (29, 22), (22, 38), (38, 22), (23, 26), (26, 23), (23, 33), (33, 23), (24, 30), (30, 24), (24, 37), (37, 24), (26, 40), (40, 26), (27, 29), (29, 27), (29, 36), (36, 29), (29, 37), (37, 29), (29, 40), (40, 29), (32, 39), (39, 32), (33, 38), (38, 33), (35, 36), (36, 35)]
Z_dad = [15, 19, 29]
Y_dad = [1, 4, 7]
X_dad = [10, 13, 40]
Z_da-ad = [4, 15, 19]
Y_da-ad = [3, 10, 11]
X_da-ad = [13, 29, 40]
