no              #fail
74.372          #totTm
32.924          #lastADTm
14              #itDAD
1.462           #avItADGoal
158             #itADOpt
16              #opt
14              #optDA-AD
4.96            #tmDA
12.5            #relGain

V = [1, 2, 3, 4, 5, 6, 7, 8, 9, 10, 11, 12, 13, 14, 15, 16, 17, 18, 19, 20, 21, 22, 23, 24, 25, 26, 27, 28, 29, 30, 31, 32, 33, 34, 35, 36, 37, 38, 39, 40]
A = [(1, 4), (4, 1), (1, 13), (13, 1), (1, 27), (27, 1), (2, 5), (5, 2), (2, 7), (7, 2), (2, 14), (14, 2), (3, 10), (10, 3), (3, 16), (16, 3), (3, 23), (23, 3), (3, 29), (29, 3), (3, 32), (32, 3), (3, 37), (37, 3), (4, 5), (5, 4), (4, 27), (27, 4), (4, 29), (29, 4), (4, 31), (31, 4), (5, 40), (40, 5), (6, 8), (8, 6), (6, 20), (20, 6), (6, 25), (25, 6), (7, 9), (9, 7), (7, 30), (30, 7), (7, 39), (39, 7), (7, 40), (40, 7), (8, 9), (9, 8), (8, 25), (25, 8), (8, 39), (39, 8), (9, 19), (19, 9), (9, 39), (39, 9), (10, 12), (12, 10), (10, 21), (21, 10), (10, 26), (26, 10), (10, 28), (28, 10), (11, 32), (32, 11), (11, 35), (35, 11), (12, 14), (14, 12), (12, 18), (18, 12), (12, 20), (20, 12), (13, 14), (14, 13), (13, 22), (22, 13), (15, 20), (20, 15), (15, 30), (30, 15), (15, 34), (34, 15), (16, 20), (20, 16), (16, 29), (29, 16), (16, 39), (39, 16), (18, 26), (26, 18), (18, 38), (38, 18), (19, 20), (20, 19), (20, 21), (21, 20), (20, 22), (22, 20), (22, 39), (39, 22), (23, 38), (38, 23), (26, 30), (30, 26), (26, 35), (35, 26), (26, 40), (40, 26), (29, 31), (31, 29), (29, 34), (34, 29), (29, 36), (36, 29), (31, 40), (40, 31), (32, 36), (36, 32), (34, 36), (36, 34)]
Z_dad = [3, 10, 20]
Y_dad = [8, 18, 29]
X_dad = [9, 26, 36]
Z_da-ad = [8, 10, 20]
Y_da-ad = [3, 6, 21]
X_da-ad = [4, 14, 39]
