no              #fail
1942.095        #totTm
1938.425        #lastADTm
10              #itDAD
1.000           #avItADGoal
1495            #itADOpt
27              #opt
23              #optDA-AD
4.639           #tmDA
14.8            #relGain

V = [1, 2, 3, 4, 5, 6, 7, 8, 9, 10, 11, 12, 13, 14, 15, 16, 17, 18, 19, 20, 21, 22, 23, 24, 25, 26, 27, 28, 29, 30, 31, 32, 33, 34, 35, 36, 37, 38, 39, 40]
A = [(1, 11), (11, 1), (1, 12), (12, 1), (1, 32), (32, 1), (1, 34), (34, 1), (2, 5), (5, 2), (2, 38), (38, 2), (4, 34), (34, 4), (5, 16), (16, 5), (5, 25), (25, 5), (6, 14), (14, 6), (6, 31), (31, 6), (6, 32), (32, 6), (8, 13), (13, 8), (8, 21), (21, 8), (8, 26), (26, 8), (8, 31), (31, 8), (9, 30), (30, 9), (9, 39), (39, 9), (10, 19), (19, 10), (11, 30), (30, 11), (13, 25), (25, 13), (13, 29), (29, 13), (14, 23), (23, 14), (14, 39), (39, 14), (15, 35), (35, 15), (16, 35), (35, 16), (19, 28), (28, 19), (20, 31), (31, 20), (20, 34), (34, 20), (20, 37), (37, 20), (22, 23), (23, 22), (22, 26), (26, 22), (22, 33), (33, 22), (25, 32), (32, 25), (25, 36), (36, 25), (26, 31), (31, 26), (26, 36), (36, 26), (27, 32), (32, 27), (28, 38), (38, 28)]
Z_dad = [1, 14, 31]
Y_dad = [19, 20, 25]
X_dad = [5, 13, 36]
Z_da-ad = [1, 5, 20]
Y_da-ad = [9, 25, 28]
X_da-ad = [14, 19, 26]
