no              #fail
2706.524        #totTm
2702.571        #lastADTm
12              #itDAD
1.000           #avItADGoal
1752            #itADOpt
30              #opt
30              #optDA-AD
8.459           #tmDA
0.0             #relGain

V = [1, 2, 3, 4, 5, 6, 7, 8, 9, 10, 11, 12, 13, 14, 15, 16, 17, 18, 19, 20, 21, 22, 23, 24, 25, 26, 27, 28, 29, 30, 31, 32, 33, 34, 35, 36, 37, 38, 39, 40]
A = [(1, 6), (6, 1), (1, 18), (18, 1), (2, 16), (16, 2), (3, 20), (20, 3), (4, 7), (7, 4), (4, 16), (16, 4), (4, 40), (40, 4), (5, 9), (9, 5), (5, 17), (17, 5), (5, 37), (37, 5), (6, 17), (17, 6), (6, 18), (18, 6), (6, 31), (31, 6), (7, 9), (9, 7), (8, 26), (26, 8), (10, 29), (29, 10), (10, 36), (36, 10), (11, 14), (14, 11), (11, 29), (29, 11), (11, 32), (32, 11), (12, 16), (16, 12), (12, 26), (26, 12), (12, 28), (28, 12), (13, 31), (31, 13), (15, 23), (23, 15), (15, 40), (40, 15), (17, 36), (36, 17), (20, 26), (26, 20), (21, 24), (24, 21), (23, 36), (36, 23), (24, 40), (40, 24), (25, 34), (34, 25), (25, 35), (35, 25), (26, 30), (30, 26), (27, 28), (28, 27), (27, 38), (38, 27), (33, 39), (39, 33), (35, 40), (40, 35), (37, 38), (38, 37)]
Z_dad = [12, 17, 40]
Y_dad = [7, 10, 26]
X_dad = [4, 9, 29]
Z_da-ad = [12, 17, 40]
Y_da-ad = [6, 7, 29]
X_da-ad = [9, 10, 11]
