no              #fail
2641.642        #totTm
2636.157        #lastADTm
13              #itDAD
1.000           #avItADGoal
1774            #itADOpt
26              #opt
26              #optDA-AD
6.069           #tmDA
0.0             #relGain

V = [1, 2, 3, 4, 5, 6, 7, 8, 9, 10, 11, 12, 13, 14, 15, 16, 17, 18, 19, 20, 21, 22, 23, 24, 25, 26, 27, 28, 29, 30, 31, 32, 33, 34, 35, 36, 37, 38, 39, 40]
A = [(1, 36), (36, 1), (2, 32), (32, 2), (2, 39), (39, 2), (3, 34), (34, 3), (4, 24), (24, 4), (4, 35), (35, 4), (5, 15), (15, 5), (5, 28), (28, 5), (6, 16), (16, 6), (6, 21), (21, 6), (6, 36), (36, 6), (7, 30), (30, 7), (8, 29), (29, 8), (9, 36), (36, 9), (10, 31), (31, 10), (10, 38), (38, 10), (11, 39), (39, 11), (14, 33), (33, 14), (15, 18), (18, 15), (16, 24), (24, 16), (18, 27), (27, 18), (20, 28), (28, 20), (20, 33), (33, 20), (21, 23), (23, 21), (22, 27), (27, 22), (23, 38), (38, 23), (24, 26), (26, 24), (24, 40), (40, 24), (27, 29), (29, 27), (27, 33), (33, 27), (29, 30), (30, 29), (29, 37), (37, 29), (30, 33), (33, 30), (30, 39), (39, 30), (31, 36), (36, 31), (32, 40), (40, 32), (34, 40), (40, 34), (35, 39), (39, 35), (36, 37), (37, 36)]
Z_dad = [33, 36, 39]
Y_dad = [5, 24, 29]
X_dad = [16, 30, 40]
Z_da-ad = [24, 36, 39]
Y_da-ad = [2, 6, 27]
X_da-ad = [21, 29, 33]
