no              #fail
5234.702        #totTm
5231.620        #lastADTm
13              #itDAD
1.000           #avItADGoal
2702            #itADOpt
28              #opt
26              #optDA-AD
11.07           #tmDA
7.1             #relGain

V = [1, 2, 3, 4, 5, 6, 7, 8, 9, 10, 11, 12, 13, 14, 15, 16, 17, 18, 19, 20, 21, 22, 23, 24, 25, 26, 27, 28, 29, 30, 31, 32, 33, 34, 35, 36, 37, 38, 39, 40]
A = [(1, 14), (14, 1), (1, 28), (28, 1), (1, 39), (39, 1), (2, 4), (4, 2), (2, 20), (20, 2), (2, 40), (40, 2), (3, 10), (10, 3), (3, 25), (25, 3), (3, 38), (38, 3), (6, 32), (32, 6), (7, 34), (34, 7), (8, 14), (14, 8), (9, 21), (21, 9), (10, 11), (11, 10), (10, 14), (14, 10), (10, 15), (15, 10), (10, 31), (31, 10), (13, 22), (22, 13), (13, 23), (23, 13), (14, 18), (18, 14), (14, 31), (31, 14), (14, 34), (34, 14), (15, 21), (21, 15), (15, 34), (34, 15), (17, 24), (24, 17), (17, 26), (26, 17), (17, 28), (28, 17), (18, 37), (37, 18), (19, 28), (28, 19), (20, 29), (29, 20), (23, 26), (26, 23), (26, 37), (37, 26), (26, 39), (39, 26), (29, 32), (32, 29), (29, 36), (36, 29), (32, 39), (39, 32), (33, 40), (40, 33), (34, 39), (39, 34), (35, 36), (36, 35)]
Z_dad = [10, 14, 26]
Y_dad = [15, 28, 29]
X_dad = [20, 21, 34]
Z_da-ad = [10, 29, 34]
Y_da-ad = [2, 14, 26]
X_da-ad = [23, 28, 39]
