no              #fail
5947.148        #totTm
5945.079        #lastADTm
12              #itDAD
1.000           #avItADGoal
2904            #itADOpt
30              #opt
30              #optDA-AD
12.21           #tmDA
0.0             #relGain

V = [1, 2, 3, 4, 5, 6, 7, 8, 9, 10, 11, 12, 13, 14, 15, 16, 17, 18, 19, 20, 21, 22, 23, 24, 25, 26, 27, 28, 29, 30, 31, 32, 33, 34, 35, 36, 37, 38, 39, 40]
A = [(2, 12), (12, 2), (2, 31), (31, 2), (3, 10), (10, 3), (3, 12), (12, 3), (4, 13), (13, 4), (4, 30), (30, 4), (4, 39), (39, 4), (5, 7), (7, 5), (5, 13), (13, 5), (5, 14), (14, 5), (5, 18), (18, 5), (5, 19), (19, 5), (5, 33), (33, 5), (5, 38), (38, 5), (6, 32), (32, 6), (7, 19), (19, 7), (8, 14), (14, 8), (9, 27), (27, 9), (9, 30), (30, 9), (11, 39), (39, 11), (13, 22), (22, 13), (13, 37), (37, 13), (14, 18), (18, 14), (14, 36), (36, 14), (15, 36), (36, 15), (17, 35), (35, 17), (18, 22), (22, 18), (18, 39), (39, 18), (18, 40), (40, 18), (19, 25), (25, 19), (19, 26), (26, 19), (20, 29), (29, 20), (23, 24), (24, 23), (24, 32), (32, 24), (25, 29), (29, 25), (26, 33), (33, 26), (28, 38), (38, 28), (30, 39), (39, 30), (39, 40), (40, 39)]
Z_dad = [4, 5, 18]
Y_dad = [12, 19, 30]
X_dad = [3, 25, 39]
Z_da-ad = [4, 5, 18]
Y_da-ad = [12, 19, 30]
X_da-ad = [3, 25, 39]
