no              #fail
2295.387        #totTm
2290.615        #lastADTm
12              #itDAD
1.000           #avItADGoal
1607            #itADOpt
28              #opt
27              #optDA-AD
8.912           #tmDA
3.6             #relGain

V = [1, 2, 3, 4, 5, 6, 7, 8, 9, 10, 11, 12, 13, 14, 15, 16, 17, 18, 19, 20, 21, 22, 23, 24, 25, 26, 27, 28, 29, 30, 31, 32, 33, 34, 35, 36, 37, 38, 39, 40]
A = [(2, 33), (33, 2), (2, 34), (34, 2), (3, 22), (22, 3), (3, 32), (32, 3), (4, 15), (15, 4), (4, 24), (24, 4), (4, 29), (29, 4), (5, 6), (6, 5), (5, 14), (14, 5), (6, 10), (10, 6), (6, 15), (15, 6), (6, 16), (16, 6), (8, 12), (12, 8), (8, 30), (30, 8), (8, 40), (40, 8), (9, 13), (13, 9), (9, 24), (24, 9), (11, 36), (36, 11), (11, 38), (38, 11), (12, 14), (14, 12), (12, 33), (33, 12), (15, 17), (17, 15), (15, 37), (37, 15), (18, 24), (24, 18), (19, 35), (35, 19), (20, 22), (22, 20), (20, 29), (29, 20), (20, 30), (30, 20), (23, 27), (27, 23), (25, 27), (27, 25), (25, 30), (30, 25), (25, 39), (39, 25), (26, 37), (37, 26), (27, 32), (32, 27), (28, 33), (33, 28), (29, 34), (34, 29), (29, 39), (39, 29), (36, 37), (37, 36), (37, 40), (40, 37)]
Z_dad = [12, 15, 29]
Y_dad = [6, 27, 37]
X_dad = [25, 32, 40]
Z_da-ad = [8, 15, 29]
Y_da-ad = [14, 25, 37]
X_da-ad = [12, 27, 30]
