no              #fail
2824.735        #totTm
2818.315        #lastADTm
18              #itDAD
1.000           #avItADGoal
1892            #itADOpt
28              #opt
28              #optDA-AD
5.862           #tmDA
0.0             #relGain

V = [1, 2, 3, 4, 5, 6, 7, 8, 9, 10, 11, 12, 13, 14, 15, 16, 17, 18, 19, 20, 21, 22, 23, 24, 25, 26, 27, 28, 29, 30, 31, 32, 33, 34, 35, 36, 37, 38, 39, 40]
A = [(1, 7), (7, 1), (1, 11), (11, 1), (1, 34), (34, 1), (3, 6), (6, 3), (3, 18), (18, 3), (3, 22), (22, 3), (5, 26), (26, 5), (6, 11), (11, 6), (7, 21), (21, 7), (7, 25), (25, 7), (7, 30), (30, 7), (8, 21), (21, 8), (9, 34), (34, 9), (10, 40), (40, 10), (11, 16), (16, 11), (12, 34), (34, 12), (13, 27), (27, 13), (13, 30), (30, 13), (13, 31), (31, 13), (13, 39), (39, 13), (15, 19), (19, 15), (16, 37), (37, 16), (18, 25), (25, 18), (18, 27), (27, 18), (19, 29), (29, 19), (20, 34), (34, 20), (21, 28), (28, 21), (21, 31), (31, 21), (22, 33), (33, 22), (22, 36), (36, 22), (23, 37), (37, 23), (24, 30), (30, 24), (24, 38), (38, 24), (25, 26), (26, 25), (25, 31), (31, 25), (30, 38), (38, 30), (35, 36), (36, 35), (36, 37), (37, 36), (37, 39), (39, 37)]
Z_dad = [7, 13, 25]
Y_dad = [3, 34, 37]
X_dad = [18, 22, 36]
Z_da-ad = [1, 3, 37]
Y_da-ad = [25, 30, 34]
X_da-ad = [13, 18, 21]
