no              #fail
2851.698        #totTm
2847.449        #lastADTm
13              #itDAD
1.000           #avItADGoal
2017            #itADOpt
28              #opt
28              #optDA-AD
6.243           #tmDA
0.0             #relGain

V = [1, 2, 3, 4, 5, 6, 7, 8, 9, 10, 11, 12, 13, 14, 15, 16, 17, 18, 19, 20, 21, 22, 23, 24, 25, 26, 27, 28, 29, 30, 31, 32, 33, 34, 35, 36, 37, 38, 39, 40]
A = [(1, 7), (7, 1), (1, 24), (24, 1), (1, 28), (28, 1), (1, 36), (36, 1), (1, 39), (39, 1), (2, 12), (12, 2), (2, 39), (39, 2), (5, 18), (18, 5), (5, 22), (22, 5), (6, 12), (12, 6), (7, 20), (20, 7), (8, 14), (14, 8), (8, 28), (28, 8), (8, 32), (32, 8), (8, 36), (36, 8), (11, 17), (17, 11), (13, 35), (35, 13), (14, 35), (35, 14), (14, 37), (37, 14), (15, 30), (30, 15), (15, 40), (40, 15), (16, 28), (28, 16), (16, 29), (29, 16), (16, 31), (31, 16), (16, 34), (34, 16), (18, 23), (23, 18), (18, 25), (25, 18), (20, 22), (22, 20), (20, 24), (24, 20), (21, 22), (22, 21), (21, 24), (24, 21), (22, 35), (35, 22), (23, 40), (40, 23), (28, 37), (37, 28), (28, 40), (40, 28), (31, 37), (37, 31), (33, 38), (38, 33), (33, 39), (39, 33), (34, 37), (37, 34)]
Z_dad = [1, 22, 40]
Y_dad = [20, 37, 39]
X_dad = [2, 14, 28]
Z_da-ad = [1, 22, 40]
Y_da-ad = [20, 37, 39]
X_da-ad = [2, 14, 28]
