no              #fail
2174.470        #totTm
2168.064        #lastADTm
16              #itDAD
1.000           #avItADGoal
1599            #itADOpt
26              #opt
25              #optDA-AD
10.78           #tmDA
3.8             #relGain

V = [1, 2, 3, 4, 5, 6, 7, 8, 9, 10, 11, 12, 13, 14, 15, 16, 17, 18, 19, 20, 21, 22, 23, 24, 25, 26, 27, 28, 29, 30, 31, 32, 33, 34, 35, 36, 37, 38, 39, 40]
A = [(2, 31), (31, 2), (2, 32), (32, 2), (2, 34), (34, 2), (3, 11), (11, 3), (3, 25), (25, 3), (3, 39), (39, 3), (4, 27), (27, 4), (5, 16), (16, 5), (5, 19), (19, 5), (5, 30), (30, 5), (7, 9), (9, 7), (7, 27), (27, 7), (7, 38), (38, 7), (8, 14), (14, 8), (8, 17), (17, 8), (9, 30), (30, 9), (9, 31), (31, 9), (10, 16), (16, 10), (10, 20), (20, 10), (10, 23), (23, 10), (11, 39), (39, 11), (11, 40), (40, 11), (13, 16), (16, 13), (13, 27), (27, 13), (14, 28), (28, 14), (15, 18), (18, 15), (16, 39), (39, 16), (17, 22), (22, 17), (17, 32), (32, 17), (18, 28), (28, 18), (19, 23), (23, 19), (19, 24), (24, 19), (21, 22), (22, 21), (22, 27), (27, 22), (24, 28), (28, 24), (28, 31), (31, 28), (29, 39), (39, 29), (31, 37), (37, 31), (34, 35), (35, 34)]
Z_dad = [16, 22, 28]
Y_dad = [2, 19, 39]
X_dad = [5, 31, 32]
Z_da-ad = [9, 27, 28]
Y_da-ad = [2, 19, 39]
X_da-ad = [16, 23, 32]
