no              #fail
2750.144        #totTm
2747.548        #lastADTm
9               #itDAD
1.000           #avItADGoal
1835            #itADOpt
29              #opt
29              #optDA-AD
10.09           #tmDA
0.0             #relGain

V = [1, 2, 3, 4, 5, 6, 7, 8, 9, 10, 11, 12, 13, 14, 15, 16, 17, 18, 19, 20, 21, 22, 23, 24, 25, 26, 27, 28, 29, 30, 31, 32, 33, 34, 35, 36, 37, 38, 39, 40]
A = [(1, 19), (19, 1), (1, 38), (38, 1), (2, 37), (37, 2), (3, 21), (21, 3), (4, 39), (39, 4), (5, 33), (33, 5), (6, 9), (9, 6), (6, 16), (16, 6), (7, 8), (8, 7), (7, 28), (28, 7), (7, 30), (30, 7), (8, 13), (13, 8), (8, 30), (30, 8), (8, 35), (35, 8), (9, 17), (17, 9), (9, 33), (33, 9), (10, 22), (22, 10), (10, 29), (29, 10), (11, 12), (12, 11), (11, 28), (28, 11), (12, 32), (32, 12), (12, 36), (36, 12), (14, 24), (24, 14), (15, 34), (34, 15), (17, 37), (37, 17), (19, 24), (24, 19), (20, 22), (22, 20), (20, 34), (34, 20), (21, 39), (39, 21), (22, 30), (30, 22), (26, 29), (29, 26), (26, 33), (33, 26), (26, 40), (40, 26), (28, 32), (32, 28), (28, 38), (38, 28), (29, 35), (35, 29), (29, 36), (36, 29), (30, 38), (38, 30), (31, 32), (32, 31)]
Z_dad = [28, 29, 30]
Y_dad = [9, 12, 19]
X_dad = [17, 24, 33]
Z_da-ad = [28, 29, 30]
Y_da-ad = [9, 12, 20]
X_da-ad = [17, 22, 33]
