no              #fail
3490.547        #totTm
3486.924        #lastADTm
17              #itDAD
1.000           #avItADGoal
2297            #itADOpt
28              #opt
26              #optDA-AD
18.38           #tmDA
7.1             #relGain

V = [1, 2, 3, 4, 5, 6, 7, 8, 9, 10, 11, 12, 13, 14, 15, 16, 17, 18, 19, 20, 21, 22, 23, 24, 25, 26, 27, 28, 29, 30, 31, 32, 33, 34, 35, 36, 37, 38, 39, 40]
A = [(1, 5), (5, 1), (1, 35), (35, 1), (1, 37), (37, 1), (2, 19), (19, 2), (3, 23), (23, 3), (4, 16), (16, 4), (4, 23), (23, 4), (4, 37), (37, 4), (5, 8), (8, 5), (5, 37), (37, 5), (6, 9), (9, 6), (6, 11), (11, 6), (6, 21), (21, 6), (6, 36), (36, 6), (6, 40), (40, 6), (9, 31), (31, 9), (10, 23), (23, 10), (11, 17), (17, 11), (11, 33), (33, 11), (11, 40), (40, 11), (12, 29), (29, 12), (12, 39), (39, 12), (13, 23), (23, 13), (13, 25), (25, 13), (13, 32), (32, 13), (15, 30), (30, 15), (17, 19), (19, 17), (18, 34), (34, 18), (19, 27), (27, 19), (21, 23), (23, 21), (22, 39), (39, 22), (24, 27), (27, 24), (25, 28), (28, 25), (25, 36), (36, 25), (26, 34), (34, 26), (28, 34), (34, 28), (30, 34), (34, 30), (31, 34), (34, 31), (36, 37), (37, 36)]
Z_dad = [6, 34, 37]
Y_dad = [1, 19, 23]
X_dad = [5, 13, 17]
Z_da-ad = [4, 6, 25]
Y_da-ad = [5, 19, 34]
X_da-ad = [1, 17, 37]
