no              #fail
1.445           #totTm
0.166           #lastADTm
5               #itDAD
1.500           #avItADGoal
5               #itADOpt
5               #opt
3               #optDA-AD
0.194           #tmDA
40.0            #relGain

V = [1, 2, 3, 4, 5, 6, 7, 8, 9, 10, 11, 12, 13, 14, 15, 16, 17, 18, 19, 20, 21, 22, 23, 24, 25, 26, 27, 28, 29, 30, 31, 32, 33, 34, 35, 36, 37, 38, 39, 40]
A = [(1, 12), (12, 1), (1, 13), (13, 1), (1, 32), (32, 1), (2, 20), (20, 2), (2, 31), (31, 2), (2, 32), (32, 2), (2, 36), (36, 2), (3, 4), (4, 3), (3, 6), (6, 3), (3, 7), (7, 3), (3, 21), (21, 3), (3, 26), (26, 3), (3, 27), (27, 3), (4, 6), (6, 4), (4, 14), (14, 4), (4, 15), (15, 4), (4, 18), (18, 4), (4, 26), (26, 4), (4, 29), (29, 4), (5, 8), (8, 5), (5, 11), (11, 5), (5, 23), (23, 5), (6, 11), (11, 6), (6, 19), (19, 6), (6, 25), (25, 6), (6, 29), (29, 6), (6, 32), (32, 6), (7, 27), (27, 7), (7, 38), (38, 7), (8, 9), (9, 8), (8, 15), (15, 8), (8, 22), (22, 8), (8, 24), (24, 8), (8, 25), (25, 8), (8, 36), (36, 8), (9, 32), (32, 9), (9, 33), (33, 9), (9, 40), (40, 9), (10, 11), (11, 10), (10, 21), (21, 10), (10, 23), (23, 10), (10, 35), (35, 10), (10, 40), (40, 10), (11, 19), (19, 11), (12, 15), (15, 12), (12, 19), (19, 12), (12, 20), (20, 12), (12, 27), (27, 12), (13, 14), (14, 13), (13, 20), (20, 13), (13, 29), (29, 13), (13, 37), (37, 13), (13, 39), (39, 13), (14, 24), (24, 14), (14, 31), (31, 14), (14, 33), (33, 14), (15, 18), (18, 15), (15, 24), (24, 15), (15, 26), (26, 15), (15, 40), (40, 15), (16, 23), (23, 16), (16, 36), (36, 16), (18, 26), (26, 18), (18, 28), (28, 18), (18, 37), (37, 18), (19, 20), (20, 19), (19, 23), (23, 19), (19, 30), (30, 19), (19, 33), (33, 19), (20, 23), (23, 20), (20, 28), (28, 20), (20, 40), (40, 20), (21, 25), (25, 21), (21, 29), (29, 21), (21, 32), (32, 21), (22, 40), (40, 22), (23, 26), (26, 23), (23, 38), (38, 23), (24, 38), (38, 24), (26, 33), (33, 26), (28, 40), (40, 28), (30, 32), (32, 30), (34, 35), (35, 34), (34, 39), (39, 34), (37, 38), (38, 37)]
Z_dad = [10]
Y_dad = [13]
X_dad = [39]
Z_da-ad = [1]
Y_da-ad = [23]
X_da-ad = [5]
