no              #fail
1.723           #totTm
0.116           #lastADTm
5               #itDAD
1.500           #avItADGoal
4               #itADOpt
3               #opt
3               #optDA-AD
0.190           #tmDA
0.0             #relGain

V = [1, 2, 3, 4, 5, 6, 7, 8, 9, 10, 11, 12, 13, 14, 15, 16, 17, 18, 19, 20, 21, 22, 23, 24, 25, 26, 27, 28, 29, 30, 31, 32, 33, 34, 35, 36, 37, 38, 39, 40]
A = [(1, 2), (2, 1), (1, 8), (8, 1), (1, 11), (11, 1), (1, 18), (18, 1), (1, 19), (19, 1), (2, 8), (8, 2), (2, 13), (13, 2), (2, 18), (18, 2), (2, 32), (32, 2), (3, 15), (15, 3), (3, 16), (16, 3), (3, 23), (23, 3), (3, 27), (27, 3), (3, 28), (28, 3), (4, 5), (5, 4), (4, 17), (17, 4), (4, 30), (30, 4), (4, 31), (31, 4), (4, 39), (39, 4), (5, 27), (27, 5), (5, 34), (34, 5), (6, 28), (28, 6), (7, 9), (9, 7), (7, 23), (23, 7), (7, 28), (28, 7), (7, 29), (29, 7), (8, 14), (14, 8), (8, 19), (19, 8), (8, 22), (22, 8), (9, 13), (13, 9), (9, 17), (17, 9), (9, 22), (22, 9), (9, 27), (27, 9), (9, 32), (32, 9), (10, 15), (15, 10), (10, 30), (30, 10), (10, 34), (34, 10), (11, 15), (15, 11), (11, 29), (29, 11), (11, 35), (35, 11), (12, 18), (18, 12), (12, 31), (31, 12), (12, 40), (40, 12), (13, 30), (30, 13), (13, 34), (34, 13), (14, 15), (15, 14), (14, 19), (19, 14), (14, 27), (27, 14), (14, 35), (35, 14), (14, 38), (38, 14), (15, 30), (30, 15), (15, 36), (36, 15), (16, 20), (20, 16), (16, 28), (28, 16), (16, 34), (34, 16), (17, 24), (24, 17), (17, 31), (31, 17), (18, 33), (33, 18), (18, 37), (37, 18), (19, 20), (20, 19), (20, 21), (21, 20), (20, 29), (29, 20), (21, 27), (27, 21), (21, 34), (34, 21), (21, 37), (37, 21), (21, 40), (40, 21), (22, 24), (24, 22), (22, 38), (38, 22), (22, 39), (39, 22), (23, 32), (32, 23), (24, 28), (28, 24), (24, 36), (36, 24), (24, 39), (39, 24), (25, 26), (26, 25), (25, 37), (37, 25), (26, 38), (38, 26), (26, 39), (39, 26), (27, 35), (35, 27), (30, 38), (38, 30), (31, 34), (34, 31), (31, 35), (35, 31), (34, 37), (37, 34), (35, 38), (38, 35), (37, 40), (40, 37), (38, 40), (40, 38)]
Z_dad = [28]
Y_dad = [18]
X_dad = [1]
Z_da-ad = [18]
Y_da-ad = [28]
X_da-ad = [3]
