no              #fail
2.211           #totTm
0.132           #lastADTm
6               #itDAD
1.600           #avItADGoal
5               #itADOpt
4               #opt
4               #optDA-AD
0.183           #tmDA
0.0             #relGain

V = [1, 2, 3, 4, 5, 6, 7, 8, 9, 10, 11, 12, 13, 14, 15, 16, 17, 18, 19, 20, 21, 22, 23, 24, 25, 26, 27, 28, 29, 30, 31, 32, 33, 34, 35, 36, 37, 38, 39, 40]
A = [(1, 6), (6, 1), (1, 11), (11, 1), (1, 15), (15, 1), (1, 34), (34, 1), (1, 37), (37, 1), (2, 3), (3, 2), (2, 4), (4, 2), (2, 32), (32, 2), (2, 36), (36, 2), (2, 40), (40, 2), (3, 26), (26, 3), (3, 29), (29, 3), (3, 30), (30, 3), (3, 32), (32, 3), (3, 40), (40, 3), (4, 12), (12, 4), (4, 14), (14, 4), (4, 21), (21, 4), (4, 31), (31, 4), (4, 32), (32, 4), (4, 37), (37, 4), (4, 38), (38, 4), (5, 12), (12, 5), (5, 17), (17, 5), (5, 26), (26, 5), (6, 11), (11, 6), (6, 30), (30, 6), (6, 36), (36, 6), (6, 37), (37, 6), (7, 12), (12, 7), (7, 15), (15, 7), (7, 20), (20, 7), (7, 36), (36, 7), (8, 16), (16, 8), (8, 27), (27, 8), (8, 36), (36, 8), (9, 13), (13, 9), (9, 25), (25, 9), (9, 30), (30, 9), (9, 31), (31, 9), (9, 35), (35, 9), (9, 37), (37, 9), (10, 16), (16, 10), (10, 20), (20, 10), (10, 23), (23, 10), (10, 30), (30, 10), (10, 36), (36, 10), (11, 23), (23, 11), (11, 39), (39, 11), (12, 15), (15, 12), (12, 30), (30, 12), (13, 16), (16, 13), (13, 23), (23, 13), (13, 38), (38, 13), (13, 40), (40, 13), (14, 28), (28, 14), (15, 17), (17, 15), (15, 21), (21, 15), (15, 37), (37, 15), (15, 38), (38, 15), (16, 27), (27, 16), (16, 32), (32, 16), (16, 38), (38, 16), (16, 39), (39, 16), (17, 34), (34, 17), (17, 36), (36, 17), (18, 25), (25, 18), (18, 34), (34, 18), (19, 30), (30, 19), (19, 40), (40, 19), (20, 22), (22, 20), (20, 39), (39, 20), (21, 33), (33, 21), (22, 23), (23, 22), (22, 31), (31, 22), (23, 32), (32, 23), (24, 29), (29, 24), (26, 39), (39, 26), (27, 33), (33, 27), (28, 29), (29, 28), (29, 33), (33, 29), (29, 37), (37, 29), (29, 39), (39, 29), (30, 31), (31, 30), (33, 39), (39, 33)]
Z_dad = [9]
Y_dad = [34]
X_dad = [18]
Z_da-ad = [9]
Y_da-ad = [34]
X_da-ad = [18]
