no              #fail
3.444           #totTm
0.102           #lastADTm
8               #itDAD
1.714           #avItADGoal
4               #itADOpt
4               #opt
4               #optDA-AD
0.198           #tmDA
0.0             #relGain

V = [1, 2, 3, 4, 5, 6, 7, 8, 9, 10, 11, 12, 13, 14, 15, 16, 17, 18, 19, 20, 21, 22, 23, 24, 25, 26, 27, 28, 29, 30, 31, 32, 33, 34, 35, 36, 37, 38, 39, 40]
A = [(1, 18), (18, 1), (1, 28), (28, 1), (1, 33), (33, 1), (2, 4), (4, 2), (2, 8), (8, 2), (2, 28), (28, 2), (2, 32), (32, 2), (2, 37), (37, 2), (2, 40), (40, 2), (3, 7), (7, 3), (3, 26), (26, 3), (3, 30), (30, 3), (4, 9), (9, 4), (4, 11), (11, 4), (4, 14), (14, 4), (4, 15), (15, 4), (4, 24), (24, 4), (4, 35), (35, 4), (5, 28), (28, 5), (5, 32), (32, 5), (5, 40), (40, 5), (6, 37), (37, 6), (7, 22), (22, 7), (7, 26), (26, 7), (7, 34), (34, 7), (7, 36), (36, 7), (7, 39), (39, 7), (8, 25), (25, 8), (8, 29), (29, 8), (8, 35), (35, 8), (9, 25), (25, 9), (9, 28), (28, 9), (10, 13), (13, 10), (10, 19), (19, 10), (10, 21), (21, 10), (10, 26), (26, 10), (10, 34), (34, 10), (11, 26), (26, 11), (11, 39), (39, 11), (11, 40), (40, 11), (12, 27), (27, 12), (12, 35), (35, 12), (13, 18), (18, 13), (13, 36), (36, 13), (13, 40), (40, 13), (14, 16), (16, 14), (14, 18), (18, 14), (14, 24), (24, 14), (14, 29), (29, 14), (14, 35), (35, 14), (14, 36), (36, 14), (15, 18), (18, 15), (15, 20), (20, 15), (15, 21), (21, 15), (15, 27), (27, 15), (16, 23), (23, 16), (16, 35), (35, 16), (16, 40), (40, 16), (17, 24), (24, 17), (17, 39), (39, 17), (18, 35), (35, 18), (18, 39), (39, 18), (19, 22), (22, 19), (19, 24), (24, 19), (19, 35), (35, 19), (20, 27), (27, 20), (20, 29), (29, 20), (21, 27), (27, 21), (21, 30), (30, 21), (22, 35), (35, 22), (23, 32), (32, 23), (24, 35), (35, 24), (26, 29), (29, 26), (27, 35), (35, 27), (28, 33), (33, 28), (28, 35), (35, 28), (29, 36), (36, 29), (29, 40), (40, 29), (30, 31), (31, 30), (30, 32), (32, 30), (30, 40), (40, 30), (34, 36), (36, 34), (35, 37), (37, 35), (35, 40), (40, 35), (39, 40), (40, 39)]
Z_dad = [18]
Y_dad = [28]
X_dad = [30]
Z_da-ad = [37]
Y_da-ad = [30]
X_da-ad = [3]
