no              #fail
3.353           #totTm
0.130           #lastADTm
7               #itDAD
1.667           #avItADGoal
4               #itADOpt
3               #opt
3               #optDA-AD
0.186           #tmDA
0.0             #relGain

V = [1, 2, 3, 4, 5, 6, 7, 8, 9, 10, 11, 12, 13, 14, 15, 16, 17, 18, 19, 20, 21, 22, 23, 24, 25, 26, 27, 28, 29, 30, 31, 32, 33, 34, 35, 36, 37, 38, 39, 40]
A = [(1, 14), (14, 1), (1, 29), (29, 1), (1, 36), (36, 1), (1, 40), (40, 1), (2, 3), (3, 2), (2, 4), (4, 2), (2, 28), (28, 2), (2, 40), (40, 2), (3, 14), (14, 3), (3, 27), (27, 3), (4, 15), (15, 4), (4, 28), (28, 4), (4, 38), (38, 4), (4, 39), (39, 4), (5, 7), (7, 5), (5, 11), (11, 5), (5, 34), (34, 5), (5, 35), (35, 5), (6, 39), (39, 6), (7, 17), (17, 7), (7, 20), (20, 7), (7, 24), (24, 7), (8, 13), (13, 8), (8, 15), (15, 8), (8, 19), (19, 8), (8, 20), (20, 8), (8, 39), (39, 8), (9, 14), (14, 9), (9, 16), (16, 9), (9, 17), (17, 9), (9, 26), (26, 9), (9, 39), (39, 9), (10, 14), (14, 10), (10, 17), (17, 10), (10, 19), (19, 10), (10, 23), (23, 10), (10, 25), (25, 10), (10, 34), (34, 10), (11, 13), (13, 11), (11, 16), (16, 11), (12, 14), (14, 12), (12, 16), (16, 12), (12, 27), (27, 12), (12, 33), (33, 12), (13, 19), (19, 13), (13, 21), (21, 13), (13, 40), (40, 13), (14, 40), (40, 14), (15, 19), (19, 15), (15, 24), (24, 15), (15, 27), (27, 15), (16, 20), (20, 16), (16, 21), (21, 16), (16, 24), (24, 16), (16, 37), (37, 16), (17, 20), (20, 17), (17, 21), (21, 17), (17, 25), (25, 17), (17, 27), (27, 17), (18, 22), (22, 18), (18, 24), (24, 18), (18, 28), (28, 18), (18, 29), (29, 18), (19, 31), (31, 19), (19, 32), (32, 19), (20, 23), (23, 20), (20, 32), (32, 20), (20, 37), (37, 20), (20, 39), (39, 20), (21, 24), (24, 21), (23, 25), (25, 23), (23, 31), (31, 23), (23, 33), (33, 23), (24, 31), (31, 24), (26, 33), (33, 26), (29, 40), (40, 29), (30, 35), (35, 30), (30, 40), (40, 30), (31, 33), (33, 31), (31, 38), (38, 31), (32, 38), (38, 32), (32, 39), (39, 32), (33, 36), (36, 33), (36, 39), (39, 36), (37, 38), (38, 37)]
Z_dad = [18]
Y_dad = [39]
X_dad = [4]
Z_da-ad = [18]
Y_da-ad = [39]
X_da-ad = [4]
