no              #fail
1.305           #totTm
0.098           #lastADTm
5               #itDAD
1.500           #avItADGoal
4               #itADOpt
4               #opt
4               #optDA-AD
0.181           #tmDA
0.0             #relGain

V = [1, 2, 3, 4, 5, 6, 7, 8, 9, 10, 11, 12, 13, 14, 15, 16, 17, 18, 19, 20, 21, 22, 23, 24, 25, 26, 27, 28, 29, 30, 31, 32, 33, 34, 35, 36, 37, 38, 39, 40]
A = [(1, 3), (3, 1), (1, 6), (6, 1), (1, 9), (9, 1), (1, 16), (16, 1), (1, 18), (18, 1), (1, 20), (20, 1), (1, 23), (23, 1), (1, 27), (27, 1), (1, 30), (30, 1), (2, 23), (23, 2), (3, 7), (7, 3), (3, 19), (19, 3), (3, 39), (39, 3), (3, 40), (40, 3), (4, 8), (8, 4), (4, 9), (9, 4), (4, 24), (24, 4), (4, 26), (26, 4), (4, 27), (27, 4), (4, 37), (37, 4), (4, 39), (39, 4), (5, 24), (24, 5), (5, 36), (36, 5), (5, 39), (39, 5), (6, 7), (7, 6), (6, 10), (10, 6), (6, 11), (11, 6), (6, 13), (13, 6), (6, 15), (15, 6), (6, 16), (16, 6), (6, 25), (25, 6), (6, 26), (26, 6), (6, 34), (34, 6), (7, 33), (33, 7), (8, 30), (30, 8), (8, 32), (32, 8), (8, 40), (40, 8), (9, 12), (12, 9), (9, 13), (13, 9), (9, 14), (14, 9), (9, 28), (28, 9), (9, 38), (38, 9), (10, 22), (22, 10), (10, 24), (24, 10), (11, 32), (32, 11), (12, 17), (17, 12), (12, 39), (39, 12), (13, 32), (32, 13), (14, 16), (16, 14), (14, 20), (20, 14), (14, 27), (27, 14), (14, 30), (30, 14), (14, 40), (40, 14), (15, 22), (22, 15), (15, 28), (28, 15), (15, 30), (30, 15), (16, 35), (35, 16), (16, 40), (40, 16), (17, 28), (28, 17), (17, 30), (30, 17), (17, 36), (36, 17), (18, 24), (24, 18), (19, 33), (33, 19), (19, 35), (35, 19), (19, 36), (36, 19), (20, 24), (24, 20), (20, 38), (38, 20), (21, 33), (33, 21), (22, 29), (29, 22), (22, 31), (31, 22), (23, 25), (25, 23), (23, 28), (28, 23), (24, 27), (27, 24), (24, 34), (34, 24), (25, 31), (31, 25), (25, 39), (39, 25), (27, 29), (29, 27), (27, 30), (30, 27), (27, 39), (39, 27), (28, 30), (30, 28), (30, 36), (36, 30), (30, 40), (40, 30), (32, 40), (40, 32), (34, 40), (40, 34), (35, 40), (40, 35)]
Z_dad = [4]
Y_dad = [6]
X_dad = [23]
Z_da-ad = [33]
Y_da-ad = [6]
X_da-ad = [4]
