no              #fail
0.471           #totTm
0.119           #lastADTm
3               #itDAD
1.000           #avItADGoal
4               #itADOpt
4               #opt
4               #optDA-AD
0.184           #tmDA
0.0             #relGain

V = [1, 2, 3, 4, 5, 6, 7, 8, 9, 10, 11, 12, 13, 14, 15, 16, 17, 18, 19, 20, 21, 22, 23, 24, 25, 26, 27, 28, 29, 30, 31, 32, 33, 34, 35, 36, 37, 38, 39, 40]
A = [(1, 33), (33, 1), (1, 38), (38, 1), (2, 10), (10, 2), (2, 14), (14, 2), (2, 20), (20, 2), (2, 22), (22, 2), (2, 32), (32, 2), (2, 38), (38, 2), (3, 8), (8, 3), (3, 12), (12, 3), (3, 19), (19, 3), (3, 32), (32, 3), (3, 36), (36, 3), (3, 39), (39, 3), (4, 22), (22, 4), (5, 7), (7, 5), (5, 13), (13, 5), (5, 16), (16, 5), (5, 18), (18, 5), (5, 21), (21, 5), (5, 34), (34, 5), (6, 8), (8, 6), (6, 21), (21, 6), (6, 27), (27, 6), (6, 38), (38, 6), (6, 40), (40, 6), (7, 11), (11, 7), (7, 17), (17, 7), (7, 21), (21, 7), (7, 35), (35, 7), (7, 38), (38, 7), (8, 22), (22, 8), (8, 31), (31, 8), (8, 39), (39, 8), (9, 10), (10, 9), (9, 12), (12, 9), (9, 21), (21, 9), (9, 28), (28, 9), (9, 33), (33, 9), (9, 34), (34, 9), (10, 16), (16, 10), (10, 26), (26, 10), (11, 21), (21, 11), (11, 26), (26, 11), (11, 36), (36, 11), (12, 24), (24, 12), (12, 35), (35, 12), (13, 19), (19, 13), (14, 21), (21, 14), (15, 23), (23, 15), (15, 25), (25, 15), (16, 24), (24, 16), (16, 27), (27, 16), (16, 32), (32, 16), (16, 35), (35, 16), (16, 36), (36, 16), (17, 19), (19, 17), (17, 29), (29, 17), (17, 33), (33, 17), (18, 27), (27, 18), (19, 30), (30, 19), (20, 22), (22, 20), (20, 23), (23, 20), (20, 26), (26, 20), (20, 34), (34, 20), (20, 37), (37, 20), (22, 23), (23, 22), (23, 38), (38, 23), (24, 25), (25, 24), (24, 32), (32, 24), (24, 39), (39, 24), (25, 33), (33, 25), (25, 36), (36, 25), (26, 36), (36, 26), (27, 31), (31, 27), (27, 33), (33, 27), (29, 40), (40, 29), (31, 35), (35, 31), (31, 39), (39, 31), (32, 36), (36, 32), (32, 38), (38, 32), (33, 39), (39, 33), (34, 37), (37, 34), (37, 38), (38, 37), (39, 40), (40, 39)]
Z_dad = [19]
Y_dad = [38]
X_dad = [22]
Z_da-ad = [19]
Y_da-ad = [38]
X_da-ad = [22]
