no              #fail
0.907           #totTm
0.096           #lastADTm
4               #itDAD
1.333           #avItADGoal
4               #itADOpt
3               #opt
3               #optDA-AD
0.189           #tmDA
0.0             #relGain

V = [1, 2, 3, 4, 5, 6, 7, 8, 9, 10, 11, 12, 13, 14, 15, 16, 17, 18, 19, 20, 21, 22, 23, 24, 25, 26, 27, 28, 29, 30, 31, 32, 33, 34, 35, 36, 37, 38, 39, 40]
A = [(1, 3), (3, 1), (1, 7), (7, 1), (1, 10), (10, 1), (1, 26), (26, 1), (1, 36), (36, 1), (2, 13), (13, 2), (2, 24), (24, 2), (3, 16), (16, 3), (3, 32), (32, 3), (3, 33), (33, 3), (3, 39), (39, 3), (4, 16), (16, 4), (4, 18), (18, 4), (4, 25), (25, 4), (5, 14), (14, 5), (5, 36), (36, 5), (5, 39), (39, 5), (6, 16), (16, 6), (6, 23), (23, 6), (6, 29), (29, 6), (6, 34), (34, 6), (6, 35), (35, 6), (6, 37), (37, 6), (7, 11), (11, 7), (7, 17), (17, 7), (7, 31), (31, 7), (8, 10), (10, 8), (8, 33), (33, 8), (9, 17), (17, 9), (9, 29), (29, 9), (9, 34), (34, 9), (10, 20), (20, 10), (10, 25), (25, 10), (10, 30), (30, 10), (10, 39), (39, 10), (11, 14), (14, 11), (11, 18), (18, 11), (11, 29), (29, 11), (11, 34), (34, 11), (12, 13), (13, 12), (12, 24), (24, 12), (12, 34), (34, 12), (13, 32), (32, 13), (13, 37), (37, 13), (14, 15), (15, 14), (14, 23), (23, 14), (14, 25), (25, 14), (14, 28), (28, 14), (15, 38), (38, 15), (16, 21), (21, 16), (16, 33), (33, 16), (16, 34), (34, 16), (17, 24), (24, 17), (17, 29), (29, 17), (17, 33), (33, 17), (18, 37), (37, 18), (19, 24), (24, 19), (19, 27), (27, 19), (20, 30), (30, 20), (21, 24), (24, 21), (21, 31), (31, 21), (21, 39), (39, 21), (22, 24), (24, 22), (22, 30), (30, 22), (22, 33), (33, 22), (22, 34), (34, 22), (22, 36), (36, 22), (23, 30), (30, 23), (24, 36), (36, 24), (25, 39), (39, 25), (27, 28), (28, 27), (27, 31), (31, 27), (27, 37), (37, 27), (27, 38), (38, 27), (27, 39), (39, 27), (28, 33), (33, 28), (28, 35), (35, 28), (30, 33), (33, 30), (31, 34), (34, 31), (31, 38), (38, 31), (31, 40), (40, 31), (32, 37), (37, 32), (34, 36), (36, 34), (34, 38), (38, 34), (38, 40), (40, 38)]
Z_dad = [1]
Y_dad = [34]
X_dad = [6]
Z_da-ad = [1]
Y_da-ad = [34]
X_da-ad = [6]
