no              #fail
2.097           #totTm
0.115           #lastADTm
6               #itDAD
1.600           #avItADGoal
4               #itADOpt
4               #opt
4               #optDA-AD
0.187           #tmDA
0.0             #relGain

V = [1, 2, 3, 4, 5, 6, 7, 8, 9, 10, 11, 12, 13, 14, 15, 16, 17, 18, 19, 20, 21, 22, 23, 24, 25, 26, 27, 28, 29, 30, 31, 32, 33, 34, 35, 36, 37, 38, 39, 40]
A = [(1, 3), (3, 1), (1, 4), (4, 1), (1, 10), (10, 1), (1, 19), (19, 1), (1, 28), (28, 1), (1, 33), (33, 1), (2, 24), (24, 2), (2, 37), (37, 2), (3, 6), (6, 3), (3, 24), (24, 3), (3, 33), (33, 3), (3, 34), (34, 3), (4, 10), (10, 4), (4, 11), (11, 4), (4, 16), (16, 4), (4, 35), (35, 4), (4, 39), (39, 4), (5, 14), (14, 5), (5, 19), (19, 5), (5, 25), (25, 5), (5, 40), (40, 5), (6, 13), (13, 6), (6, 14), (14, 6), (6, 35), (35, 6), (7, 18), (18, 7), (7, 24), (24, 7), (7, 40), (40, 7), (8, 17), (17, 8), (8, 23), (23, 8), (8, 32), (32, 8), (9, 29), (29, 9), (10, 26), (26, 10), (10, 27), (27, 10), (10, 33), (33, 10), (10, 35), (35, 10), (11, 16), (16, 11), (11, 19), (19, 11), (11, 22), (22, 11), (11, 26), (26, 11), (11, 32), (32, 11), (12, 17), (17, 12), (12, 36), (36, 12), (12, 39), (39, 12), (13, 20), (20, 13), (13, 30), (30, 13), (13, 37), (37, 13), (14, 20), (20, 14), (14, 30), (30, 14), (14, 31), (31, 14), (14, 37), (37, 14), (14, 38), (38, 14), (15, 17), (17, 15), (15, 23), (23, 15), (15, 24), (24, 15), (15, 28), (28, 15), (15, 31), (31, 15), (16, 24), (24, 16), (16, 37), (37, 16), (17, 34), (34, 17), (17, 36), (36, 17), (19, 21), (21, 19), (19, 36), (36, 19), (20, 32), (32, 20), (20, 34), (34, 20), (20, 38), (38, 20), (20, 40), (40, 20), (21, 36), (36, 21), (21, 37), (37, 21), (22, 28), (28, 22), (22, 32), (32, 22), (22, 39), (39, 22), (23, 26), (26, 23), (23, 29), (29, 23), (23, 37), (37, 23), (24, 29), (29, 24), (25, 31), (31, 25), (25, 34), (34, 25), (25, 38), (38, 25), (27, 29), (29, 27), (28, 32), (32, 28), (28, 38), (38, 28), (29, 34), (34, 29), (34, 35), (35, 34), (36, 38), (38, 36), (37, 38), (38, 37)]
Z_dad = [29]
Y_dad = [37]
X_dad = [10]
Z_da-ad = [29]
Y_da-ad = [37]
X_da-ad = [10]
