no              #fail
4098.871        #totTm
24.965          #lastADTm
7               #itDAD
4.167           #avItADGoal
15              #itADOpt
6               #opt
5               #optDA-AD
0.846           #tmDA
16.7            #relGain

V = [1, 2, 3, 4, 5, 6, 7, 8, 9, 10, 11, 12, 13, 14, 15, 16, 17, 18, 19, 20, 21, 22, 23, 24, 25, 26, 27, 28, 29, 30, 31, 32, 33, 34, 35, 36, 37, 38, 39, 40, 41, 42, 43, 44, 45, 46, 47, 48, 49, 50, 51, 52, 53, 54, 55, 56, 57, 58, 59, 60, 61, 62, 63, 64, 65, 66, 67, 68, 69, 70, 71, 72, 73, 74, 75, 76, 77, 78, 79, 80, 81, 82, 83, 84, 85, 86, 87, 88, 89, 90, 91, 92, 93, 94, 95, 96, 97, 98, 99, 100]
A = [(1, 4), (4, 1), (1, 15), (15, 1), (1, 26), (26, 1), (1, 48), (48, 1), (1, 55), (55, 1), (1, 60), (60, 1), (2, 3), (3, 2), (2, 46), (46, 2), (2, 52), (52, 2), (2, 55), (55, 2), (2, 71), (71, 2), (2, 83), (83, 2), (2, 93), (93, 2), (3, 28), (28, 3), (3, 36), (36, 3), (3, 49), (49, 3), (3, 83), (83, 3), (4, 7), (7, 4), (4, 21), (21, 4), (4, 24), (24, 4), (4, 45), (45, 4), (4, 62), (62, 4), (4, 66), (66, 4), (4, 77), (77, 4), (5, 10), (10, 5), (5, 48), (48, 5), (5, 50), (50, 5), (5, 55), (55, 5), (5, 59), (59, 5), (5, 71), (71, 5), (5, 78), (78, 5), (5, 79), (79, 5), (5, 85), (85, 5), (6, 31), (31, 6), (6, 36), (36, 6), (7, 9), (9, 7), (7, 34), (34, 7), (7, 46), (46, 7), (7, 48), (48, 7), (7, 100), (100, 7), (8, 18), (18, 8), (8, 29), (29, 8), (8, 50), (50, 8), (8, 66), (66, 8), (8, 90), (90, 8), (8, 91), (91, 8), (9, 24), (24, 9), (9, 56), (56, 9), (9, 68), (68, 9), (9, 75), (75, 9), (9, 89), (89, 9), (10, 12), (12, 10), (10, 22), (22, 10), (10, 94), (94, 10), (11, 57), (57, 11), (11, 66), (66, 11), (12, 34), (34, 12), (12, 74), (74, 12), (13, 20), (20, 13), (13, 45), (45, 13), (13, 49), (49, 13), (13, 51), (51, 13), (13, 77), (77, 13), (13, 81), (81, 13), (13, 93), (93, 13), (14, 18), (18, 14), (14, 75), (75, 14), (14, 99), (99, 14), (15, 20), (20, 15), (15, 26), (26, 15), (15, 54), (54, 15), (15, 61), (61, 15), (15, 79), (79, 15), (15, 89), (89, 15), (16, 47), (47, 16), (16, 49), (49, 16), (16, 65), (65, 16), (16, 99), (99, 16), (17, 24), (24, 17), (17, 41), (41, 17), (17, 82), (82, 17), (18, 47), (47, 18), (19, 44), (44, 19), (19, 53), (53, 19), (21, 27), (27, 21), (21, 39), (39, 21), (21, 78), (78, 21), (21, 95), (95, 21), (22, 32), (32, 22), (22, 73), (73, 22), (22, 91), (91, 22), (23, 28), (28, 23), (23, 33), (33, 23), (23, 37), (37, 23), (24, 25), (25, 24), (24, 30), (30, 24), (24, 31), (31, 24), (24, 51), (51, 24), (24, 66), (66, 24), (25, 45), (45, 25), (25, 58), (58, 25), (25, 74), (74, 25), (26, 38), (38, 26), (26, 39), (39, 26), (26, 41), (41, 26), (26, 78), (78, 26), (27, 66), (66, 27), (27, 69), (69, 27), (27, 81), (81, 27), (28, 30), (30, 28), (28, 47), (47, 28), (28, 66), (66, 28), (29, 37), (37, 29), (29, 47), (47, 29), (29, 53), (53, 29), (29, 80), (80, 29), (30, 36), (36, 30), (30, 40), (40, 30), (30, 59), (59, 30), (30, 73), (73, 30), (31, 70), (70, 31), (31, 96), (96, 31), (32, 35), (35, 32), (32, 62), (62, 32), (33, 66), (66, 33), (33, 76), (76, 33), (33, 81), (81, 33), (34, 57), (57, 34), (34, 64), (64, 34), (34, 71), (71, 34), (34, 96), (96, 34), (35, 76), (76, 35), (35, 83), (83, 35), (35, 84), (84, 35), (36, 73), (73, 36), (36, 85), (85, 36), (36, 90), (90, 36), (37, 52), (52, 37), (37, 74), (74, 37), (37, 87), (87, 37), (38, 41), (41, 38), (38, 70), (70, 38), (39, 53), (53, 39), (39, 56), (56, 39), (39, 74), (74, 39), (39, 75), (75, 39), (40, 78), (78, 40), (40, 98), (98, 40), (41, 42), (42, 41), (41, 48), (48, 41), (41, 62), (62, 41), (41, 68), (68, 41), (41, 78), (78, 41), (42, 45), (45, 42), (42, 72), (72, 42), (42, 91), (91, 42), (43, 49), (49, 43), (43, 54), (54, 43), (44, 57), (57, 44), (44, 64), (64, 44), (44, 82), (82, 44), (44, 88), (88, 44), (44, 92), (92, 44), (44, 93), (93, 44), (44, 98), (98, 44), (45, 80), (80, 45), (46, 64), (64, 46), (47, 52), (52, 47), (47, 64), (64, 47), (47, 89), (89, 47), (47, 94), (94, 47), (48, 52), (52, 48), (48, 67), (67, 48), (48, 70), (70, 48), (48, 75), (75, 48), (49, 50), (50, 49), (49, 64), (64, 49), (49, 66), (66, 49), (49, 70), (70, 49), (49, 84), (84, 49), (50, 64), (64, 50), (50, 67), (67, 50), (50, 86), (86, 50), (50, 98), (98, 50), (51, 75), (75, 51), (51, 83), (83, 51), (52, 58), (58, 52), (52, 64), (64, 52), (52, 74), (74, 52), (52, 85), (85, 52), (53, 57), (57, 53), (54, 65), (65, 54), (55, 64), (64, 55), (55, 65), (65, 55), (55, 85), (85, 55), (55, 86), (86, 55), (55, 98), (98, 55), (56, 68), (68, 56), (56, 72), (72, 56), (57, 75), (75, 57), (58, 70), (70, 58), (58, 88), (88, 58), (58, 98), (98, 58), (59, 64), (64, 59), (59, 77), (77, 59), (59, 88), (88, 59), (60, 61), (61, 60), (60, 71), (71, 60), (60, 96), (96, 60), (61, 63), (63, 61), (61, 70), (70, 61), (61, 74), (74, 61), (62, 83), (83, 62), (63, 83), (83, 63), (63, 84), (84, 63), (63, 92), (92, 63), (65, 82), (82, 65), (65, 89), (89, 65), (65, 94), (94, 65), (66, 92), (92, 66), (66, 97), (97, 66), (66, 100), (100, 66), (67, 86), (86, 67), (68, 90), (90, 68), (70, 91), (91, 70), (71, 95), (95, 71), (72, 87), (87, 72), (73, 83), (83, 73), (73, 87), (87, 73), (74, 81), (81, 74), (75, 78), (78, 75), (75, 95), (95, 75), (76, 81), (81, 76), (77, 78), (78, 77), (77, 86), (86, 77), (77, 100), (100, 77), (80, 82), (82, 80), (80, 95), (95, 80), (81, 83), (83, 81), (84, 86), (86, 84), (84, 87), (87, 84), (84, 92), (92, 84), (85, 100), (100, 85), (87, 93), (93, 87), (87, 98), (98, 87), (92, 95), (95, 92), (98, 99), (99, 98)]
Z_dad = [66]
Y_dad = [64, 81, 97]
X_dad = [27, 52, 57]
Z_da-ad = [27]
Y_da-ad = [15, 66, 69]
X_da-ad = [45, 49, 54]
