no              #fail
5041.532        #totTm
21.442          #lastADTm
10              #itDAD
6.333           #avItADGoal
16              #itADOpt
6               #opt
5               #optDA-AD
0.561           #tmDA
16.7            #relGain

V = [1, 2, 3, 4, 5, 6, 7, 8, 9, 10, 11, 12, 13, 14, 15, 16, 17, 18, 19, 20, 21, 22, 23, 24, 25, 26, 27, 28, 29, 30, 31, 32, 33, 34, 35, 36, 37, 38, 39, 40, 41, 42, 43, 44, 45, 46, 47, 48, 49, 50, 51, 52, 53, 54, 55, 56, 57, 58, 59, 60, 61, 62, 63, 64, 65, 66, 67, 68, 69, 70, 71, 72, 73, 74, 75, 76, 77, 78, 79, 80, 81, 82, 83, 84, 85, 86, 87, 88, 89, 90, 91, 92, 93, 94, 95, 96, 97, 98, 99, 100]
A = [(1, 25), (25, 1), (1, 32), (32, 1), (1, 58), (58, 1), (1, 69), (69, 1), (1, 88), (88, 1), (2, 29), (29, 2), (2, 75), (75, 2), (2, 95), (95, 2), (3, 28), (28, 3), (3, 48), (48, 3), (3, 57), (57, 3), (4, 33), (33, 4), (4, 98), (98, 4), (5, 13), (13, 5), (5, 30), (30, 5), (5, 37), (37, 5), (5, 52), (52, 5), (5, 74), (74, 5), (5, 78), (78, 5), (5, 79), (79, 5), (6, 7), (7, 6), (6, 24), (24, 6), (6, 27), (27, 6), (6, 28), (28, 6), (6, 34), (34, 6), (6, 51), (51, 6), (6, 60), (60, 6), (6, 81), (81, 6), (6, 83), (83, 6), (6, 91), (91, 6), (7, 8), (8, 7), (7, 53), (53, 7), (7, 77), (77, 7), (7, 85), (85, 7), (8, 33), (33, 8), (8, 96), (96, 8), (9, 53), (53, 9), (9, 68), (68, 9), (9, 92), (92, 9), (10, 20), (20, 10), (10, 33), (33, 10), (10, 36), (36, 10), (10, 50), (50, 10), (10, 83), (83, 10), (10, 84), (84, 10), (10, 99), (99, 10), (11, 15), (15, 11), (11, 47), (47, 11), (11, 55), (55, 11), (11, 68), (68, 11), (11, 77), (77, 11), (11, 83), (83, 11), (11, 90), (90, 11), (12, 27), (27, 12), (12, 33), (33, 12), (12, 42), (42, 12), (12, 55), (55, 12), (12, 79), (79, 12), (13, 20), (20, 13), (13, 59), (59, 13), (13, 78), (78, 13), (14, 37), (37, 14), (14, 48), (48, 14), (14, 65), (65, 14), (14, 98), (98, 14), (15, 24), (24, 15), (15, 54), (54, 15), (15, 83), (83, 15), (15, 95), (95, 15), (16, 17), (17, 16), (16, 26), (26, 16), (16, 30), (30, 16), (16, 71), (71, 16), (16, 88), (88, 16), (16, 95), (95, 16), (16, 96), (96, 16), (16, 97), (97, 16), (16, 98), (98, 16), (17, 22), (22, 17), (17, 34), (34, 17), (17, 42), (42, 17), (17, 80), (80, 17), (18, 62), (62, 18), (18, 73), (73, 18), (18, 89), (89, 18), (18, 91), (91, 18), (18, 95), (95, 18), (19, 21), (21, 19), (19, 71), (71, 19), (19, 97), (97, 19), (20, 28), (28, 20), (20, 37), (37, 20), (20, 61), (61, 20), (20, 94), (94, 20), (21, 36), (36, 21), (22, 27), (27, 22), (22, 28), (28, 22), (22, 68), (68, 22), (22, 76), (76, 22), (22, 95), (95, 22), (22, 100), (100, 22), (23, 25), (25, 23), (23, 29), (29, 23), (23, 48), (48, 23), (23, 60), (60, 23), (23, 71), (71, 23), (24, 55), (55, 24), (24, 64), (64, 24), (25, 39), (39, 25), (26, 52), (52, 26), (26, 61), (61, 26), (26, 72), (72, 26), (26, 89), (89, 26), (26, 91), (91, 26), (26, 97), (97, 26), (27, 43), (43, 27), (27, 57), (57, 27), (27, 69), (69, 27), (27, 78), (78, 27), (28, 29), (29, 28), (28, 30), (30, 28), (28, 38), (38, 28), (28, 81), (81, 28), (29, 40), (40, 29), (29, 52), (52, 29), (29, 54), (54, 29), (29, 62), (62, 29), (29, 76), (76, 29), (30, 39), (39, 30), (30, 52), (52, 30), (30, 64), (64, 30), (30, 81), (81, 30), (30, 87), (87, 30), (31, 51), (51, 31), (31, 80), (80, 31), (31, 82), (82, 31), (31, 88), (88, 31), (32, 92), (92, 32), (32, 94), (94, 32), (33, 42), (42, 33), (33, 46), (46, 33), (33, 64), (64, 33), (33, 73), (73, 33), (33, 94), (94, 33), (33, 95), (95, 33), (34, 37), (37, 34), (34, 44), (44, 34), (34, 46), (46, 34), (34, 55), (55, 34), (35, 40), (40, 35), (35, 66), (66, 35), (35, 68), (68, 35), (35, 69), (69, 35), (35, 75), (75, 35), (37, 39), (39, 37), (37, 69), (69, 37), (37, 90), (90, 37), (38, 82), (82, 38), (38, 92), (92, 38), (39, 40), (40, 39), (39, 43), (43, 39), (39, 62), (62, 39), (39, 63), (63, 39), (39, 95), (95, 39), (40, 53), (53, 40), (40, 86), (86, 40), (40, 91), (91, 40), (40, 95), (95, 40), (41, 77), (77, 41), (41, 94), (94, 41), (42, 43), (43, 42), (42, 49), (49, 42), (42, 56), (56, 42), (42, 92), (92, 42), (43, 70), (70, 43), (43, 78), (78, 43), (43, 94), (94, 43), (44, 70), (70, 44), (44, 73), (73, 44), (44, 84), (84, 44), (44, 92), (92, 44), (44, 95), (95, 44), (45, 82), (82, 45), (45, 84), (84, 45), (45, 85), (85, 45), (45, 86), (86, 45), (45, 92), (92, 45), (46, 100), (100, 46), (47, 86), (86, 47), (47, 91), (91, 47), (47, 100), (100, 47), (48, 57), (57, 48), (48, 66), (66, 48), (49, 62), (62, 49), (49, 79), (79, 49), (50, 71), (71, 50), (51, 58), (58, 51), (52, 53), (53, 52), (52, 59), (59, 52), (52, 96), (96, 52), (53, 80), (80, 53), (53, 86), (86, 53), (54, 57), (57, 54), (54, 65), (65, 54), (55, 70), (70, 55), (56, 65), (65, 56), (58, 83), (83, 58), (60, 90), (90, 60), (60, 94), (94, 60), (61, 63), (63, 61), (61, 80), (80, 61), (61, 91), (91, 61), (62, 68), (68, 62), (62, 75), (75, 62), (62, 99), (99, 62), (63, 65), (65, 63), (63, 80), (80, 63), (63, 85), (85, 63), (65, 95), (95, 65), (65, 99), (99, 65), (67, 86), (86, 67), (70, 71), (71, 70), (70, 78), (78, 70), (70, 91), (91, 70), (70, 93), (93, 70), (72, 89), (89, 72), (72, 99), (99, 72), (74, 100), (100, 74), (75, 84), (84, 75), (75, 90), (90, 75), (75, 98), (98, 75), (76, 77), (77, 76), (76, 78), (78, 76), (76, 86), (86, 76), (77, 95), (95, 77), (78, 92), (92, 78), (79, 96), (96, 79), (80, 82), (82, 80), (80, 93), (93, 80), (82, 93), (93, 82), (84, 92), (92, 84), (85, 100), (100, 85), (87, 93), (93, 87), (87, 96), (96, 87), (88, 99), (99, 88), (94, 96), (96, 94), (94, 99), (99, 94)]
Z_dad = [10]
Y_dad = [6, 21, 95]
X_dad = [5, 71, 86]
Z_da-ad = [86]
Y_da-ad = [26, 36, 67]
X_da-ad = [33, 60, 98]
