no              #fail
1060.010        #totTm
59.224          #lastADTm
9               #itDAD
9.000           #avItADGoal
56              #itADOpt
8               #opt
8               #optDA-AD
1.034           #tmDA
0.0             #relGain

V = [1, 2, 3, 4, 5, 6, 7, 8, 9, 10, 11, 12, 13, 14, 15, 16, 17, 18, 19, 20, 21, 22, 23, 24, 25, 26, 27, 28, 29, 30, 31, 32, 33, 34, 35, 36, 37, 38, 39, 40, 41, 42, 43, 44, 45, 46, 47, 48, 49, 50, 51, 52, 53, 54, 55, 56, 57, 58, 59, 60, 61, 62, 63, 64, 65, 66, 67, 68, 69, 70, 71, 72, 73, 74, 75, 76, 77, 78, 79, 80, 81, 82, 83, 84, 85, 86, 87, 88, 89, 90, 91, 92, 93, 94, 95, 96, 97, 98, 99, 100]
A = [(1, 7), (7, 1), (1, 20), (20, 1), (1, 43), (43, 1), (1, 44), (44, 1), (1, 46), (46, 1), (1, 54), (54, 1), (1, 56), (56, 1), (1, 62), (62, 1), (1, 69), (69, 1), (1, 74), (74, 1), (1, 80), (80, 1), (2, 42), (42, 2), (2, 51), (51, 2), (2, 95), (95, 2), (3, 22), (22, 3), (3, 58), (58, 3), (3, 77), (77, 3), (3, 87), (87, 3), (3, 90), (90, 3), (4, 15), (15, 4), (4, 17), (17, 4), (4, 45), (45, 4), (4, 46), (46, 4), (5, 22), (22, 5), (5, 30), (30, 5), (5, 54), (54, 5), (6, 19), (19, 6), (6, 39), (39, 6), (6, 57), (57, 6), (6, 63), (63, 6), (6, 64), (64, 6), (6, 68), (68, 6), (6, 78), (78, 6), (6, 86), (86, 6), (6, 88), (88, 6), (6, 99), (99, 6), (7, 8), (8, 7), (7, 12), (12, 7), (7, 16), (16, 7), (7, 73), (73, 7), (7, 98), (98, 7), (8, 18), (18, 8), (8, 49), (49, 8), (8, 50), (50, 8), (8, 74), (74, 8), (9, 14), (14, 9), (9, 58), (58, 9), (9, 76), (76, 9), (10, 11), (11, 10), (10, 37), (37, 10), (10, 53), (53, 10), (10, 79), (79, 10), (11, 13), (13, 11), (11, 34), (34, 11), (11, 37), (37, 11), (11, 40), (40, 11), (11, 47), (47, 11), (11, 64), (64, 11), (12, 62), (62, 12), (12, 87), (87, 12), (13, 18), (18, 13), (13, 36), (36, 13), (13, 45), (45, 13), (13, 51), (51, 13), (13, 59), (59, 13), (13, 60), (60, 13), (14, 34), (34, 14), (14, 48), (48, 14), (14, 63), (63, 14), (14, 70), (70, 14), (14, 95), (95, 14), (15, 23), (23, 15), (15, 24), (24, 15), (15, 42), (42, 15), (15, 68), (68, 15), (15, 76), (76, 15), (15, 80), (80, 15), (15, 81), (81, 15), (15, 90), (90, 15), (16, 51), (51, 16), (16, 75), (75, 16), (17, 51), (51, 17), (17, 94), (94, 17), (17, 99), (99, 17), (18, 21), (21, 18), (18, 49), (49, 18), (18, 75), (75, 18), (18, 76), (76, 18), (18, 87), (87, 18), (19, 25), (25, 19), (19, 32), (32, 19), (19, 67), (67, 19), (19, 78), (78, 19), (20, 28), (28, 20), (20, 76), (76, 20), (21, 47), (47, 21), (21, 64), (64, 21), (21, 65), (65, 21), (21, 90), (90, 21), (22, 48), (48, 22), (22, 56), (56, 22), (22, 69), (69, 22), (22, 86), (86, 22), (23, 50), (50, 23), (23, 55), (55, 23), (23, 90), (90, 23), (23, 94), (94, 23), (24, 63), (63, 24), (24, 73), (73, 24), (25, 30), (30, 25), (25, 49), (49, 25), (25, 62), (62, 25), (25, 68), (68, 25), (25, 88), (88, 25), (26, 37), (37, 26), (26, 39), (39, 26), (27, 32), (32, 27), (27, 33), (33, 27), (27, 45), (45, 27), (28, 35), (35, 28), (28, 49), (49, 28), (28, 88), (88, 28), (29, 38), (38, 29), (29, 97), (97, 29), (30, 36), (36, 30), (30, 55), (55, 30), (31, 47), (47, 31), (31, 56), (56, 31), (31, 77), (77, 31), (31, 94), (94, 31), (32, 64), (64, 32), (32, 71), (71, 32), (32, 90), (90, 32), (32, 95), (95, 32), (33, 78), (78, 33), (33, 98), (98, 33), (34, 37), (37, 34), (34, 54), (54, 34), (34, 62), (62, 34), (34, 87), (87, 34), (35, 72), (72, 35), (35, 73), (73, 35), (35, 74), (74, 35), (36, 51), (51, 36), (36, 56), (56, 36), (36, 58), (58, 36), (36, 65), (65, 36), (36, 68), (68, 36), (36, 84), (84, 36), (37, 71), (71, 37), (37, 75), (75, 37), (37, 77), (77, 37), (37, 80), (80, 37), (37, 81), (81, 37), (38, 48), (48, 38), (38, 68), (68, 38), (38, 82), (82, 38), (39, 84), (84, 39), (39, 88), (88, 39), (39, 96), (96, 39), (40, 42), (42, 40), (40, 67), (67, 40), (40, 68), (68, 40), (42, 49), (49, 42), (42, 51), (51, 42), (42, 57), (57, 42), (42, 58), (58, 42), (42, 88), (88, 42), (42, 94), (94, 42), (42, 96), (96, 42), (43, 50), (50, 43), (43, 56), (56, 43), (43, 76), (76, 43), (43, 82), (82, 43), (44, 55), (55, 44), (44, 74), (74, 44), (44, 78), (78, 44), (44, 83), (83, 44), (45, 72), (72, 45), (45, 99), (99, 45), (46, 58), (58, 46), (46, 93), (93, 46), (46, 95), (95, 46), (47, 64), (64, 47), (47, 74), (74, 47), (47, 87), (87, 47), (48, 52), (52, 48), (48, 90), (90, 48), (49, 55), (55, 49), (50, 62), (62, 50), (50, 76), (76, 50), (50, 80), (80, 50), (50, 94), (94, 50), (50, 96), (96, 50), (51, 99), (99, 51), (52, 68), (68, 52), (52, 73), (73, 52), (52, 81), (81, 52), (53, 61), (61, 53), (54, 65), (65, 54), (54, 86), (86, 54), (55, 95), (95, 55), (58, 67), (67, 58), (58, 78), (78, 58), (58, 84), (84, 58), (58, 95), (95, 58), (58, 96), (96, 58), (59, 63), (63, 59), (59, 71), (71, 59), (59, 79), (79, 59), (59, 98), (98, 59), (60, 65), (65, 60), (60, 92), (92, 60), (61, 71), (71, 61), (61, 90), (90, 61), (62, 94), (94, 62), (63, 89), (89, 63), (64, 85), (85, 64), (65, 67), (67, 65), (65, 76), (76, 65), (65, 80), (80, 65), (65, 81), (81, 65), (66, 70), (70, 66), (66, 86), (86, 66), (66, 90), (90, 66), (67, 70), (70, 67), (67, 83), (83, 67), (68, 81), (81, 68), (68, 87), (87, 68), (69, 80), (80, 69), (70, 71), (71, 70), (70, 76), (76, 70), (71, 78), (78, 71), (73, 80), (80, 73), (73, 81), (81, 73), (76, 80), (80, 76), (78, 81), (81, 78), (78, 85), (85, 78), (78, 87), (87, 78), (80, 98), (98, 80), (81, 97), (97, 81), (83, 87), (87, 83), (83, 92), (92, 83), (83, 98), (98, 83), (85, 90), (90, 85), (92, 96), (96, 92), (93, 97), (97, 93)]
Z_dad = [81]
Y_dad = [1, 29, 91]
X_dad = [10, 59, 61]
Z_da-ad = [63]
Y_da-ad = [81, 89, 91]
X_da-ad = [38, 43, 97]
