no              #fail
3.773           #totTm
1.627           #lastADTm
4               #itDAD
2.000           #avItADGoal
25              #itADOpt
9               #opt
8               #optDA-AD
0.694           #tmDA
11.1            #relGain

V = [1, 2, 3, 4, 5, 6, 7, 8, 9, 10, 11, 12, 13, 14, 15, 16, 17, 18, 19, 20, 21, 22, 23, 24, 25, 26, 27, 28, 29, 30, 31, 32, 33, 34, 35, 36, 37, 38, 39, 40]
A = [(1, 16), (16, 1), (1, 18), (18, 1), (1, 30), (30, 1), (2, 3), (3, 2), (2, 15), (15, 2), (2, 18), (18, 2), (2, 20), (20, 2), (2, 23), (23, 2), (2, 25), (25, 2), (2, 34), (34, 2), (2, 35), (35, 2), (2, 37), (37, 2), (3, 6), (6, 3), (4, 6), (6, 4), (4, 15), (15, 4), (4, 18), (18, 4), (4, 38), (38, 4), (4, 40), (40, 4), (5, 15), (15, 5), (5, 16), (16, 5), (5, 34), (34, 5), (6, 21), (21, 6), (6, 24), (24, 6), (6, 26), (26, 6), (6, 28), (28, 6), (6, 31), (31, 6), (7, 13), (13, 7), (7, 24), (24, 7), (7, 25), (25, 7), (7, 29), (29, 7), (9, 17), (17, 9), (9, 21), (21, 9), (10, 16), (16, 10), (10, 26), (26, 10), (10, 31), (31, 10), (10, 38), (38, 10), (10, 39), (39, 10), (12, 13), (13, 12), (12, 17), (17, 12), (12, 22), (22, 12), (12, 24), (24, 12), (12, 38), (38, 12), (13, 26), (26, 13), (13, 34), (34, 13), (13, 35), (35, 13), (13, 38), (38, 13), (15, 17), (17, 15), (15, 32), (32, 15), (15, 34), (34, 15), (15, 36), (36, 15), (16, 29), (29, 16), (16, 35), (35, 16), (17, 18), (18, 17), (17, 30), (30, 17), (17, 35), (35, 17), (17, 38), (38, 17), (18, 24), (24, 18), (18, 31), (31, 18), (18, 36), (36, 18), (19, 21), (21, 19), (19, 28), (28, 19), (19, 30), (30, 19), (19, 33), (33, 19), (20, 22), (22, 20), (20, 27), (27, 20), (20, 33), (33, 20), (20, 40), (40, 20), (21, 24), (24, 21), (21, 27), (27, 21), (21, 29), (29, 21), (23, 26), (26, 23), (23, 29), (29, 23), (24, 25), (25, 24), (24, 28), (28, 24), (25, 26), (26, 25), (25, 31), (31, 25), (25, 32), (32, 25), (26, 34), (34, 26), (26, 37), (37, 26), (26, 40), (40, 26), (27, 30), (30, 27), (28, 29), (29, 28), (30, 33), (33, 30), (33, 38), (38, 33), (36, 38), (38, 36)]
Z_dad = [2, 26]
Y_dad = [14, 17]
X_dad = [6, 10]
Z_da-ad = [2, 10]
Y_da-ad = [11, 26]
X_da-ad = [6, 37]
