no              #fail
394.699         #totTm
0.556           #lastADTm
18              #itDAD
2.765           #avItADGoal
6               #itADOpt
6               #opt
5               #optDA-AD
7.026           #tmDA
16.7            #relGain

V = [1, 2, 3, 4, 5, 6, 7, 8, 9, 10, 11, 12, 13, 14, 15, 16, 17, 18, 19, 20, 21, 22, 23, 24, 25, 26, 27, 28, 29, 30, 31, 32, 33, 34, 35, 36, 37, 38, 39, 40]
A = [(1, 5), (5, 1), (1, 25), (25, 1), (1, 37), (37, 1), (1, 39), (39, 1), (1, 40), (40, 1), (2, 23), (23, 2), (2, 27), (27, 2), (2, 34), (34, 2), (2, 35), (35, 2), (2, 37), (37, 2), (2, 38), (38, 2), (3, 7), (7, 3), (3, 14), (14, 3), (3, 16), (16, 3), (4, 20), (20, 4), (4, 21), (21, 4), (5, 6), (6, 5), (5, 18), (18, 5), (6, 11), (11, 6), (6, 13), (13, 6), (6, 23), (23, 6), (7, 11), (11, 7), (7, 27), (27, 7), (7, 33), (33, 7), (8, 30), (30, 8), (8, 37), (37, 8), (9, 13), (13, 9), (9, 17), (17, 9), (9, 29), (29, 9), (9, 37), (37, 9), (9, 40), (40, 9), (10, 14), (14, 10), (10, 15), (15, 10), (10, 17), (17, 10), (10, 18), (18, 10), (10, 21), (21, 10), (11, 18), (18, 11), (11, 24), (24, 11), (11, 36), (36, 11), (12, 22), (22, 12), (12, 29), (29, 12), (12, 35), (35, 12), (13, 18), (18, 13), (13, 21), (21, 13), (13, 30), (30, 13), (13, 39), (39, 13), (13, 40), (40, 13), (15, 26), (26, 15), (15, 34), (34, 15), (16, 18), (18, 16), (16, 26), (26, 16), (17, 20), (20, 17), (17, 26), (26, 17), (17, 34), (34, 17), (18, 23), (23, 18), (18, 25), (25, 18), (18, 32), (32, 18), (19, 24), (24, 19), (19, 34), (34, 19), (20, 28), (28, 20), (20, 33), (33, 20), (20, 39), (39, 20), (21, 29), (29, 21), (22, 33), (33, 22), (23, 28), (28, 23), (23, 40), (40, 23), (25, 26), (26, 25), (25, 32), (32, 25), (25, 37), (37, 25), (26, 30), (30, 26), (26, 32), (32, 26), (28, 33), (33, 28), (28, 37), (37, 28), (28, 38), (38, 28), (28, 40), (40, 28), (29, 31), (31, 29), (30, 33), (33, 30), (30, 36), (36, 30), (30, 40), (40, 30), (31, 37), (37, 31), (31, 40), (40, 31), (32, 33), (33, 32), (32, 39), (39, 32), (37, 38), (38, 37), (37, 40), (40, 37)]
Z_dad = [2, 11]
Y_dad = [33, 34]
X_dad = [12, 19]
Z_da-ad = [20, 21]
Y_da-ad = [4, 11]
X_da-ad = [3, 10]
