no              #fail
10.036          #totTm
1.248           #lastADTm
7               #itDAD
2.167           #avItADGoal
11              #itADOpt
7               #opt
6               #optDA-AD
0.556           #tmDA
14.3            #relGain

V = [1, 2, 3, 4, 5, 6, 7, 8, 9, 10, 11, 12, 13, 14, 15, 16, 17, 18, 19, 20, 21, 22, 23, 24, 25, 26, 27, 28, 29, 30, 31, 32, 33, 34, 35, 36, 37, 38, 39, 40]
A = [(1, 4), (4, 1), (1, 5), (5, 1), (1, 11), (11, 1), (1, 25), (25, 1), (2, 5), (5, 2), (2, 12), (12, 2), (2, 27), (27, 2), (2, 29), (29, 2), (3, 18), (18, 3), (3, 21), (21, 3), (3, 28), (28, 3), (3, 38), (38, 3), (3, 40), (40, 3), (4, 6), (6, 4), (4, 24), (24, 4), (4, 35), (35, 4), (5, 6), (6, 5), (5, 7), (7, 5), (5, 16), (16, 5), (5, 24), (24, 5), (5, 28), (28, 5), (5, 36), (36, 5), (6, 8), (8, 6), (6, 10), (10, 6), (6, 11), (11, 6), (6, 22), (22, 6), (6, 38), (38, 6), (7, 11), (11, 7), (7, 15), (15, 7), (7, 37), (37, 7), (8, 12), (12, 8), (9, 25), (25, 9), (9, 26), (26, 9), (10, 11), (11, 10), (10, 22), (22, 10), (11, 24), (24, 11), (11, 25), (25, 11), (11, 27), (27, 11), (11, 30), (30, 11), (11, 34), (34, 11), (11, 38), (38, 11), (11, 39), (39, 11), (12, 24), (24, 12), (12, 38), (38, 12), (13, 17), (17, 13), (13, 35), (35, 13), (14, 22), (22, 14), (14, 26), (26, 14), (14, 33), (33, 14), (14, 37), (37, 14), (14, 40), (40, 14), (15, 19), (19, 15), (15, 23), (23, 15), (15, 37), (37, 15), (15, 39), (39, 15), (16, 33), (33, 16), (17, 20), (20, 17), (17, 21), (21, 17), (17, 27), (27, 17), (18, 21), (21, 18), (18, 38), (38, 18), (19, 23), (23, 19), (19, 37), (37, 19), (20, 22), (22, 20), (20, 23), (23, 20), (20, 27), (27, 20), (20, 39), (39, 20), (21, 28), (28, 21), (21, 31), (31, 21), (21, 37), (37, 21), (22, 31), (31, 22), (23, 36), (36, 23), (23, 38), (38, 23), (24, 31), (31, 24), (24, 34), (34, 24), (26, 29), (29, 26), (26, 38), (38, 26), (27, 40), (40, 27), (28, 29), (29, 28), (28, 36), (36, 28), (28, 40), (40, 28), (29, 30), (30, 29), (31, 39), (39, 31), (33, 40), (40, 33), (38, 39), (39, 38)]
Z_dad = [11, 26]
Y_dad = [5, 32]
X_dad = [1, 24]
Z_da-ad = [4, 17]
Y_da-ad = [11, 13]
X_da-ad = [5, 33]
