no              #fail
9.105           #totTm
1.284           #lastADTm
7               #itDAD
2.333           #avItADGoal
14              #itADOpt
7               #opt
6               #optDA-AD
1.127           #tmDA
14.3            #relGain

V = [1, 2, 3, 4, 5, 6, 7, 8, 9, 10, 11, 12, 13, 14, 15, 16, 17, 18, 19, 20, 21, 22, 23, 24, 25, 26, 27, 28, 29, 30, 31, 32, 33, 34, 35, 36, 37, 38, 39, 40]
A = [(1, 2), (2, 1), (1, 7), (7, 1), (1, 11), (11, 1), (1, 12), (12, 1), (1, 13), (13, 1), (1, 33), (33, 1), (2, 3), (3, 2), (2, 10), (10, 2), (2, 17), (17, 2), (2, 34), (34, 2), (2, 36), (36, 2), (3, 8), (8, 3), (3, 17), (17, 3), (3, 18), (18, 3), (3, 21), (21, 3), (4, 17), (17, 4), (4, 18), (18, 4), (4, 19), (19, 4), (4, 29), (29, 4), (4, 37), (37, 4), (5, 9), (9, 5), (5, 13), (13, 5), (5, 14), (14, 5), (5, 20), (20, 5), (5, 37), (37, 5), (5, 40), (40, 5), (6, 29), (29, 6), (6, 32), (32, 6), (6, 34), (34, 6), (6, 36), (36, 6), (7, 12), (12, 7), (7, 19), (19, 7), (7, 33), (33, 7), (7, 40), (40, 7), (8, 19), (19, 8), (8, 24), (24, 8), (8, 31), (31, 8), (9, 16), (16, 9), (9, 22), (22, 9), (9, 34), (34, 9), (9, 39), (39, 9), (10, 20), (20, 10), (10, 26), (26, 10), (10, 30), (30, 10), (10, 32), (32, 10), (10, 40), (40, 10), (12, 16), (16, 12), (12, 17), (17, 12), (12, 31), (31, 12), (13, 22), (22, 13), (13, 33), (33, 13), (14, 18), (18, 14), (14, 27), (27, 14), (14, 38), (38, 14), (15, 34), (34, 15), (16, 36), (36, 16), (17, 20), (20, 17), (17, 21), (21, 17), (17, 23), (23, 17), (18, 25), (25, 18), (18, 26), (26, 18), (18, 32), (32, 18), (19, 25), (25, 19), (20, 26), (26, 20), (21, 34), (34, 21), (21, 35), (35, 21), (22, 30), (30, 22), (22, 32), (32, 22), (23, 25), (25, 23), (23, 28), (28, 23), (25, 33), (33, 25), (25, 35), (35, 25), (25, 37), (37, 25), (26, 31), (31, 26), (26, 35), (35, 26), (27, 34), (34, 27), (28, 29), (29, 28), (28, 32), (32, 28), (28, 35), (35, 28), (29, 30), (30, 29), (29, 31), (31, 29), (30, 39), (39, 30), (31, 35), (35, 31), (35, 39), (39, 35), (38, 39), (39, 38)]
Z_dad = [14, 34]
Y_dad = [1, 39]
X_dad = [6, 8]
Z_da-ad = [8, 34]
Y_da-ad = [14, 15]
X_da-ad = [1, 27]
