no              #fail
237.479         #totTm
0.654           #lastADTm
15              #itDAD
3.000           #avItADGoal
4               #itADOpt
6               #opt
5               #optDA-AD
3.212           #tmDA
16.7            #relGain

V = [1, 2, 3, 4, 5, 6, 7, 8, 9, 10, 11, 12, 13, 14, 15, 16, 17, 18, 19, 20, 21, 22, 23, 24, 25, 26, 27, 28, 29, 30, 31, 32, 33, 34, 35, 36, 37, 38, 39, 40]
A = [(1, 9), (9, 1), (1, 18), (18, 1), (1, 22), (22, 1), (1, 27), (27, 1), (1, 28), (28, 1), (1, 29), (29, 1), (1, 38), (38, 1), (1, 40), (40, 1), (2, 3), (3, 2), (2, 5), (5, 2), (2, 10), (10, 2), (2, 18), (18, 2), (2, 19), (19, 2), (2, 20), (20, 2), (2, 39), (39, 2), (2, 40), (40, 2), (3, 14), (14, 3), (3, 16), (16, 3), (3, 21), (21, 3), (3, 33), (33, 3), (3, 38), (38, 3), (3, 39), (39, 3), (3, 40), (40, 3), (4, 14), (14, 4), (4, 29), (29, 4), (4, 34), (34, 4), (4, 37), (37, 4), (5, 19), (19, 5), (5, 26), (26, 5), (5, 33), (33, 5), (6, 10), (10, 6), (6, 16), (16, 6), (6, 23), (23, 6), (7, 12), (12, 7), (7, 26), (26, 7), (7, 28), (28, 7), (7, 37), (37, 7), (8, 9), (9, 8), (8, 14), (14, 8), (8, 18), (18, 8), (8, 32), (32, 8), (9, 17), (17, 9), (9, 20), (20, 9), (9, 29), (29, 9), (9, 38), (38, 9), (10, 24), (24, 10), (11, 14), (14, 11), (11, 19), (19, 11), (11, 21), (21, 11), (11, 24), (24, 11), (11, 33), (33, 11), (11, 40), (40, 11), (12, 26), (26, 12), (12, 28), (28, 12), (12, 35), (35, 12), (12, 37), (37, 12), (13, 15), (15, 13), (13, 36), (36, 13), (14, 35), (35, 14), (15, 28), (28, 15), (15, 39), (39, 15), (16, 25), (25, 16), (16, 38), (38, 16), (17, 31), (31, 17), (18, 33), (33, 18), (18, 34), (34, 18), (19, 25), (25, 19), (19, 36), (36, 19), (19, 37), (37, 19), (21, 38), (38, 21), (23, 24), (24, 23), (23, 29), (29, 23), (24, 39), (39, 24), (25, 27), (27, 25), (25, 33), (33, 25), (25, 39), (39, 25), (26, 35), (35, 26), (27, 40), (40, 27), (28, 29), (29, 28), (29, 34), (34, 29), (30, 33), (33, 30), (30, 35), (35, 30), (31, 38), (38, 31), (32, 34), (34, 32), (36, 38), (38, 36)]
Z_dad = [5, 28]
Y_dad = [3, 37]
X_dad = [36, 39]
Z_da-ad = [9, 31]
Y_da-ad = [1, 17]
X_da-ad = [2, 22]
