no              #fail
11.153          #totTm
1.540           #lastADTm
7               #itDAD
2.833           #avItADGoal
24              #itADOpt
8               #opt
8               #optDA-AD
0.71            #tmDA
0.0             #relGain

V = [1, 2, 3, 4, 5, 6, 7, 8, 9, 10, 11, 12, 13, 14, 15, 16, 17, 18, 19, 20, 21, 22, 23, 24, 25, 26, 27, 28, 29, 30, 31, 32, 33, 34, 35, 36, 37, 38, 39, 40]
A = [(2, 16), (16, 2), (2, 34), (34, 2), (3, 12), (12, 3), (3, 16), (16, 3), (3, 27), (27, 3), (3, 35), (35, 3), (3, 38), (38, 3), (4, 7), (7, 4), (4, 12), (12, 4), (4, 27), (27, 4), (5, 23), (23, 5), (5, 30), (30, 5), (5, 38), (38, 5), (6, 7), (7, 6), (6, 14), (14, 6), (6, 17), (17, 6), (6, 29), (29, 6), (7, 8), (8, 7), (7, 30), (30, 7), (7, 38), (38, 7), (8, 17), (17, 8), (8, 25), (25, 8), (8, 28), (28, 8), (8, 31), (31, 8), (8, 36), (36, 8), (8, 39), (39, 8), (8, 40), (40, 8), (9, 20), (20, 9), (9, 36), (36, 9), (9, 39), (39, 9), (9, 40), (40, 9), (10, 18), (18, 10), (10, 19), (19, 10), (10, 33), (33, 10), (10, 35), (35, 10), (10, 37), (37, 10), (10, 38), (38, 10), (11, 23), (23, 11), (11, 24), (24, 11), (11, 32), (32, 11), (11, 36), (36, 11), (12, 22), (22, 12), (13, 16), (16, 13), (13, 26), (26, 13), (13, 36), (36, 13), (13, 37), (37, 13), (14, 40), (40, 14), (15, 31), (31, 15), (16, 22), (22, 16), (16, 26), (26, 16), (16, 28), (28, 16), (16, 38), (38, 16), (17, 28), (28, 17), (17, 32), (32, 17), (18, 25), (25, 18), (18, 26), (26, 18), (18, 32), (32, 18), (19, 22), (22, 19), (19, 28), (28, 19), (20, 30), (30, 20), (20, 35), (35, 20), (20, 38), (38, 20), (21, 37), (37, 21), (22, 33), (33, 22), (23, 24), (24, 23), (23, 35), (35, 23), (25, 26), (26, 25), (25, 28), (28, 25), (25, 36), (36, 25), (26, 30), (30, 26), (26, 39), (39, 26), (27, 31), (31, 27), (27, 35), (35, 27), (28, 31), (31, 28), (30, 33), (33, 30), (30, 38), (38, 30), (32, 37), (37, 32), (33, 36), (36, 33), (33, 37), (37, 33), (33, 38), (38, 33), (34, 40), (40, 34), (35, 38), (38, 35), (36, 37), (37, 36), (38, 39), (39, 38), (39, 40), (40, 39)]
Z_dad = [6, 40]
Y_dad = [14, 16]
X_dad = [2, 31]
Z_da-ad = [6, 40]
Y_da-ad = [14, 16]
X_da-ad = [2, 31]
