no              #fail
12.388          #totTm
1.274           #lastADTm
8               #itDAD
2.571           #avItADGoal
17              #itADOpt
7               #opt
7               #optDA-AD
0.986           #tmDA
0.0             #relGain

V = [1, 2, 3, 4, 5, 6, 7, 8, 9, 10, 11, 12, 13, 14, 15, 16, 17, 18, 19, 20, 21, 22, 23, 24, 25, 26, 27, 28, 29, 30, 31, 32, 33, 34, 35, 36, 37, 38, 39, 40]
A = [(1, 8), (8, 1), (1, 9), (9, 1), (1, 13), (13, 1), (1, 21), (21, 1), (2, 12), (12, 2), (2, 20), (20, 2), (2, 22), (22, 2), (2, 23), (23, 2), (2, 40), (40, 2), (3, 4), (4, 3), (3, 9), (9, 3), (3, 14), (14, 3), (3, 18), (18, 3), (3, 29), (29, 3), (3, 34), (34, 3), (4, 6), (6, 4), (4, 9), (9, 4), (4, 21), (21, 4), (4, 28), (28, 4), (4, 38), (38, 4), (5, 21), (21, 5), (5, 33), (33, 5), (6, 7), (7, 6), (6, 13), (13, 6), (6, 26), (26, 6), (6, 27), (27, 6), (6, 32), (32, 6), (7, 35), (35, 7), (7, 39), (39, 7), (8, 19), (19, 8), (8, 28), (28, 8), (8, 33), (33, 8), (9, 10), (10, 9), (9, 22), (22, 9), (9, 40), (40, 9), (10, 16), (16, 10), (10, 38), (38, 10), (11, 18), (18, 11), (11, 39), (39, 11), (12, 22), (22, 12), (12, 25), (25, 12), (12, 34), (34, 12), (12, 39), (39, 12), (13, 15), (15, 13), (13, 17), (17, 13), (13, 20), (20, 13), (14, 18), (18, 14), (15, 19), (19, 15), (15, 27), (27, 15), (15, 33), (33, 15), (15, 35), (35, 15), (16, 19), (19, 16), (16, 28), (28, 16), (16, 30), (30, 16), (16, 38), (38, 16), (17, 20), (20, 17), (18, 21), (21, 18), (18, 23), (23, 18), (18, 36), (36, 18), (18, 37), (37, 18), (19, 36), (36, 19), (19, 39), (39, 19), (20, 38), (38, 20), (21, 36), (36, 21), (22, 23), (23, 22), (22, 24), (24, 22), (22, 31), (31, 22), (22, 36), (36, 22), (22, 39), (39, 22), (23, 26), (26, 23), (23, 32), (32, 23), (25, 31), (31, 25), (25, 35), (35, 25), (26, 32), (32, 26), (26, 33), (33, 26), (27, 31), (31, 27), (27, 38), (38, 27), (30, 32), (32, 30), (30, 33), (33, 30), (30, 38), (38, 30), (33, 36), (36, 33), (35, 36), (36, 35), (36, 37), (37, 36), (36, 40), (40, 36), (37, 38), (38, 37)]
Z_dad = [3, 18]
Y_dad = [22, 39]
X_dad = [11, 12]
Z_da-ad = [3, 18]
Y_da-ad = [14, 39]
X_da-ad = [12, 22]
