no              #fail
157.613         #totTm
0.600           #lastADTm
15              #itDAD
2.357           #avItADGoal
6               #itADOpt
6               #opt
5               #optDA-AD
4.103           #tmDA
16.7            #relGain

V = [1, 2, 3, 4, 5, 6, 7, 8, 9, 10, 11, 12, 13, 14, 15, 16, 17, 18, 19, 20, 21, 22, 23, 24, 25, 26, 27, 28, 29, 30, 31, 32, 33, 34, 35, 36, 37, 38, 39, 40]
A = [(1, 11), (11, 1), (1, 14), (14, 1), (1, 30), (30, 1), (2, 5), (5, 2), (2, 12), (12, 2), (2, 35), (35, 2), (2, 36), (36, 2), (3, 11), (11, 3), (3, 24), (24, 3), (3, 28), (28, 3), (3, 35), (35, 3), (4, 15), (15, 4), (4, 31), (31, 4), (5, 6), (6, 5), (5, 21), (21, 5), (6, 25), (25, 6), (6, 26), (26, 6), (6, 38), (38, 6), (7, 10), (10, 7), (7, 25), (25, 7), (7, 27), (27, 7), (7, 30), (30, 7), (7, 35), (35, 7), (7, 39), (39, 7), (8, 13), (13, 8), (8, 18), (18, 8), (8, 22), (22, 8), (8, 25), (25, 8), (8, 27), (27, 8), (8, 32), (32, 8), (9, 12), (12, 9), (9, 23), (23, 9), (9, 31), (31, 9), (10, 13), (13, 10), (10, 16), (16, 10), (10, 19), (19, 10), (10, 21), (21, 10), (10, 24), (24, 10), (10, 29), (29, 10), (10, 40), (40, 10), (11, 12), (12, 11), (11, 30), (30, 11), (12, 18), (18, 12), (12, 23), (23, 12), (12, 32), (32, 12), (12, 38), (38, 12), (13, 14), (14, 13), (15, 25), (25, 15), (15, 27), (27, 15), (15, 34), (34, 15), (16, 21), (21, 16), (16, 37), (37, 16), (17, 22), (22, 17), (17, 27), (27, 17), (17, 35), (35, 17), (18, 22), (22, 18), (18, 28), (28, 18), (18, 40), (40, 18), (19, 22), (22, 19), (19, 27), (27, 19), (19, 28), (28, 19), (19, 30), (30, 19), (20, 25), (25, 20), (20, 30), (30, 20), (21, 25), (25, 21), (21, 27), (27, 21), (21, 34), (34, 21), (21, 35), (35, 21), (21, 40), (40, 21), (22, 38), (38, 22), (23, 27), (27, 23), (23, 33), (33, 23), (23, 38), (38, 23), (25, 26), (26, 25), (25, 36), (36, 25), (26, 37), (37, 26), (27, 38), (38, 27), (28, 34), (34, 28), (29, 33), (33, 29), (30, 35), (35, 30), (32, 37), (37, 32), (32, 39), (39, 32), (33, 35), (35, 33), (35, 39), (39, 35), (39, 40), (40, 39)]
Z_dad = [25, 30]
Y_dad = [20, 27]
X_dad = [9, 15]
Z_da-ad = [1, 13]
Y_da-ad = [9, 14]
X_da-ad = [15, 31]
