no              #fail
3629.315        #totTm
0.873           #lastADTm
20              #itDAD
3.526           #avItADGoal
8               #itADOpt
6               #opt
6               #optDA-AD
0.924           #tmDA
0.0             #relGain

V = [1, 2, 3, 4, 5, 6, 7, 8, 9, 10, 11, 12, 13, 14, 15, 16, 17, 18, 19, 20, 21, 22, 23, 24, 25, 26, 27, 28, 29, 30, 31, 32, 33, 34, 35, 36, 37, 38, 39, 40]
A = [(1, 3), (3, 1), (1, 7), (7, 1), (1, 11), (11, 1), (1, 25), (25, 1), (2, 12), (12, 2), (2, 13), (13, 2), (2, 28), (28, 2), (2, 33), (33, 2), (3, 12), (12, 3), (3, 19), (19, 3), (3, 22), (22, 3), (3, 30), (30, 3), (4, 6), (6, 4), (4, 19), (19, 4), (4, 20), (20, 4), (4, 37), (37, 4), (5, 13), (13, 5), (5, 22), (22, 5), (5, 27), (27, 5), (5, 31), (31, 5), (5, 34), (34, 5), (5, 35), (35, 5), (8, 25), (25, 8), (8, 28), (28, 8), (8, 29), (29, 8), (8, 34), (34, 8), (8, 35), (35, 8), (8, 37), (37, 8), (8, 40), (40, 8), (9, 36), (36, 9), (9, 37), (37, 9), (10, 27), (27, 10), (10, 34), (34, 10), (11, 14), (14, 11), (11, 18), (18, 11), (11, 22), (22, 11), (11, 27), (27, 11), (11, 31), (31, 11), (11, 34), (34, 11), (11, 35), (35, 11), (11, 38), (38, 11), (12, 18), (18, 12), (12, 22), (22, 12), (13, 17), (17, 13), (13, 20), (20, 13), (13, 22), (22, 13), (13, 26), (26, 13), (13, 33), (33, 13), (14, 16), (16, 14), (14, 26), (26, 14), (14, 34), (34, 14), (15, 29), (29, 15), (15, 30), (30, 15), (16, 34), (34, 16), (16, 35), (35, 16), (17, 28), (28, 17), (17, 38), (38, 17), (18, 29), (29, 18), (19, 29), (29, 19), (19, 30), (30, 19), (19, 33), (33, 19), (20, 30), (30, 20), (20, 36), (36, 20), (21, 24), (24, 21), (21, 31), (31, 21), (22, 24), (24, 22), (22, 27), (27, 22), (23, 26), (26, 23), (23, 36), (36, 23), (24, 31), (31, 24), (24, 36), (36, 24), (25, 30), (30, 25), (25, 34), (34, 25), (26, 34), (34, 26), (27, 28), (28, 27), (28, 36), (36, 28), (28, 38), (38, 28), (28, 40), (40, 28), (29, 35), (35, 29), (30, 39), (39, 30), (31, 32), (32, 31), (31, 33), (33, 31), (31, 36), (36, 31), (32, 37), (37, 32), (37, 40), (40, 37)]
Z_dad = [4, 11]
Y_dad = [6, 13]
X_dad = [3, 25]
Z_da-ad = [1, 30]
Y_da-ad = [7, 29]
X_da-ad = [4, 13]
