no              #fail
7.497           #totTm
0.677           #lastADTm
7               #itDAD
2.333           #avItADGoal
10              #itADOpt
7               #opt
7               #optDA-AD
1.339           #tmDA
0.0             #relGain

V = [1, 2, 3, 4, 5, 6, 7, 8, 9, 10, 11, 12, 13, 14, 15, 16, 17, 18, 19, 20, 21, 22, 23, 24, 25, 26, 27, 28, 29, 30, 31, 32, 33, 34, 35, 36, 37, 38, 39, 40]
A = [(1, 11), (11, 1), (1, 18), (18, 1), (1, 19), (19, 1), (1, 30), (30, 1), (1, 34), (34, 1), (2, 3), (3, 2), (2, 6), (6, 2), (2, 12), (12, 2), (2, 32), (32, 2), (2, 36), (36, 2), (2, 40), (40, 2), (3, 13), (13, 3), (3, 22), (22, 3), (3, 25), (25, 3), (4, 8), (8, 4), (4, 13), (13, 4), (4, 38), (38, 4), (5, 11), (11, 5), (5, 28), (28, 5), (5, 29), (29, 5), (6, 29), (29, 6), (7, 8), (8, 7), (7, 10), (10, 7), (7, 18), (18, 7), (7, 20), (20, 7), (7, 22), (22, 7), (7, 29), (29, 7), (7, 35), (35, 7), (8, 32), (32, 8), (9, 12), (12, 9), (9, 21), (21, 9), (9, 22), (22, 9), (9, 27), (27, 9), (9, 37), (37, 9), (9, 38), (38, 9), (9, 40), (40, 9), (10, 16), (16, 10), (10, 31), (31, 10), (10, 35), (35, 10), (11, 25), (25, 11), (11, 33), (33, 11), (12, 15), (15, 12), (12, 20), (20, 12), (12, 24), (24, 12), (12, 35), (35, 12), (12, 36), (36, 12), (13, 24), (24, 13), (13, 27), (27, 13), (13, 40), (40, 13), (14, 25), (25, 14), (14, 31), (31, 14), (14, 32), (32, 14), (15, 27), (27, 15), (15, 35), (35, 15), (16, 25), (25, 16), (16, 28), (28, 16), (17, 34), (34, 17), (17, 35), (35, 17), (17, 37), (37, 17), (18, 24), (24, 18), (18, 29), (29, 18), (19, 25), (25, 19), (19, 26), (26, 19), (19, 35), (35, 19), (20, 28), (28, 20), (21, 23), (23, 21), (22, 25), (25, 22), (22, 28), (28, 22), (22, 35), (35, 22), (22, 38), (38, 22), (24, 30), (30, 24), (24, 35), (35, 24), (25, 31), (31, 25), (25, 32), (32, 25), (26, 40), (40, 26), (27, 38), (38, 27), (30, 35), (35, 30), (30, 36), (36, 30), (30, 40), (40, 30), (31, 32), (32, 31), (31, 36), (36, 31), (32, 35), (35, 32), (32, 40), (40, 32), (35, 38), (38, 35), (39, 40), (40, 39)]
Z_dad = [9, 11]
Y_dad = [23, 35]
X_dad = [19, 40]
Z_da-ad = [19, 40]
Y_da-ad = [2, 23]
X_da-ad = [6, 11]
