no              #fail
8.263           #totTm
0.921           #lastADTm
7               #itDAD
2.167           #avItADGoal
13              #itADOpt
7               #opt
7               #optDA-AD
0.386           #tmDA
0.0             #relGain

V = [1, 2, 3, 4, 5, 6, 7, 8, 9, 10, 11, 12, 13, 14, 15, 16, 17, 18, 19, 20, 21, 22, 23, 24, 25, 26, 27, 28, 29, 30, 31, 32, 33, 34, 35, 36, 37, 38, 39, 40]
A = [(1, 6), (6, 1), (1, 9), (9, 1), (1, 22), (22, 1), (1, 23), (23, 1), (1, 35), (35, 1), (2, 23), (23, 2), (2, 29), (29, 2), (2, 33), (33, 2), (3, 14), (14, 3), (3, 36), (36, 3), (4, 18), (18, 4), (4, 25), (25, 4), (4, 27), (27, 4), (4, 36), (36, 4), (5, 11), (11, 5), (5, 28), (28, 5), (5, 35), (35, 5), (5, 38), (38, 5), (6, 13), (13, 6), (6, 27), (27, 6), (6, 30), (30, 6), (6, 40), (40, 6), (7, 10), (10, 7), (8, 12), (12, 8), (8, 23), (23, 8), (8, 27), (27, 8), (8, 34), (34, 8), (9, 19), (19, 9), (9, 27), (27, 9), (9, 33), (33, 9), (10, 20), (20, 10), (10, 29), (29, 10), (10, 36), (36, 10), (10, 37), (37, 10), (11, 18), (18, 11), (11, 25), (25, 11), (11, 31), (31, 11), (11, 36), (36, 11), (12, 22), (22, 12), (12, 38), (38, 12), (13, 21), (21, 13), (13, 22), (22, 13), (13, 35), (35, 13), (14, 19), (19, 14), (14, 21), (21, 14), (14, 25), (25, 14), (14, 26), (26, 14), (14, 37), (37, 14), (14, 40), (40, 14), (16, 35), (35, 16), (16, 39), (39, 16), (16, 40), (40, 16), (17, 18), (18, 17), (17, 32), (32, 17), (17, 34), (34, 17), (17, 40), (40, 17), (18, 22), (22, 18), (18, 38), (38, 18), (19, 23), (23, 19), (19, 34), (34, 19), (19, 36), (36, 19), (20, 26), (26, 20), (20, 31), (31, 20), (21, 26), (26, 21), (21, 38), (38, 21), (22, 24), (24, 22), (22, 27), (27, 22), (22, 29), (29, 22), (22, 32), (32, 22), (23, 28), (28, 23), (24, 25), (25, 24), (24, 31), (31, 24), (24, 33), (33, 24), (24, 35), (35, 24), (26, 38), (38, 26), (27, 37), (37, 27), (28, 31), (31, 28), (28, 37), (37, 28), (28, 39), (39, 28), (29, 32), (32, 29), (29, 35), (35, 29), (32, 33), (33, 32), (32, 36), (36, 32), (33, 34), (34, 33), (33, 36), (36, 33)]
Z_dad = [6, 10]
Y_dad = [7, 22]
X_dad = [14, 36]
Z_da-ad = [6, 10]
Y_da-ad = [15, 36]
X_da-ad = [26, 31]
