no              #fail
19.120          #totTm
0.930           #lastADTm
7               #itDAD
4.833           #avItADGoal
14              #itADOpt
7               #opt
7               #optDA-AD
0.625           #tmDA
0.0             #relGain

V = [1, 2, 3, 4, 5, 6, 7, 8, 9, 10, 11, 12, 13, 14, 15, 16, 17, 18, 19, 20, 21, 22, 23, 24, 25, 26, 27, 28, 29, 30, 31, 32, 33, 34, 35, 36, 37, 38, 39, 40]
A = [(1, 4), (4, 1), (1, 26), (26, 1), (1, 39), (39, 1), (2, 12), (12, 2), (2, 14), (14, 2), (2, 21), (21, 2), (2, 29), (29, 2), (2, 31), (31, 2), (3, 6), (6, 3), (3, 7), (7, 3), (3, 10), (10, 3), (3, 12), (12, 3), (3, 19), (19, 3), (3, 37), (37, 3), (4, 9), (9, 4), (4, 12), (12, 4), (4, 17), (17, 4), (4, 25), (25, 4), (4, 30), (30, 4), (4, 38), (38, 4), (4, 39), (39, 4), (5, 6), (6, 5), (5, 16), (16, 5), (5, 27), (27, 5), (5, 32), (32, 5), (5, 34), (34, 5), (6, 18), (18, 6), (7, 14), (14, 7), (7, 15), (15, 7), (7, 16), (16, 7), (7, 18), (18, 7), (7, 22), (22, 7), (7, 27), (27, 7), (7, 29), (29, 7), (7, 32), (32, 7), (7, 40), (40, 7), (8, 21), (21, 8), (8, 23), (23, 8), (8, 25), (25, 8), (8, 30), (30, 8), (9, 16), (16, 9), (9, 19), (19, 9), (9, 21), (21, 9), (9, 37), (37, 9), (10, 34), (34, 10), (11, 27), (27, 11), (12, 28), (28, 12), (12, 35), (35, 12), (13, 16), (16, 13), (13, 25), (25, 13), (13, 28), (28, 13), (14, 28), (28, 14), (14, 38), (38, 14), (15, 23), (23, 15), (15, 29), (29, 15), (15, 32), (32, 15), (15, 34), (34, 15), (16, 32), (32, 16), (16, 34), (34, 16), (18, 20), (20, 18), (18, 22), (22, 18), (19, 35), (35, 19), (19, 36), (36, 19), (19, 37), (37, 19), (19, 39), (39, 19), (19, 40), (40, 19), (20, 29), (29, 20), (20, 31), (31, 20), (21, 31), (31, 21), (22, 30), (30, 22), (22, 37), (37, 22), (22, 38), (38, 22), (23, 27), (27, 23), (25, 38), (38, 25), (26, 32), (32, 26), (26, 34), (34, 26), (27, 28), (28, 27), (27, 33), (33, 27), (30, 37), (37, 30), (32, 37), (37, 32), (33, 39), (39, 33), (34, 37), (37, 34), (35, 37), (37, 35), (38, 40), (40, 38), (39, 40), (40, 39)]
Z_dad = [27, 39]
Y_dad = [4, 24]
X_dad = [12, 19]
Z_da-ad = [19, 27]
Y_da-ad = [4, 11]
X_da-ad = [17, 39]
