no              #fail
528.223         #totTm
0.426           #lastADTm
21              #itDAD
3.400           #avItADGoal
4               #itADOpt
7               #opt
6               #optDA-AD
1.05            #tmDA
14.3            #relGain

V = [1, 2, 3, 4, 5, 6, 7, 8, 9, 10, 11, 12, 13, 14, 15, 16, 17, 18, 19, 20, 21, 22, 23, 24, 25, 26, 27, 28, 29, 30, 31, 32, 33, 34, 35, 36, 37, 38, 39, 40]
A = [(1, 16), (16, 1), (1, 17), (17, 1), (1, 20), (20, 1), (1, 25), (25, 1), (1, 28), (28, 1), (2, 6), (6, 2), (2, 20), (20, 2), (3, 7), (7, 3), (3, 14), (14, 3), (3, 31), (31, 3), (3, 34), (34, 3), (3, 39), (39, 3), (4, 6), (6, 4), (4, 10), (10, 4), (4, 13), (13, 4), (4, 24), (24, 4), (4, 32), (32, 4), (5, 6), (6, 5), (5, 7), (7, 5), (5, 15), (15, 5), (5, 18), (18, 5), (5, 19), (19, 5), (6, 19), (19, 6), (6, 23), (23, 6), (6, 24), (24, 6), (6, 37), (37, 6), (7, 8), (8, 7), (7, 12), (12, 7), (7, 17), (17, 7), (7, 22), (22, 7), (7, 25), (25, 7), (7, 35), (35, 7), (8, 16), (16, 8), (9, 10), (10, 9), (9, 13), (13, 9), (9, 16), (16, 9), (9, 17), (17, 9), (9, 24), (24, 9), (9, 32), (32, 9), (9, 34), (34, 9), (10, 12), (12, 10), (10, 18), (18, 10), (10, 40), (40, 10), (11, 19), (19, 11), (11, 20), (20, 11), (12, 13), (13, 12), (12, 17), (17, 12), (12, 20), (20, 12), (12, 23), (23, 12), (13, 27), (27, 13), (13, 28), (28, 13), (13, 34), (34, 13), (14, 18), (18, 14), (14, 26), (26, 14), (14, 33), (33, 14), (14, 34), (34, 14), (15, 31), (31, 15), (15, 34), (34, 15), (16, 27), (27, 16), (17, 18), (18, 17), (17, 30), (30, 17), (18, 28), (28, 18), (18, 30), (30, 18), (18, 35), (35, 18), (19, 36), (36, 19), (21, 22), (22, 21), (21, 25), (25, 21), (22, 36), (36, 22), (23, 29), (29, 23), (24, 28), (28, 24), (24, 30), (30, 24), (26, 35), (35, 26), (26, 38), (38, 26), (27, 31), (31, 27), (27, 37), (37, 27), (28, 36), (36, 28), (28, 37), (37, 28), (28, 39), (39, 28), (30, 35), (35, 30), (30, 36), (36, 30), (32, 37), (37, 32), (33, 38), (38, 33), (35, 38), (38, 35), (35, 39), (39, 35), (37, 38), (38, 37)]
Z_dad = [6, 36]
Y_dad = [7, 28]
X_dad = [10, 12]
Z_da-ad = [10, 23]
Y_da-ad = [20, 40]
X_da-ad = [14, 38]
