no              #fail
252.034         #totTm
34.475          #lastADTm
11              #itDAD
16.700          #avItADGoal
80              #itADOpt
12              #opt
11              #optDA-AD
1.565           #tmDA
8.3             #relGain

V = [1, 2, 3, 4, 5, 6, 7, 8, 9, 10, 11, 12, 13, 14, 15, 16, 17, 18, 19, 20, 21, 22, 23, 24, 25, 26, 27, 28, 29, 30, 31, 32, 33, 34, 35, 36, 37, 38, 39, 40, 41, 42, 43, 44, 45, 46, 47, 48, 49, 50, 51, 52, 53, 54, 55, 56, 57, 58, 59, 60]
A = [(1, 34), (34, 1), (1, 36), (36, 1), (1, 56), (56, 1), (2, 48), (48, 2), (3, 50), (50, 3), (4, 24), (24, 4), (4, 48), (48, 4), (5, 35), (35, 5), (5, 55), (55, 5), (6, 10), (10, 6), (8, 9), (9, 8), (8, 13), (13, 8), (8, 14), (14, 8), (8, 15), (15, 8), (8, 18), (18, 8), (8, 36), (36, 8), (8, 57), (57, 8), (9, 58), (58, 9), (10, 17), (17, 10), (10, 29), (29, 10), (10, 56), (56, 10), (10, 57), (57, 10), (12, 13), (13, 12), (12, 20), (20, 12), (12, 36), (36, 12), (12, 51), (51, 12), (13, 24), (24, 13), (14, 19), (19, 14), (14, 31), (31, 14), (14, 37), (37, 14), (14, 40), (40, 14), (15, 26), (26, 15), (15, 55), (55, 15), (16, 28), (28, 16), (16, 30), (30, 16), (16, 39), (39, 16), (16, 55), (55, 16), (16, 56), (56, 16), (17, 35), (35, 17), (18, 33), (33, 18), (18, 35), (35, 18), (18, 44), (44, 18), (19, 37), (37, 19), (20, 27), (27, 20), (20, 38), (38, 20), (20, 59), (59, 20), (21, 22), (22, 21), (21, 42), (42, 21), (22, 50), (50, 22), (23, 43), (43, 23), (24, 47), (47, 24), (24, 55), (55, 24), (25, 33), (33, 25), (26, 38), (38, 26), (26, 57), (57, 26), (27, 29), (29, 27), (28, 36), (36, 28), (28, 52), (52, 28), (28, 57), (57, 28), (29, 40), (40, 29), (29, 50), (50, 29), (30, 33), (33, 30), (30, 41), (41, 30), (30, 50), (50, 30), (30, 51), (51, 30), (30, 59), (59, 30), (31, 32), (32, 31), (31, 41), (41, 31), (31, 47), (47, 31), (32, 44), (44, 32), (34, 47), (47, 34), (36, 49), (49, 36), (36, 54), (54, 36), (37, 40), (40, 37), (40, 47), (47, 40), (40, 53), (53, 40), (42, 51), (51, 42), (42, 54), (54, 42), (44, 60), (60, 44), (45, 55), (55, 45), (45, 58), (58, 45), (47, 54), (54, 47), (47, 58), (58, 47), (49, 52), (52, 49), (49, 53), (53, 49), (49, 60), (60, 49), (51, 56), (56, 51), (55, 60), (60, 55)]
Z_dad = [30]
Y_dad = [18, 23, 50]
X_dad = [20, 24, 29]
Z_da-ad = [4]
Y_da-ad = [10, 23, 48]
X_da-ad = [50, 51, 54]
