no              #fail
66.683          #totTm
44.582          #lastADTm
7               #itDAD
1.500           #avItADGoal
84              #itADOpt
15              #opt
15              #optDA-AD
1.286           #tmDA
0.0             #relGain

V = [1, 2, 3, 4, 5, 6, 7, 8, 9, 10, 11, 12, 13, 14, 15, 16, 17, 18, 19, 20, 21, 22, 23, 24, 25, 26, 27, 28, 29, 30, 31, 32, 33, 34, 35, 36, 37, 38, 39, 40, 41, 42, 43, 44, 45, 46, 47, 48, 49, 50, 51, 52, 53, 54, 55, 56, 57, 58, 59, 60]
A = [(1, 23), (23, 1), (2, 36), (36, 2), (2, 38), (38, 2), (2, 40), (40, 2), (2, 46), (46, 2), (3, 11), (11, 3), (5, 19), (19, 5), (5, 32), (32, 5), (5, 58), (58, 5), (6, 12), (12, 6), (7, 21), (21, 7), (7, 27), (27, 7), (7, 48), (48, 7), (7, 52), (52, 7), (7, 58), (58, 7), (8, 37), (37, 8), (8, 53), (53, 8), (9, 15), (15, 9), (9, 17), (17, 9), (9, 39), (39, 9), (9, 49), (49, 9), (9, 60), (60, 9), (10, 14), (14, 10), (10, 45), (45, 10), (10, 60), (60, 10), (11, 33), (33, 11), (11, 37), (37, 11), (11, 57), (57, 11), (12, 36), (36, 12), (14, 17), (17, 14), (14, 22), (22, 14), (14, 24), (24, 14), (14, 27), (27, 14), (14, 28), (28, 14), (14, 55), (55, 14), (15, 22), (22, 15), (15, 28), (28, 15), (16, 24), (24, 16), (16, 50), (50, 16), (16, 56), (56, 16), (17, 33), (33, 17), (17, 51), (51, 17), (17, 54), (54, 17), (18, 20), (20, 18), (18, 44), (44, 18), (19, 20), (20, 19), (19, 32), (32, 19), (20, 31), (31, 20), (20, 43), (43, 20), (20, 50), (50, 20), (21, 33), (33, 21), (21, 49), (49, 21), (22, 24), (24, 22), (22, 35), (35, 22), (22, 58), (58, 22), (22, 60), (60, 22), (24, 27), (27, 24), (24, 37), (37, 24), (25, 35), (35, 25), (25, 48), (48, 25), (27, 38), (38, 27), (27, 39), (39, 27), (27, 45), (45, 27), (29, 41), (41, 29), (29, 50), (50, 29), (29, 53), (53, 29), (30, 52), (52, 30), (30, 58), (58, 30), (32, 42), (42, 32), (32, 49), (49, 32), (33, 34), (34, 33), (34, 44), (44, 34), (35, 39), (39, 35), (35, 43), (43, 35), (35, 58), (58, 35), (37, 54), (54, 37), (40, 57), (57, 40), (41, 56), (56, 41), (44, 58), (58, 44), (45, 58), (58, 45), (46, 55), (55, 46), (47, 59), (59, 47), (49, 58), (58, 49), (49, 59), (59, 49), (50, 57), (57, 50), (54, 57), (57, 54), (54, 58), (58, 54), (58, 60), (60, 58)]
Z_dad = [20]
Y_dad = [2, 23, 58]
X_dad = [24, 37, 57]
Z_da-ad = [49]
Y_da-ad = [6, 29, 42]
X_da-ad = [7, 20, 35]
