no              #fail
133.265         #totTm
12.431          #lastADTm
11              #itDAD
11.500          #avItADGoal
39              #itADOpt
12              #opt
10              #optDA-AD
1.348           #tmDA
16.7            #relGain

V = [1, 2, 3, 4, 5, 6, 7, 8, 9, 10, 11, 12, 13, 14, 15, 16, 17, 18, 19, 20, 21, 22, 23, 24, 25, 26, 27, 28, 29, 30, 31, 32, 33, 34, 35, 36, 37, 38, 39, 40, 41, 42, 43, 44, 45, 46, 47, 48, 49, 50, 51, 52, 53, 54, 55, 56, 57, 58, 59, 60]
A = [(1, 33), (33, 1), (1, 35), (35, 1), (2, 5), (5, 2), (2, 38), (38, 2), (2, 58), (58, 2), (3, 33), (33, 3), (3, 34), (34, 3), (3, 38), (38, 3), (4, 18), (18, 4), (4, 58), (58, 4), (5, 16), (16, 5), (5, 29), (29, 5), (5, 56), (56, 5), (5, 58), (58, 5), (6, 16), (16, 6), (6, 25), (25, 6), (6, 32), (32, 6), (6, 51), (51, 6), (7, 38), (38, 7), (7, 44), (44, 7), (8, 18), (18, 8), (8, 27), (27, 8), (8, 30), (30, 8), (9, 15), (15, 9), (10, 27), (27, 10), (10, 51), (51, 10), (10, 57), (57, 10), (10, 59), (59, 10), (11, 26), (26, 11), (11, 58), (58, 11), (12, 44), (44, 12), (12, 57), (57, 12), (13, 22), (22, 13), (13, 36), (36, 13), (14, 21), (21, 14), (14, 58), (58, 14), (15, 35), (35, 15), (15, 37), (37, 15), (15, 58), (58, 15), (16, 38), (38, 16), (17, 28), (28, 17), (17, 30), (30, 17), (17, 33), (33, 17), (18, 31), (31, 18), (19, 32), (32, 19), (19, 40), (40, 19), (19, 54), (54, 19), (21, 31), (31, 21), (22, 46), (46, 22), (23, 33), (33, 23), (24, 31), (31, 24), (24, 44), (44, 24), (25, 42), (42, 25), (25, 48), (48, 25), (25, 57), (57, 25), (26, 49), (49, 26), (27, 29), (29, 27), (27, 48), (48, 27), (28, 37), (37, 28), (28, 44), (44, 28), (29, 40), (40, 29), (29, 59), (59, 29), (30, 42), (42, 30), (30, 45), (45, 30), (30, 53), (53, 30), (30, 59), (59, 30), (31, 33), (33, 31), (31, 36), (36, 31), (31, 45), (45, 31), (32, 51), (51, 32), (33, 53), (53, 33), (34, 35), (35, 34), (34, 58), (58, 34), (36, 38), (38, 36), (36, 57), (57, 36), (37, 42), (42, 37), (37, 47), (47, 37), (37, 56), (56, 37), (40, 49), (49, 40), (40, 54), (54, 40), (41, 56), (56, 41), (42, 52), (52, 42), (43, 45), (45, 43), (49, 51), (51, 49), (50, 54), (54, 50), (52, 54), (54, 52), (52, 60), (60, 52), (54, 59), (59, 54)]
Z_dad = [58]
Y_dad = [31, 37, 55]
X_dad = [15, 33, 38]
Z_da-ad = [13]
Y_da-ad = [22, 27, 39]
X_da-ad = [5, 15, 37]
