no              #fail
430.416         #totTm
14.283          #lastADTm
16              #itDAD
6.067           #avItADGoal
40              #itADOpt
10              #opt
8               #optDA-AD
17.01           #tmDA
20.0            #relGain

V = [1, 2, 3, 4, 5, 6, 7, 8, 9, 10, 11, 12, 13, 14, 15, 16, 17, 18, 19, 20, 21, 22, 23, 24, 25, 26, 27, 28, 29, 30, 31, 32, 33, 34, 35, 36, 37, 38, 39, 40, 41, 42, 43, 44, 45, 46, 47, 48, 49, 50, 51, 52, 53, 54, 55, 56, 57, 58, 59, 60]
A = [(1, 18), (18, 1), (1, 19), (19, 1), (1, 28), (28, 1), (1, 33), (33, 1), (2, 38), (38, 2), (3, 16), (16, 3), (4, 7), (7, 4), (4, 48), (48, 4), (5, 15), (15, 5), (5, 39), (39, 5), (5, 44), (44, 5), (5, 49), (49, 5), (5, 51), (51, 5), (6, 9), (9, 6), (6, 27), (27, 6), (7, 42), (42, 7), (7, 52), (52, 7), (8, 12), (12, 8), (8, 24), (24, 8), (8, 59), (59, 8), (9, 22), (22, 9), (9, 33), (33, 9), (9, 38), (38, 9), (10, 13), (13, 10), (10, 27), (27, 10), (10, 53), (53, 10), (11, 12), (12, 11), (11, 32), (32, 11), (12, 29), (29, 12), (13, 31), (31, 13), (13, 49), (49, 13), (13, 52), (52, 13), (14, 18), (18, 14), (14, 33), (33, 14), (15, 17), (17, 15), (15, 36), (36, 15), (15, 52), (52, 15), (15, 58), (58, 15), (16, 26), (26, 16), (16, 52), (52, 16), (17, 24), (24, 17), (17, 46), (46, 17), (18, 34), (34, 18), (18, 57), (57, 18), (18, 59), (59, 18), (19, 26), (26, 19), (19, 30), (30, 19), (19, 45), (45, 19), (19, 54), (54, 19), (20, 27), (27, 20), (20, 48), (48, 20), (21, 25), (25, 21), (22, 30), (30, 22), (22, 42), (42, 22), (22, 48), (48, 22), (22, 53), (53, 22), (22, 59), (59, 22), (23, 42), (42, 23), (24, 37), (37, 24), (24, 46), (46, 24), (24, 47), (47, 24), (25, 29), (29, 25), (25, 35), (35, 25), (26, 59), (59, 26), (27, 32), (32, 27), (27, 37), (37, 27), (27, 45), (45, 27), (27, 47), (47, 27), (28, 46), (46, 28), (29, 32), (32, 29), (30, 50), (50, 30), (31, 37), (37, 31), (32, 34), (34, 32), (32, 37), (37, 32), (33, 46), (46, 33), (35, 56), (56, 35), (36, 40), (40, 36), (36, 44), (44, 36), (37, 42), (42, 37), (38, 48), (48, 38), (40, 51), (51, 40), (41, 48), (48, 41), (42, 51), (51, 42), (43, 47), (47, 43), (44, 50), (50, 44), (48, 55), (55, 48), (52, 60), (60, 52), (53, 60), (60, 53)]
Z_dad = [48]
Y_dad = [25, 27, 52]
X_dad = [7, 9, 35]
Z_da-ad = [16]
Y_da-ad = [3, 35, 48]
X_da-ad = [19, 24, 27]
