no              #fail
1929.151        #totTm
35.482          #lastADTm
14              #itDAD
15.462          #avItADGoal
82              #itADOpt
11              #opt
11              #optDA-AD
1.067           #tmDA
0.0             #relGain

V = [1, 2, 3, 4, 5, 6, 7, 8, 9, 10, 11, 12, 13, 14, 15, 16, 17, 18, 19, 20, 21, 22, 23, 24, 25, 26, 27, 28, 29, 30, 31, 32, 33, 34, 35, 36, 37, 38, 39, 40, 41, 42, 43, 44, 45, 46, 47, 48, 49, 50, 51, 52, 53, 54, 55, 56, 57, 58, 59, 60]
A = [(1, 17), (17, 1), (1, 31), (31, 1), (2, 23), (23, 2), (2, 28), (28, 2), (3, 6), (6, 3), (3, 15), (15, 3), (3, 30), (30, 3), (4, 33), (33, 4), (4, 41), (41, 4), (4, 55), (55, 4), (5, 24), (24, 5), (5, 60), (60, 5), (6, 18), (18, 6), (6, 60), (60, 6), (7, 24), (24, 7), (7, 30), (30, 7), (7, 37), (37, 7), (7, 55), (55, 7), (8, 24), (24, 8), (8, 30), (30, 8), (8, 34), (34, 8), (8, 47), (47, 8), (9, 11), (11, 9), (9, 24), (24, 9), (9, 35), (35, 9), (9, 39), (39, 9), (9, 55), (55, 9), (10, 36), (36, 10), (11, 13), (13, 11), (11, 23), (23, 11), (11, 40), (40, 11), (12, 19), (19, 12), (13, 29), (29, 13), (13, 30), (30, 13), (13, 38), (38, 13), (15, 23), (23, 15), (16, 19), (19, 16), (16, 20), (20, 16), (16, 44), (44, 16), (16, 49), (49, 16), (16, 56), (56, 16), (17, 39), (39, 17), (17, 44), (44, 17), (17, 49), (49, 17), (18, 41), (41, 18), (18, 46), (46, 18), (19, 28), (28, 19), (19, 40), (40, 19), (19, 59), (59, 19), (20, 45), (45, 20), (21, 23), (23, 21), (21, 28), (28, 21), (21, 60), (60, 21), (22, 35), (35, 22), (22, 40), (40, 22), (22, 46), (46, 22), (22, 54), (54, 22), (24, 37), (37, 24), (24, 54), (54, 24), (25, 41), (41, 25), (26, 34), (34, 26), (26, 36), (36, 26), (26, 38), (38, 26), (26, 48), (48, 26), (27, 30), (30, 27), (27, 43), (43, 27), (27, 53), (53, 27), (28, 42), (42, 28), (28, 56), (56, 28), (30, 55), (55, 30), (31, 47), (47, 31), (32, 49), (49, 32), (32, 53), (53, 32), (33, 49), (49, 33), (33, 55), (55, 33), (35, 38), (38, 35), (36, 38), (38, 36), (37, 53), (53, 37), (38, 52), (52, 38), (39, 40), (40, 39), (39, 46), (46, 39), (40, 42), (42, 40), (43, 59), (59, 43), (44, 47), (47, 44), (44, 59), (59, 44), (47, 56), (56, 47), (50, 58), (58, 50), (54, 58), (58, 54)]
Z_dad = [54]
Y_dad = [38, 40, 50]
X_dad = [13, 16, 19]
Z_da-ad = [16]
Y_da-ad = [5, 26, 45]
X_da-ad = [18, 49, 55]
