no              #fail
351.528         #totTm
25.848          #lastADTm
12              #itDAD
18.182          #avItADGoal
44              #itADOpt
12              #opt
11              #optDA-AD
2.411           #tmDA
8.3             #relGain

V = [1, 2, 3, 4, 5, 6, 7, 8, 9, 10, 11, 12, 13, 14, 15, 16, 17, 18, 19, 20, 21, 22, 23, 24, 25, 26, 27, 28, 29, 30, 31, 32, 33, 34, 35, 36, 37, 38, 39, 40, 41, 42, 43, 44, 45, 46, 47, 48, 49, 50, 51, 52, 53, 54, 55, 56, 57, 58, 59, 60]
A = [(1, 26), (26, 1), (1, 36), (36, 1), (1, 37), (37, 1), (1, 39), (39, 1), (1, 55), (55, 1), (1, 58), (58, 1), (2, 26), (26, 2), (2, 42), (42, 2), (2, 55), (55, 2), (3, 17), (17, 3), (3, 48), (48, 3), (5, 6), (6, 5), (5, 13), (13, 5), (5, 23), (23, 5), (5, 44), (44, 5), (5, 52), (52, 5), (5, 60), (60, 5), (6, 20), (20, 6), (7, 12), (12, 7), (8, 16), (16, 8), (8, 26), (26, 8), (9, 29), (29, 9), (9, 44), (44, 9), (10, 58), (58, 10), (11, 25), (25, 11), (11, 38), (38, 11), (12, 21), (21, 12), (12, 47), (47, 12), (12, 60), (60, 12), (13, 36), (36, 13), (14, 15), (15, 14), (15, 26), (26, 15), (15, 27), (27, 15), (15, 40), (40, 15), (15, 52), (52, 15), (16, 21), (21, 16), (16, 39), (39, 16), (16, 42), (42, 16), (17, 46), (46, 17), (17, 47), (47, 17), (17, 51), (51, 17), (17, 60), (60, 17), (18, 20), (20, 18), (18, 53), (53, 18), (18, 58), (58, 18), (20, 30), (30, 20), (20, 40), (40, 20), (21, 29), (29, 21), (21, 31), (31, 21), (21, 41), (41, 21), (22, 46), (46, 22), (23, 41), (41, 23), (23, 43), (43, 23), (23, 48), (48, 23), (24, 31), (31, 24), (24, 39), (39, 24), (25, 49), (49, 25), (25, 51), (51, 25), (27, 28), (28, 27), (27, 33), (33, 27), (27, 52), (52, 27), (29, 34), (34, 29), (29, 42), (42, 29), (29, 59), (59, 29), (30, 41), (41, 30), (30, 45), (45, 30), (30, 56), (56, 30), (30, 59), (59, 30), (33, 40), (40, 33), (33, 50), (50, 33), (33, 52), (52, 33), (35, 41), (41, 35), (36, 60), (60, 36), (37, 44), (44, 37), (38, 40), (40, 38), (39, 44), (44, 39), (40, 60), (60, 40), (42, 44), (44, 42), (43, 59), (59, 43), (45, 47), (47, 45), (46, 47), (47, 46), (46, 59), (59, 46), (48, 51), (51, 48), (48, 56), (56, 48), (49, 51), (51, 49), (51, 56), (56, 51), (52, 54), (54, 52), (54, 57), (57, 54)]
Z_dad = [30]
Y_dad = [1, 17, 52]
X_dad = [40, 51, 58]
Z_da-ad = [52]
Y_da-ad = [4, 40, 57]
X_da-ad = [15, 29, 33]
