no              #fail
69.701          #totTm
49.434          #lastADTm
5               #itDAD
4.500           #avItADGoal
81              #itADOpt
14              #opt
11              #optDA-AD
1.501           #tmDA
21.4            #relGain

V = [1, 2, 3, 4, 5, 6, 7, 8, 9, 10, 11, 12, 13, 14, 15, 16, 17, 18, 19, 20, 21, 22, 23, 24, 25, 26, 27, 28, 29, 30, 31, 32, 33, 34, 35, 36, 37, 38, 39, 40, 41, 42, 43, 44, 45, 46, 47, 48, 49, 50, 51, 52, 53, 54, 55, 56, 57, 58, 59, 60]
A = [(1, 51), (51, 1), (2, 19), (19, 2), (2, 20), (20, 2), (2, 46), (46, 2), (2, 50), (50, 2), (2, 60), (60, 2), (3, 13), (13, 3), (3, 30), (30, 3), (3, 34), (34, 3), (3, 39), (39, 3), (3, 40), (40, 3), (3, 47), (47, 3), (3, 52), (52, 3), (4, 20), (20, 4), (5, 21), (21, 5), (5, 29), (29, 5), (6, 40), (40, 6), (6, 42), (42, 6), (6, 47), (47, 6), (6, 58), (58, 6), (7, 10), (10, 7), (7, 24), (24, 7), (7, 46), (46, 7), (8, 10), (10, 8), (8, 15), (15, 8), (8, 29), (29, 8), (9, 13), (13, 9), (9, 14), (14, 9), (9, 42), (42, 9), (10, 32), (32, 10), (10, 40), (40, 10), (10, 56), (56, 10), (12, 60), (60, 12), (13, 41), (41, 13), (13, 43), (43, 13), (14, 15), (15, 14), (14, 27), (27, 14), (14, 57), (57, 14), (15, 16), (16, 15), (16, 43), (43, 16), (16, 59), (59, 16), (17, 45), (45, 17), (18, 43), (43, 18), (18, 47), (47, 18), (19, 31), (31, 19), (19, 37), (37, 19), (19, 39), (39, 19), (20, 43), (43, 20), (21, 30), (30, 21), (21, 39), (39, 21), (22, 53), (53, 22), (22, 60), (60, 22), (23, 33), (33, 23), (23, 57), (57, 23), (24, 31), (31, 24), (24, 54), (54, 24), (25, 39), (39, 25), (27, 37), (37, 27), (27, 47), (47, 27), (28, 49), (49, 28), (28, 55), (55, 28), (29, 41), (41, 29), (29, 57), (57, 29), (30, 40), (40, 30), (30, 44), (44, 30), (30, 55), (55, 30), (31, 40), (40, 31), (31, 53), (53, 31), (33, 38), (38, 33), (33, 41), (41, 33), (33, 58), (58, 33), (34, 36), (36, 34), (35, 55), (55, 35), (37, 52), (52, 37), (39, 52), (52, 39), (39, 58), (58, 39), (43, 57), (57, 43), (44, 52), (52, 44), (46, 49), (49, 46), (47, 55), (55, 47), (47, 58), (58, 47), (48, 50), (50, 48), (51, 53), (53, 51), (53, 55), (55, 53), (53, 57), (57, 53), (54, 57), (57, 54), (56, 57), (57, 56), (57, 58), (58, 57)]
Z_dad = [2]
Y_dad = [3, 50, 53]
X_dad = [10, 24, 55]
Z_da-ad = [3]
Y_da-ad = [2, 17, 34]
X_da-ad = [10, 53, 60]
