no              #fail
223.685         #totTm
31.659          #lastADTm
14              #itDAD
14.923          #avItADGoal
80              #itADOpt
13              #opt
13              #optDA-AD
1.229           #tmDA
0.0             #relGain

V = [1, 2, 3, 4, 5, 6, 7, 8, 9, 10, 11, 12, 13, 14, 15, 16, 17, 18, 19, 20, 21, 22, 23, 24, 25, 26, 27, 28, 29, 30, 31, 32, 33, 34, 35, 36, 37, 38, 39, 40, 41, 42, 43, 44, 45, 46, 47, 48, 49, 50, 51, 52, 53, 54, 55, 56, 57, 58, 59, 60]
A = [(1, 35), (35, 1), (1, 37), (37, 1), (2, 12), (12, 2), (2, 38), (38, 2), (2, 42), (42, 2), (2, 54), (54, 2), (3, 7), (7, 3), (4, 25), (25, 4), (5, 7), (7, 5), (5, 24), (24, 5), (5, 38), (38, 5), (5, 40), (40, 5), (5, 57), (57, 5), (6, 7), (7, 6), (6, 9), (9, 6), (6, 25), (25, 6), (6, 41), (41, 6), (6, 58), (58, 6), (7, 14), (14, 7), (7, 25), (25, 7), (7, 46), (46, 7), (7, 47), (47, 7), (8, 30), (30, 8), (8, 38), (38, 8), (8, 45), (45, 8), (8, 46), (46, 8), (9, 59), (59, 9), (10, 57), (57, 10), (11, 17), (17, 11), (11, 24), (24, 11), (13, 22), (22, 13), (13, 32), (32, 13), (13, 48), (48, 13), (14, 17), (17, 14), (14, 28), (28, 14), (14, 58), (58, 14), (15, 28), (28, 15), (15, 52), (52, 15), (16, 36), (36, 16), (17, 56), (56, 17), (17, 59), (59, 17), (18, 21), (21, 18), (19, 32), (32, 19), (19, 51), (51, 19), (19, 52), (52, 19), (19, 57), (57, 19), (20, 43), (43, 20), (20, 51), (51, 20), (22, 24), (24, 22), (22, 39), (39, 22), (23, 25), (25, 23), (24, 50), (50, 24), (25, 32), (32, 25), (25, 47), (47, 25), (27, 31), (31, 27), (27, 36), (36, 27), (27, 48), (48, 27), (27, 49), (49, 27), (28, 32), (32, 28), (28, 48), (48, 28), (28, 57), (57, 28), (29, 30), (30, 29), (29, 32), (32, 29), (29, 58), (58, 29), (30, 58), (58, 30), (31, 50), (50, 31), (31, 57), (57, 31), (31, 58), (58, 31), (32, 34), (34, 32), (33, 40), (40, 33), (33, 55), (55, 33), (34, 47), (47, 34), (35, 36), (36, 35), (35, 40), (40, 35), (35, 60), (60, 35), (36, 50), (50, 36), (36, 59), (59, 36), (38, 53), (53, 38), (39, 48), (48, 39), (41, 48), (48, 41), (42, 57), (57, 42), (44, 56), (56, 44), (47, 50), (50, 47), (47, 57), (57, 47), (48, 50), (50, 48), (48, 51), (51, 48), (49, 54), (54, 49), (51, 60), (60, 51)]
Z_dad = [51]
Y_dad = [21, 35, 57]
X_dad = [17, 25, 40]
Z_da-ad = [25]
Y_da-ad = [1, 2, 18]
X_da-ad = [5, 35, 51]
