no              #fail
217.584         #totTm
46.621          #lastADTm
10              #itDAD
18.111          #avItADGoal
115             #itADOpt
13              #opt
12              #optDA-AD
4.033           #tmDA
7.7             #relGain

V = [1, 2, 3, 4, 5, 6, 7, 8, 9, 10, 11, 12, 13, 14, 15, 16, 17, 18, 19, 20, 21, 22, 23, 24, 25, 26, 27, 28, 29, 30, 31, 32, 33, 34, 35, 36, 37, 38, 39, 40, 41, 42, 43, 44, 45, 46, 47, 48, 49, 50, 51, 52, 53, 54, 55, 56, 57, 58, 59, 60]
A = [(1, 10), (10, 1), (1, 24), (24, 1), (1, 37), (37, 1), (1, 54), (54, 1), (2, 49), (49, 2), (3, 4), (4, 3), (3, 38), (38, 3), (5, 8), (8, 5), (5, 14), (14, 5), (5, 23), (23, 5), (5, 25), (25, 5), (5, 49), (49, 5), (5, 57), (57, 5), (6, 23), (23, 6), (6, 27), (27, 6), (6, 29), (29, 6), (7, 13), (13, 7), (7, 14), (14, 7), (7, 30), (30, 7), (8, 12), (12, 8), (8, 20), (20, 8), (8, 23), (23, 8), (8, 40), (40, 8), (9, 26), (26, 9), (10, 20), (20, 10), (10, 42), (42, 10), (10, 59), (59, 10), (11, 46), (46, 11), (12, 27), (27, 12), (12, 54), (54, 12), (13, 26), (26, 13), (13, 58), (58, 13), (14, 25), (25, 14), (15, 26), (26, 15), (15, 42), (42, 15), (15, 56), (56, 15), (16, 31), (31, 16), (16, 42), (42, 16), (16, 49), (49, 16), (17, 19), (19, 17), (17, 20), (20, 17), (17, 55), (55, 17), (18, 19), (19, 18), (18, 21), (21, 18), (18, 58), (58, 18), (18, 59), (59, 18), (19, 44), (44, 19), (19, 46), (46, 19), (19, 48), (48, 19), (20, 40), (40, 20), (20, 43), (43, 20), (20, 54), (54, 20), (23, 55), (55, 23), (23, 56), (56, 23), (24, 27), (27, 24), (24, 56), (56, 24), (25, 35), (35, 25), (25, 43), (43, 25), (26, 49), (49, 26), (27, 56), (56, 27), (27, 57), (57, 27), (28, 38), (38, 28), (29, 30), (30, 29), (29, 49), (49, 29), (30, 51), (51, 30), (30, 59), (59, 30), (33, 39), (39, 33), (33, 59), (59, 33), (34, 42), (42, 34), (35, 50), (50, 35), (36, 52), (52, 36), (36, 55), (55, 36), (36, 60), (60, 36), (39, 47), (47, 39), (40, 46), (46, 40), (41, 55), (55, 41), (42, 44), (44, 42), (42, 48), (48, 42), (42, 58), (58, 42), (46, 57), (57, 46), (48, 52), (52, 48), (49, 50), (50, 49), (50, 54), (54, 50), (51, 52), (52, 51), (51, 54), (54, 51), (53, 56), (56, 53), (56, 58), (58, 56), (57, 58), (58, 57)]
Z_dad = [42]
Y_dad = [28, 45, 49]
X_dad = [38, 46, 59]
Z_da-ad = [3]
Y_da-ad = [28, 33, 42]
X_da-ad = [17, 23, 52]
