no              #fail
80.868          #totTm
16.527          #lastADTm
9               #itDAD
4.625           #avItADGoal
40              #itADOpt
12              #opt
10              #optDA-AD
0.545           #tmDA
16.7            #relGain

V = [1, 2, 3, 4, 5, 6, 7, 8, 9, 10, 11, 12, 13, 14, 15, 16, 17, 18, 19, 20, 21, 22, 23, 24, 25, 26, 27, 28, 29, 30, 31, 32, 33, 34, 35, 36, 37, 38, 39, 40, 41, 42, 43, 44, 45, 46, 47, 48, 49, 50, 51, 52, 53, 54, 55, 56, 57, 58, 59, 60]
A = [(1, 4), (4, 1), (1, 6), (6, 1), (1, 44), (44, 1), (2, 4), (4, 2), (2, 16), (16, 2), (2, 27), (27, 2), (2, 53), (53, 2), (3, 22), (22, 3), (3, 53), (53, 3), (4, 15), (15, 4), (4, 44), (44, 4), (5, 14), (14, 5), (5, 60), (60, 5), (6, 14), (14, 6), (6, 21), (21, 6), (6, 22), (22, 6), (6, 30), (30, 6), (6, 35), (35, 6), (6, 42), (42, 6), (6, 47), (47, 6), (8, 38), (38, 8), (8, 39), (39, 8), (8, 55), (55, 8), (9, 30), (30, 9), (9, 37), (37, 9), (10, 15), (15, 10), (10, 40), (40, 10), (11, 26), (26, 11), (11, 54), (54, 11), (12, 25), (25, 12), (12, 53), (53, 12), (12, 57), (57, 12), (13, 30), (30, 13), (13, 31), (31, 13), (13, 37), (37, 13), (13, 50), (50, 13), (14, 31), (31, 14), (14, 51), (51, 14), (15, 20), (20, 15), (16, 23), (23, 16), (16, 26), (26, 16), (16, 42), (42, 16), (16, 45), (45, 16), (17, 29), (29, 17), (18, 19), (19, 18), (18, 50), (50, 18), (18, 59), (59, 18), (19, 26), (26, 19), (19, 30), (30, 19), (19, 33), (33, 19), (19, 39), (39, 19), (20, 41), (41, 20), (20, 43), (43, 20), (22, 24), (24, 22), (22, 36), (36, 22), (22, 40), (40, 22), (22, 41), (41, 22), (23, 35), (35, 23), (23, 49), (49, 23), (23, 50), (50, 23), (26, 29), (29, 26), (26, 52), (52, 26), (26, 57), (57, 26), (26, 58), (58, 26), (27, 57), (57, 27), (28, 40), (40, 28), (29, 56), (56, 29), (30, 56), (56, 30), (31, 60), (60, 31), (33, 60), (60, 33), (34, 35), (35, 34), (34, 56), (56, 34), (34, 58), (58, 34), (35, 36), (36, 35), (35, 48), (48, 35), (36, 43), (43, 36), (36, 59), (59, 36), (37, 56), (56, 37), (37, 59), (59, 37), (40, 44), (44, 40), (41, 59), (59, 41), (42, 56), (56, 42), (43, 47), (47, 43), (46, 47), (47, 46), (47, 59), (59, 47), (47, 60), (60, 47), (53, 54), (54, 53), (54, 55), (55, 54)]
Z_dad = [22]
Y_dad = [1, 19, 26]
X_dad = [2, 54, 57]
Z_da-ad = [8]
Y_da-ad = [5, 7, 26]
X_da-ad = [4, 6, 40]
