no              #fail
230.885         #totTm
166.789         #lastADTm
10              #itDAD
7.444           #avItADGoal
277             #itADOpt
15              #opt
13              #optDA-AD
1.97            #tmDA
13.3            #relGain

V = [1, 2, 3, 4, 5, 6, 7, 8, 9, 10, 11, 12, 13, 14, 15, 16, 17, 18, 19, 20, 21, 22, 23, 24, 25, 26, 27, 28, 29, 30, 31, 32, 33, 34, 35, 36, 37, 38, 39, 40, 41, 42, 43, 44, 45, 46, 47, 48, 49, 50, 51, 52, 53, 54, 55, 56, 57, 58, 59, 60]
A = [(1, 19), (19, 1), (1, 21), (21, 1), (2, 7), (7, 2), (2, 42), (42, 2), (2, 43), (43, 2), (3, 4), (4, 3), (3, 31), (31, 3), (3, 34), (34, 3), (4, 11), (11, 4), (4, 15), (15, 4), (4, 31), (31, 4), (4, 34), (34, 4), (4, 46), (46, 4), (5, 6), (6, 5), (5, 11), (11, 5), (5, 12), (12, 5), (5, 13), (13, 5), (5, 41), (41, 5), (6, 12), (12, 6), (6, 13), (13, 6), (6, 55), (55, 6), (7, 8), (8, 7), (8, 30), (30, 8), (8, 36), (36, 8), (8, 49), (49, 8), (8, 55), (55, 8), (9, 14), (14, 9), (9, 25), (25, 9), (9, 55), (55, 9), (10, 21), (21, 10), (10, 49), (49, 10), (10, 51), (51, 10), (10, 53), (53, 10), (11, 12), (12, 11), (11, 15), (15, 11), (11, 22), (22, 11), (11, 51), (51, 11), (12, 50), (50, 12), (13, 37), (37, 13), (13, 51), (51, 13), (14, 20), (20, 14), (15, 21), (21, 15), (15, 39), (39, 15), (16, 26), (26, 16), (16, 30), (30, 16), (16, 33), (33, 16), (17, 55), (55, 17), (18, 30), (30, 18), (18, 39), (39, 18), (19, 39), (39, 19), (19, 60), (60, 19), (20, 25), (25, 20), (20, 33), (33, 20), (20, 52), (52, 20), (21, 30), (30, 21), (22, 27), (27, 22), (22, 48), (48, 22), (23, 33), (33, 23), (23, 54), (54, 23), (24, 29), (29, 24), (24, 51), (51, 24), (25, 34), (34, 25), (26, 28), (28, 26), (26, 51), (51, 26), (27, 51), (51, 27), (30, 34), (34, 30), (30, 49), (49, 30), (30, 52), (52, 30), (31, 38), (38, 31), (31, 46), (46, 31), (32, 59), (59, 32), (34, 49), (49, 34), (34, 56), (56, 34), (37, 56), (56, 37), (38, 42), (42, 38), (38, 46), (46, 38), (38, 51), (51, 38), (39, 56), (56, 39), (40, 50), (50, 40), (41, 42), (42, 41), (41, 48), (48, 41), (43, 55), (55, 43), (43, 57), (57, 43), (48, 52), (52, 48), (48, 56), (56, 48), (48, 57), (57, 48), (48, 58), (58, 48), (51, 55), (55, 51)]
Z_dad = [51]
Y_dad = [24, 33, 34]
X_dad = [12, 21, 39]
Z_da-ad = [33]
Y_da-ad = [23, 32, 51]
X_da-ad = [34, 52, 55]
