no              #fail
343.684         #totTm
74.050          #lastADTm
12              #itDAD
18.273          #avItADGoal
178             #itADOpt
13              #opt
12              #optDA-AD
1.268           #tmDA
7.7             #relGain

V = [1, 2, 3, 4, 5, 6, 7, 8, 9, 10, 11, 12, 13, 14, 15, 16, 17, 18, 19, 20, 21, 22, 23, 24, 25, 26, 27, 28, 29, 30, 31, 32, 33, 34, 35, 36, 37, 38, 39, 40, 41, 42, 43, 44, 45, 46, 47, 48, 49, 50, 51, 52, 53, 54, 55, 56, 57, 58, 59, 60]
A = [(1, 15), (15, 1), (2, 8), (8, 2), (2, 30), (30, 2), (2, 40), (40, 2), (2, 44), (44, 2), (3, 13), (13, 3), (4, 20), (20, 4), (4, 23), (23, 4), (5, 35), (35, 5), (5, 49), (49, 5), (6, 10), (10, 6), (6, 15), (15, 6), (6, 54), (54, 6), (7, 8), (8, 7), (7, 21), (21, 7), (7, 23), (23, 7), (7, 29), (29, 7), (7, 38), (38, 7), (7, 40), (40, 7), (7, 49), (49, 7), (8, 18), (18, 8), (8, 31), (31, 8), (9, 22), (22, 9), (9, 29), (29, 9), (9, 47), (47, 9), (10, 12), (12, 10), (10, 44), (44, 10), (10, 51), (51, 10), (10, 52), (52, 10), (10, 58), (58, 10), (11, 60), (60, 11), (12, 18), (18, 12), (12, 57), (57, 12), (13, 32), (32, 13), (14, 41), (41, 14), (14, 56), (56, 14), (15, 27), (27, 15), (15, 41), (41, 15), (15, 44), (44, 15), (15, 55), (55, 15), (16, 26), (26, 16), (16, 27), (27, 16), (16, 52), (52, 16), (17, 29), (29, 17), (17, 50), (50, 17), (18, 54), (54, 18), (19, 36), (36, 19), (19, 44), (44, 19), (20, 26), (26, 20), (21, 51), (51, 21), (22, 47), (47, 22), (22, 53), (53, 22), (22, 54), (54, 22), (23, 30), (30, 23), (23, 48), (48, 23), (23, 49), (49, 23), (23, 53), (53, 23), (25, 37), (37, 25), (25, 39), (39, 25), (25, 51), (51, 25), (26, 27), (27, 26), (26, 47), (47, 26), (26, 48), (48, 26), (26, 52), (52, 26), (27, 45), (45, 27), (28, 54), (54, 28), (28, 55), (55, 28), (29, 54), (54, 29), (32, 45), (45, 32), (35, 40), (40, 35), (37, 48), (48, 37), (39, 40), (40, 39), (39, 46), (46, 39), (39, 59), (59, 39), (40, 41), (41, 40), (40, 44), (44, 40), (40, 47), (47, 40), (41, 54), (54, 41), (41, 57), (57, 41), (42, 60), (60, 42), (43, 54), (54, 43), (44, 58), (58, 44), (45, 54), (54, 45), (45, 60), (60, 45), (46, 48), (48, 46), (46, 57), (57, 46), (48, 49), (49, 48), (49, 55), (55, 49)]
Z_dad = [60]
Y_dad = [29, 32, 44]
X_dad = [7, 41, 54]
Z_da-ad = [45]
Y_da-ad = [3, 11, 44]
X_da-ad = [15, 29, 41]
