no              #fail
497.110         #totTm
42.308          #lastADTm
14              #itDAD
19.231          #avItADGoal
103             #itADOpt
13              #opt
13              #optDA-AD
0.856           #tmDA
0.0             #relGain

V = [1, 2, 3, 4, 5, 6, 7, 8, 9, 10, 11, 12, 13, 14, 15, 16, 17, 18, 19, 20, 21, 22, 23, 24, 25, 26, 27, 28, 29, 30, 31, 32, 33, 34, 35, 36, 37, 38, 39, 40, 41, 42, 43, 44, 45, 46, 47, 48, 49, 50, 51, 52, 53, 54, 55, 56, 57, 58, 59, 60]
A = [(1, 6), (6, 1), (1, 33), (33, 1), (1, 39), (39, 1), (1, 49), (49, 1), (2, 18), (18, 2), (2, 19), (19, 2), (2, 28), (28, 2), (2, 33), (33, 2), (2, 55), (55, 2), (3, 36), (36, 3), (4, 27), (27, 4), (4, 42), (42, 4), (5, 16), (16, 5), (6, 7), (7, 6), (6, 9), (9, 6), (6, 15), (15, 6), (7, 27), (27, 7), (7, 30), (30, 7), (7, 49), (49, 7), (8, 15), (15, 8), (8, 35), (35, 8), (8, 51), (51, 8), (9, 10), (10, 9), (9, 22), (22, 9), (9, 26), (26, 9), (9, 53), (53, 9), (11, 20), (20, 11), (11, 24), (24, 11), (11, 28), (28, 11), (11, 33), (33, 11), (11, 43), (43, 11), (12, 17), (17, 12), (12, 22), (22, 12), (12, 23), (23, 12), (12, 33), (33, 12), (12, 36), (36, 12), (13, 60), (60, 13), (14, 27), (27, 14), (15, 34), (34, 15), (15, 35), (35, 15), (15, 38), (38, 15), (16, 56), (56, 16), (17, 43), (43, 17), (17, 51), (51, 17), (18, 40), (40, 18), (18, 57), (57, 18), (20, 36), (36, 20), (20, 48), (48, 20), (21, 31), (31, 21), (22, 43), (43, 22), (22, 51), (51, 22), (23, 34), (34, 23), (23, 37), (37, 23), (23, 59), (59, 23), (25, 30), (30, 25), (26, 27), (27, 26), (26, 45), (45, 26), (27, 55), (55, 27), (29, 45), (45, 29), (29, 49), (49, 29), (29, 53), (53, 29), (32, 36), (36, 32), (34, 40), (40, 34), (35, 50), (50, 35), (35, 52), (52, 35), (36, 39), (39, 36), (37, 42), (42, 37), (37, 56), (56, 37), (38, 45), (45, 38), (38, 46), (46, 38), (38, 51), (51, 38), (39, 43), (43, 39), (39, 53), (53, 39), (41, 46), (46, 41), (41, 50), (50, 41), (42, 57), (57, 42), (43, 55), (55, 43), (45, 47), (47, 45), (45, 58), (58, 45), (46, 56), (56, 46), (47, 57), (57, 47), (48, 53), (53, 48), (48, 55), (55, 48), (49, 54), (54, 49), (51, 54), (54, 51), (51, 58), (58, 51), (54, 59), (59, 54), (55, 57), (57, 55)]
Z_dad = [46]
Y_dad = [31, 51, 60]
X_dad = [35, 36, 37]
Z_da-ad = [7]
Y_da-ad = [31, 38, 60]
X_da-ad = [35, 37, 46]
