no              #fail
30.238          #totTm
3.528           #lastADTm
7               #itDAD
4.167           #avItADGoal
5               #itADOpt
5               #opt
4               #optDA-AD
0.208           #tmDA
20.0            #relGain

V = [1, 2, 3, 4, 5, 6, 7, 8, 9, 10, 11, 12, 13, 14, 15, 16, 17, 18, 19, 20, 21, 22, 23, 24, 25, 26, 27, 28, 29, 30, 31, 32, 33, 34, 35, 36, 37, 38, 39, 40]
A = [(1, 2), (2, 1), (1, 3), (3, 1), (1, 8), (8, 1), (1, 18), (18, 1), (2, 11), (11, 2), (2, 16), (16, 2), (3, 4), (4, 3), (3, 7), (7, 3), (3, 10), (10, 3), (3, 15), (15, 3), (3, 19), (19, 3), (3, 22), (22, 3), (3, 23), (23, 3), (3, 31), (31, 3), (3, 33), (33, 3), (3, 38), (38, 3), (4, 9), (9, 4), (4, 31), (31, 4), (4, 33), (33, 4), (5, 25), (25, 5), (5, 27), (27, 5), (5, 32), (32, 5), (5, 37), (37, 5), (6, 10), (10, 6), (6, 23), (23, 6), (6, 28), (28, 6), (6, 30), (30, 6), (7, 12), (12, 7), (7, 15), (15, 7), (7, 25), (25, 7), (7, 31), (31, 7), (7, 40), (40, 7), (8, 9), (9, 8), (8, 13), (13, 8), (8, 14), (14, 8), (8, 18), (18, 8), (8, 22), (22, 8), (8, 23), (23, 8), (8, 33), (33, 8), (9, 14), (14, 9), (9, 18), (18, 9), (9, 24), (24, 9), (9, 26), (26, 9), (9, 29), (29, 9), (10, 22), (22, 10), (10, 26), (26, 10), (10, 34), (34, 10), (11, 14), (14, 11), (11, 17), (17, 11), (11, 25), (25, 11), (11, 27), (27, 11), (12, 16), (16, 12), (12, 26), (26, 12), (12, 33), (33, 12), (12, 38), (38, 12), (13, 18), (18, 13), (13, 20), (20, 13), (13, 35), (35, 13), (13, 37), (37, 13), (13, 40), (40, 13), (14, 20), (20, 14), (14, 26), (26, 14), (14, 37), (37, 14), (14, 38), (38, 14), (15, 26), (26, 15), (15, 28), (28, 15), (15, 37), (37, 15), (16, 17), (17, 16), (16, 22), (22, 16), (16, 24), (24, 16), (16, 38), (38, 16), (17, 28), (28, 17), (17, 29), (29, 17), (17, 30), (30, 17), (17, 34), (34, 17), (18, 19), (19, 18), (18, 20), (20, 18), (18, 21), (21, 18), (18, 30), (30, 18), (18, 31), (31, 18), (18, 36), (36, 18), (19, 23), (23, 19), (19, 34), (34, 19), (20, 25), (25, 20), (20, 27), (27, 20), (20, 28), (28, 20), (21, 31), (31, 21), (21, 32), (32, 21), (21, 36), (36, 21), (21, 40), (40, 21), (22, 27), (27, 22), (22, 38), (38, 22), (23, 26), (26, 23), (23, 33), (33, 23), (24, 37), (37, 24), (25, 26), (26, 25), (25, 28), (28, 25), (25, 34), (34, 25), (26, 27), (27, 26), (26, 35), (35, 26), (26, 39), (39, 26), (27, 33), (33, 27), (27, 34), (34, 27), (28, 34), (34, 28), (28, 36), (36, 28), (28, 37), (37, 28), (29, 34), (34, 29), (29, 36), (36, 29), (29, 40), (40, 29), (30, 38), (38, 30), (30, 40), (40, 30), (32, 35), (35, 32), (33, 37), (37, 33), (33, 39), (39, 33), (35, 40), (40, 35), (36, 39), (39, 36), (37, 39), (39, 37)]
Z_dad = [3]
Y_dad = [16, 18, 26]
X_dad = [5, 21, 35]
Z_da-ad = [1]
Y_da-ad = [5, 11, 24]
X_da-ad = [2, 9, 32]
