no              #fail
8.888           #totTm
4.557           #lastADTm
3               #itDAD
1.500           #avItADGoal
11              #itADOpt
5               #opt
5               #optDA-AD
0.199           #tmDA
0.0             #relGain

V = [1, 2, 3, 4, 5, 6, 7, 8, 9, 10, 11, 12, 13, 14, 15, 16, 17, 18, 19, 20, 21, 22, 23, 24, 25, 26, 27, 28, 29, 30, 31, 32, 33, 34, 35, 36, 37, 38, 39, 40]
A = [(1, 2), (2, 1), (1, 14), (14, 1), (1, 25), (25, 1), (1, 26), (26, 1), (1, 29), (29, 1), (1, 32), (32, 1), (1, 37), (37, 1), (2, 6), (6, 2), (2, 21), (21, 2), (2, 25), (25, 2), (2, 33), (33, 2), (2, 37), (37, 2), (2, 40), (40, 2), (3, 4), (4, 3), (3, 7), (7, 3), (3, 16), (16, 3), (3, 25), (25, 3), (3, 36), (36, 3), (3, 37), (37, 3), (3, 40), (40, 3), (4, 25), (25, 4), (4, 32), (32, 4), (5, 11), (11, 5), (5, 12), (12, 5), (5, 13), (13, 5), (5, 22), (22, 5), (5, 27), (27, 5), (5, 30), (30, 5), (5, 31), (31, 5), (6, 8), (8, 6), (6, 13), (13, 6), (6, 14), (14, 6), (6, 21), (21, 6), (6, 22), (22, 6), (6, 26), (26, 6), (6, 34), (34, 6), (7, 8), (8, 7), (7, 21), (21, 7), (7, 26), (26, 7), (7, 28), (28, 7), (7, 29), (29, 7), (8, 30), (30, 8), (8, 31), (31, 8), (8, 33), (33, 8), (8, 37), (37, 8), (9, 20), (20, 9), (9, 24), (24, 9), (9, 37), (37, 9), (10, 12), (12, 10), (10, 30), (30, 10), (11, 16), (16, 11), (11, 27), (27, 11), (11, 31), (31, 11), (11, 32), (32, 11), (12, 13), (13, 12), (12, 15), (15, 12), (12, 38), (38, 12), (13, 25), (25, 13), (13, 28), (28, 13), (13, 29), (29, 13), (13, 37), (37, 13), (14, 24), (24, 14), (15, 17), (17, 15), (15, 24), (24, 15), (15, 27), (27, 15), (15, 28), (28, 15), (15, 32), (32, 15), (15, 33), (33, 15), (16, 19), (19, 16), (16, 27), (27, 16), (16, 29), (29, 16), (16, 30), (30, 16), (16, 34), (34, 16), (17, 22), (22, 17), (17, 28), (28, 17), (17, 36), (36, 17), (17, 39), (39, 17), (18, 21), (21, 18), (18, 30), (30, 18), (18, 34), (34, 18), (18, 39), (39, 18), (19, 21), (21, 19), (19, 22), (22, 19), (19, 32), (32, 19), (19, 33), (33, 19), (20, 28), (28, 20), (20, 36), (36, 20), (20, 38), (38, 20), (21, 22), (22, 21), (21, 26), (26, 21), (21, 30), (30, 21), (22, 23), (23, 22), (22, 24), (24, 22), (23, 38), (38, 23), (24, 25), (25, 24), (24, 26), (26, 24), (24, 27), (27, 24), (24, 34), (34, 24), (24, 38), (38, 24), (24, 40), (40, 24), (26, 31), (31, 26), (27, 35), (35, 27), (27, 39), (39, 27), (28, 32), (32, 28), (29, 32), (32, 29), (29, 35), (35, 29), (30, 36), (36, 30), (30, 38), (38, 30), (31, 36), (36, 31), (32, 34), (34, 32), (33, 34), (34, 33), (33, 36), (36, 33), (35, 40), (40, 35), (36, 39), (39, 36), (36, 40), (40, 36), (37, 38), (38, 37), (39, 40), (40, 39)]
Z_dad = [30]
Y_dad = [22, 24, 29]
X_dad = [12, 14, 23]
Z_da-ad = [1]
Y_da-ad = [10, 14]
X_da-ad = [20, 24, 37]
