no              #fail
14.660          #totTm
3.818           #lastADTm
4               #itDAD
3.000           #avItADGoal
6               #itADOpt
5               #opt
5               #optDA-AD
0.205           #tmDA
0.0             #relGain

V = [1, 2, 3, 4, 5, 6, 7, 8, 9, 10, 11, 12, 13, 14, 15, 16, 17, 18, 19, 20, 21, 22, 23, 24, 25, 26, 27, 28, 29, 30, 31, 32, 33, 34, 35, 36, 37, 38, 39, 40]
A = [(1, 13), (13, 1), (1, 17), (17, 1), (1, 19), (19, 1), (1, 31), (31, 1), (1, 35), (35, 1), (2, 4), (4, 2), (2, 6), (6, 2), (2, 7), (7, 2), (2, 17), (17, 2), (2, 20), (20, 2), (2, 21), (21, 2), (2, 23), (23, 2), (2, 27), (27, 2), (2, 29), (29, 2), (2, 30), (30, 2), (2, 31), (31, 2), (3, 8), (8, 3), (3, 10), (10, 3), (3, 13), (13, 3), (3, 14), (14, 3), (3, 21), (21, 3), (3, 38), (38, 3), (3, 40), (40, 3), (4, 10), (10, 4), (4, 13), (13, 4), (4, 15), (15, 4), (5, 8), (8, 5), (5, 9), (9, 5), (5, 12), (12, 5), (5, 14), (14, 5), (5, 24), (24, 5), (5, 28), (28, 5), (5, 29), (29, 5), (6, 7), (7, 6), (6, 8), (8, 6), (6, 14), (14, 6), (7, 18), (18, 7), (7, 38), (38, 7), (8, 12), (12, 8), (8, 14), (14, 8), (8, 17), (17, 8), (9, 17), (17, 9), (9, 24), (24, 9), (10, 12), (12, 10), (10, 19), (19, 10), (10, 31), (31, 10), (10, 33), (33, 10), (11, 14), (14, 11), (11, 29), (29, 11), (11, 31), (31, 11), (11, 37), (37, 11), (12, 13), (13, 12), (12, 14), (14, 12), (12, 26), (26, 12), (13, 16), (16, 13), (13, 17), (17, 13), (13, 18), (18, 13), (13, 21), (21, 13), (13, 27), (27, 13), (13, 39), (39, 13), (14, 20), (20, 14), (14, 24), (24, 14), (14, 29), (29, 14), (15, 20), (20, 15), (15, 31), (31, 15), (15, 32), (32, 15), (15, 34), (34, 15), (15, 37), (37, 15), (16, 20), (20, 16), (16, 28), (28, 16), (16, 29), (29, 16), (16, 37), (37, 16), (17, 26), (26, 17), (17, 37), (37, 17), (17, 38), (38, 17), (17, 39), (39, 17), (17, 40), (40, 17), (18, 27), (27, 18), (18, 34), (34, 18), (19, 24), (24, 19), (19, 30), (30, 19), (19, 31), (31, 19), (19, 38), (38, 19), (20, 21), (21, 20), (20, 28), (28, 20), (20, 37), (37, 20), (20, 39), (39, 20), (21, 23), (23, 21), (21, 29), (29, 21), (21, 31), (31, 21), (21, 38), (38, 21), (21, 40), (40, 21), (22, 28), (28, 22), (22, 35), (35, 22), (23, 29), (29, 23), (23, 31), (31, 23), (23, 35), (35, 23), (23, 38), (38, 23), (23, 40), (40, 23), (24, 29), (29, 24), (25, 33), (33, 25), (25, 37), (37, 25), (26, 36), (36, 26), (27, 31), (31, 27), (27, 32), (32, 27), (27, 33), (33, 27), (27, 39), (39, 27), (28, 31), (31, 28), (28, 33), (33, 28), (29, 36), (36, 29), (30, 31), (31, 30), (30, 36), (36, 30), (30, 40), (40, 30), (31, 34), (34, 31), (31, 38), (38, 31), (32, 39), (39, 32), (34, 40), (40, 34)]
Z_dad = [17]
Y_dad = [12, 28, 31]
X_dad = [5, 20, 24]
Z_da-ad = [1]
Y_da-ad = [22, 25, 35]
X_da-ad = [15, 27, 39]
