no              #fail
11.187          #totTm
2.927           #lastADTm
4               #itDAD
2.333           #avItADGoal
5               #itADOpt
5               #opt
5               #optDA-AD
0.291           #tmDA
0.0             #relGain

V = [1, 2, 3, 4, 5, 6, 7, 8, 9, 10, 11, 12, 13, 14, 15, 16, 17, 18, 19, 20, 21, 22, 23, 24, 25, 26, 27, 28, 29, 30, 31, 32, 33, 34, 35, 36, 37, 38, 39, 40]
A = [(1, 4), (4, 1), (1, 12), (12, 1), (1, 13), (13, 1), (1, 15), (15, 1), (1, 19), (19, 1), (1, 22), (22, 1), (1, 32), (32, 1), (1, 37), (37, 1), (2, 31), (31, 2), (3, 10), (10, 3), (3, 12), (12, 3), (3, 14), (14, 3), (3, 15), (15, 3), (4, 8), (8, 4), (4, 13), (13, 4), (5, 11), (11, 5), (5, 17), (17, 5), (5, 25), (25, 5), (5, 29), (29, 5), (6, 8), (8, 6), (6, 19), (19, 6), (6, 29), (29, 6), (6, 30), (30, 6), (6, 38), (38, 6), (7, 13), (13, 7), (7, 17), (17, 7), (7, 26), (26, 7), (7, 31), (31, 7), (7, 34), (34, 7), (7, 38), (38, 7), (8, 24), (24, 8), (8, 30), (30, 8), (8, 33), (33, 8), (8, 35), (35, 8), (9, 13), (13, 9), (9, 18), (18, 9), (9, 20), (20, 9), (9, 21), (21, 9), (9, 23), (23, 9), (9, 34), (34, 9), (9, 38), (38, 9), (10, 19), (19, 10), (10, 25), (25, 10), (10, 26), (26, 10), (10, 32), (32, 10), (10, 33), (33, 10), (11, 23), (23, 11), (11, 24), (24, 11), (11, 26), (26, 11), (11, 30), (30, 11), (11, 32), (32, 11), (11, 37), (37, 11), (12, 23), (23, 12), (12, 36), (36, 12), (13, 17), (17, 13), (13, 29), (29, 13), (13, 35), (35, 13), (14, 32), (32, 14), (14, 34), (34, 14), (14, 39), (39, 14), (15, 18), (18, 15), (15, 19), (19, 15), (15, 27), (27, 15), (15, 38), (38, 15), (15, 39), (39, 15), (16, 22), (22, 16), (16, 31), (31, 16), (16, 39), (39, 16), (17, 22), (22, 17), (17, 28), (28, 17), (17, 29), (29, 17), (17, 36), (36, 17), (17, 40), (40, 17), (18, 23), (23, 18), (18, 24), (24, 18), (19, 20), (20, 19), (19, 24), (24, 19), (19, 27), (27, 19), (19, 34), (34, 19), (19, 38), (38, 19), (20, 22), (22, 20), (20, 25), (25, 20), (20, 37), (37, 20), (21, 24), (24, 21), (22, 29), (29, 22), (22, 33), (33, 22), (22, 39), (39, 22), (23, 24), (24, 23), (23, 26), (26, 23), (24, 30), (30, 24), (24, 32), (32, 24), (24, 35), (35, 24), (24, 38), (38, 24), (25, 27), (27, 25), (25, 30), (30, 25), (25, 31), (31, 25), (25, 35), (35, 25), (26, 28), (28, 26), (26, 35), (35, 26), (26, 36), (36, 26), (27, 31), (31, 27), (27, 34), (34, 27), (28, 35), (35, 28), (29, 31), (31, 29), (29, 39), (39, 29), (29, 40), (40, 29), (30, 31), (31, 30), (30, 39), (39, 30), (30, 40), (40, 30), (31, 32), (32, 31), (31, 34), (34, 31), (31, 39), (39, 31), (32, 35), (35, 32), (32, 39), (39, 32), (33, 40), (40, 33), (35, 38), (38, 35), (36, 39), (39, 36)]
Z_dad = [24]
Y_dad = [9, 26, 31]
X_dad = [1, 8, 13]
Z_da-ad = [31]
Y_da-ad = [2, 16, 21]
X_da-ad = [1, 11, 20]
