no              #fail
25.896          #totTm
4.275           #lastADTm
6               #itDAD
3.800           #avItADGoal
7               #itADOpt
5               #opt
4               #optDA-AD
0.196           #tmDA
20.0            #relGain

V = [1, 2, 3, 4, 5, 6, 7, 8, 9, 10, 11, 12, 13, 14, 15, 16, 17, 18, 19, 20, 21, 22, 23, 24, 25, 26, 27, 28, 29, 30, 31, 32, 33, 34, 35, 36, 37, 38, 39, 40]
A = [(1, 28), (28, 1), (1, 29), (29, 1), (2, 5), (5, 2), (2, 7), (7, 2), (2, 11), (11, 2), (2, 14), (14, 2), (2, 15), (15, 2), (2, 25), (25, 2), (2, 33), (33, 2), (2, 39), (39, 2), (2, 40), (40, 2), (3, 10), (10, 3), (3, 13), (13, 3), (3, 15), (15, 3), (3, 26), (26, 3), (3, 32), (32, 3), (3, 35), (35, 3), (4, 9), (9, 4), (4, 25), (25, 4), (4, 37), (37, 4), (4, 39), (39, 4), (5, 8), (8, 5), (5, 18), (18, 5), (5, 20), (20, 5), (5, 26), (26, 5), (5, 33), (33, 5), (6, 17), (17, 6), (6, 22), (22, 6), (6, 23), (23, 6), (6, 33), (33, 6), (7, 13), (13, 7), (7, 16), (16, 7), (7, 20), (20, 7), (7, 40), (40, 7), (8, 10), (10, 8), (8, 21), (21, 8), (8, 36), (36, 8), (9, 13), (13, 9), (9, 16), (16, 9), (9, 20), (20, 9), (9, 21), (21, 9), (9, 33), (33, 9), (10, 13), (13, 10), (10, 18), (18, 10), (10, 20), (20, 10), (10, 24), (24, 10), (10, 34), (34, 10), (11, 26), (26, 11), (11, 30), (30, 11), (12, 13), (13, 12), (12, 25), (25, 12), (12, 30), (30, 12), (12, 35), (35, 12), (12, 38), (38, 12), (13, 22), (22, 13), (13, 32), (32, 13), (13, 37), (37, 13), (14, 15), (15, 14), (14, 18), (18, 14), (14, 20), (20, 14), (14, 23), (23, 14), (14, 25), (25, 14), (14, 31), (31, 14), (14, 39), (39, 14), (15, 16), (16, 15), (15, 21), (21, 15), (15, 25), (25, 15), (15, 28), (28, 15), (15, 32), (32, 15), (15, 38), (38, 15), (16, 17), (17, 16), (16, 25), (25, 16), (16, 26), (26, 16), (16, 31), (31, 16), (16, 33), (33, 16), (16, 35), (35, 16), (17, 21), (21, 17), (17, 24), (24, 17), (17, 25), (25, 17), (17, 28), (28, 17), (17, 29), (29, 17), (18, 21), (21, 18), (18, 22), (22, 18), (18, 27), (27, 18), (19, 21), (21, 19), (19, 22), (22, 19), (19, 23), (23, 19), (19, 33), (33, 19), (19, 34), (34, 19), (20, 27), (27, 20), (20, 28), (28, 20), (20, 31), (31, 20), (20, 35), (35, 20), (20, 38), (38, 20), (21, 27), (27, 21), (21, 36), (36, 21), (22, 25), (25, 22), (22, 35), (35, 22), (23, 24), (24, 23), (23, 26), (26, 23), (23, 29), (29, 23), (24, 31), (31, 24), (24, 32), (32, 24), (24, 40), (40, 24), (26, 40), (40, 26), (27, 33), (33, 27), (28, 37), (37, 28), (29, 31), (31, 29), (29, 32), (32, 29), (30, 37), (37, 30), (31, 36), (36, 31), (32, 38), (38, 32), (34, 39), (39, 34), (35, 36), (36, 35), (36, 39), (39, 36), (38, 39), (39, 38), (38, 40), (40, 38)]
Z_dad = [10]
Y_dad = [2, 13, 17]
X_dad = [9, 28, 29]
Z_da-ad = [1]
Y_da-ad = [10, 30]
X_da-ad = [12, 34, 38]
