no              #fail
19.186          #totTm
5.087           #lastADTm
4               #itDAD
3.000           #avItADGoal
10              #itADOpt
5               #opt
5               #optDA-AD
0.199           #tmDA
0.0             #relGain

V = [1, 2, 3, 4, 5, 6, 7, 8, 9, 10, 11, 12, 13, 14, 15, 16, 17, 18, 19, 20, 21, 22, 23, 24, 25, 26, 27, 28, 29, 30, 31, 32, 33, 34, 35, 36, 37, 38, 39, 40]
A = [(1, 2), (2, 1), (1, 7), (7, 1), (1, 9), (9, 1), (1, 11), (11, 1), (1, 15), (15, 1), (1, 18), (18, 1), (1, 29), (29, 1), (1, 39), (39, 1), (2, 3), (3, 2), (2, 16), (16, 2), (2, 20), (20, 2), (2, 25), (25, 2), (2, 31), (31, 2), (2, 33), (33, 2), (3, 5), (5, 3), (3, 8), (8, 3), (3, 15), (15, 3), (3, 18), (18, 3), (4, 12), (12, 4), (4, 16), (16, 4), (4, 24), (24, 4), (4, 28), (28, 4), (4, 33), (33, 4), (4, 35), (35, 4), (5, 7), (7, 5), (5, 11), (11, 5), (5, 19), (19, 5), (5, 23), (23, 5), (5, 28), (28, 5), (5, 36), (36, 5), (5, 37), (37, 5), (6, 12), (12, 6), (6, 15), (15, 6), (6, 26), (26, 6), (6, 27), (27, 6), (6, 40), (40, 6), (7, 8), (8, 7), (7, 9), (9, 7), (7, 18), (18, 7), (7, 24), (24, 7), (7, 26), (26, 7), (7, 37), (37, 7), (8, 27), (27, 8), (8, 34), (34, 8), (9, 25), (25, 9), (9, 30), (30, 9), (9, 36), (36, 9), (9, 40), (40, 9), (10, 11), (11, 10), (10, 12), (12, 10), (10, 24), (24, 10), (10, 29), (29, 10), (10, 30), (30, 10), (10, 34), (34, 10), (10, 36), (36, 10), (10, 40), (40, 10), (11, 15), (15, 11), (11, 21), (21, 11), (11, 27), (27, 11), (11, 30), (30, 11), (11, 34), (34, 11), (11, 39), (39, 11), (12, 28), (28, 12), (13, 14), (14, 13), (13, 20), (20, 13), (13, 36), (36, 13), (13, 40), (40, 13), (14, 16), (16, 14), (14, 30), (30, 14), (14, 31), (31, 14), (14, 34), (34, 14), (14, 35), (35, 14), (14, 36), (36, 14), (14, 38), (38, 14), (14, 39), (39, 14), (15, 25), (25, 15), (15, 28), (28, 15), (15, 30), (30, 15), (15, 38), (38, 15), (15, 39), (39, 15), (16, 19), (19, 16), (16, 29), (29, 16), (16, 31), (31, 16), (18, 21), (21, 18), (18, 33), (33, 18), (18, 35), (35, 18), (18, 39), (39, 18), (19, 22), (22, 19), (19, 28), (28, 19), (19, 36), (36, 19), (20, 28), (28, 20), (20, 33), (33, 20), (20, 36), (36, 20), (21, 24), (24, 21), (21, 25), (25, 21), (21, 30), (30, 21), (21, 37), (37, 21), (22, 30), (30, 22), (23, 28), (28, 23), (23, 40), (40, 23), (24, 28), (28, 24), (24, 31), (31, 24), (25, 27), (27, 25), (25, 33), (33, 25), (25, 35), (35, 25), (26, 28), (28, 26), (26, 29), (29, 26), (26, 32), (32, 26), (26, 35), (35, 26), (27, 36), (36, 27), (32, 34), (34, 32), (32, 38), (38, 32), (32, 40), (40, 32), (33, 40), (40, 33), (34, 36), (36, 34), (34, 37), (37, 34), (35, 40), (40, 35)]
Z_dad = [40]
Y_dad = [15, 17, 36]
X_dad = [26, 34, 38]
Z_da-ad = [1]
Y_da-ad = [17, 19, 22]
X_da-ad = [5, 28, 40]
