no              #fail
24.047          #totTm
4.607           #lastADTm
6               #itDAD
3.600           #avItADGoal
14              #itADOpt
5               #opt
5               #optDA-AD
0.274           #tmDA
0.0             #relGain

V = [1, 2, 3, 4, 5, 6, 7, 8, 9, 10, 11, 12, 13, 14, 15, 16, 17, 18, 19, 20, 21, 22, 23, 24, 25, 26, 27, 28, 29, 30, 31, 32, 33, 34, 35, 36, 37, 38, 39, 40]
A = [(1, 2), (2, 1), (1, 7), (7, 1), (1, 15), (15, 1), (1, 17), (17, 1), (1, 18), (18, 1), (1, 21), (21, 1), (1, 25), (25, 1), (1, 39), (39, 1), (2, 4), (4, 2), (2, 7), (7, 2), (2, 20), (20, 2), (2, 25), (25, 2), (2, 33), (33, 2), (2, 35), (35, 2), (2, 38), (38, 2), (2, 39), (39, 2), (3, 5), (5, 3), (3, 22), (22, 3), (4, 19), (19, 4), (4, 27), (27, 4), (4, 31), (31, 4), (4, 33), (33, 4), (5, 10), (10, 5), (5, 19), (19, 5), (5, 33), (33, 5), (5, 34), (34, 5), (6, 8), (8, 6), (6, 10), (10, 6), (6, 14), (14, 6), (6, 30), (30, 6), (6, 39), (39, 6), (7, 15), (15, 7), (7, 16), (16, 7), (7, 19), (19, 7), (7, 30), (30, 7), (8, 9), (9, 8), (8, 17), (17, 8), (8, 20), (20, 8), (8, 21), (21, 8), (8, 25), (25, 8), (8, 27), (27, 8), (9, 12), (12, 9), (9, 16), (16, 9), (9, 21), (21, 9), (9, 28), (28, 9), (9, 30), (30, 9), (9, 33), (33, 9), (9, 38), (38, 9), (9, 39), (39, 9), (10, 16), (16, 10), (10, 17), (17, 10), (10, 18), (18, 10), (10, 22), (22, 10), (10, 27), (27, 10), (10, 34), (34, 10), (11, 14), (14, 11), (11, 15), (15, 11), (11, 16), (16, 11), (11, 29), (29, 11), (11, 34), (34, 11), (12, 19), (19, 12), (12, 22), (22, 12), (12, 23), (23, 12), (12, 32), (32, 12), (12, 38), (38, 12), (12, 40), (40, 12), (13, 24), (24, 13), (13, 26), (26, 13), (13, 33), (33, 13), (14, 18), (18, 14), (14, 28), (28, 14), (14, 29), (29, 14), (14, 32), (32, 14), (15, 19), (19, 15), (15, 21), (21, 15), (15, 29), (29, 15), (15, 33), (33, 15), (15, 35), (35, 15), (15, 36), (36, 15), (15, 38), (38, 15), (16, 24), (24, 16), (16, 37), (37, 16), (17, 30), (30, 17), (17, 35), (35, 17), (17, 38), (38, 17), (18, 32), (32, 18), (18, 35), (35, 18), (19, 26), (26, 19), (19, 32), (32, 19), (19, 35), (35, 19), (20, 21), (21, 20), (20, 22), (22, 20), (21, 25), (25, 21), (21, 40), (40, 21), (22, 29), (29, 22), (22, 31), (31, 22), (22, 39), (39, 22), (24, 26), (26, 24), (24, 28), (28, 24), (25, 40), (40, 25), (26, 27), (27, 26), (26, 36), (36, 26), (26, 38), (38, 26), (27, 38), (38, 27), (28, 35), (35, 28), (29, 33), (33, 29), (29, 40), (40, 29), (30, 39), (39, 30), (31, 36), (36, 31), (31, 37), (37, 31), (32, 34), (34, 32), (32, 38), (38, 32), (33, 40), (40, 33), (34, 36), (36, 34), (35, 36), (36, 35), (35, 40), (40, 35), (36, 40), (40, 36)]
Z_dad = [22]
Y_dad = [2, 12, 16]
X_dad = [4, 5, 7]
Z_da-ad = [12]
Y_da-ad = [3, 23, 37]
X_da-ad = [24, 26, 33]
