no              #fail
48.350          #totTm
6.255           #lastADTm
7               #itDAD
4.500           #avItADGoal
14              #itADOpt
5               #opt
4               #optDA-AD
0.268           #tmDA
20.0            #relGain

V = [1, 2, 3, 4, 5, 6, 7, 8, 9, 10, 11, 12, 13, 14, 15, 16, 17, 18, 19, 20, 21, 22, 23, 24, 25, 26, 27, 28, 29, 30, 31, 32, 33, 34, 35, 36, 37, 38, 39, 40]
A = [(1, 10), (10, 1), (1, 16), (16, 1), (1, 18), (18, 1), (1, 36), (36, 1), (1, 39), (39, 1), (2, 5), (5, 2), (2, 7), (7, 2), (2, 35), (35, 2), (2, 37), (37, 2), (2, 39), (39, 2), (3, 5), (5, 3), (3, 6), (6, 3), (3, 11), (11, 3), (3, 22), (22, 3), (3, 32), (32, 3), (3, 35), (35, 3), (4, 10), (10, 4), (4, 28), (28, 4), (4, 30), (30, 4), (4, 33), (33, 4), (4, 38), (38, 4), (5, 11), (11, 5), (5, 16), (16, 5), (5, 39), (39, 5), (6, 17), (17, 6), (6, 19), (19, 6), (6, 23), (23, 6), (6, 25), (25, 6), (6, 36), (36, 6), (7, 13), (13, 7), (7, 16), (16, 7), (7, 18), (18, 7), (7, 23), (23, 7), (8, 19), (19, 8), (9, 14), (14, 9), (9, 15), (15, 9), (9, 17), (17, 9), (9, 23), (23, 9), (9, 29), (29, 9), (9, 32), (32, 9), (10, 19), (19, 10), (10, 21), (21, 10), (10, 30), (30, 10), (10, 37), (37, 10), (11, 14), (14, 11), (11, 25), (25, 11), (11, 30), (30, 11), (12, 25), (25, 12), (13, 19), (19, 13), (13, 21), (21, 13), (13, 31), (31, 13), (13, 32), (32, 13), (13, 38), (38, 13), (14, 19), (19, 14), (14, 26), (26, 14), (14, 27), (27, 14), (14, 30), (30, 14), (14, 40), (40, 14), (15, 16), (16, 15), (15, 18), (18, 15), (15, 22), (22, 15), (15, 29), (29, 15), (15, 34), (34, 15), (15, 36), (36, 15), (16, 20), (20, 16), (16, 36), (36, 16), (17, 26), (26, 17), (17, 29), (29, 17), (17, 32), (32, 17), (17, 40), (40, 17), (18, 19), (19, 18), (18, 26), (26, 18), (18, 30), (30, 18), (18, 33), (33, 18), (18, 34), (34, 18), (18, 35), (35, 18), (18, 36), (36, 18), (19, 27), (27, 19), (19, 33), (33, 19), (19, 36), (36, 19), (19, 37), (37, 19), (20, 35), (35, 20), (20, 36), (36, 20), (20, 38), (38, 20), (20, 40), (40, 20), (21, 31), (31, 21), (21, 33), (33, 21), (21, 35), (35, 21), (22, 23), (23, 22), (22, 24), (24, 22), (22, 26), (26, 22), (22, 28), (28, 22), (23, 27), (27, 23), (23, 29), (29, 23), (23, 31), (31, 23), (23, 32), (32, 23), (24, 28), (28, 24), (24, 38), (38, 24), (24, 40), (40, 24), (25, 39), (39, 25), (26, 27), (27, 26), (26, 30), (30, 26), (26, 33), (33, 26), (27, 29), (29, 27), (29, 33), (33, 29), (29, 35), (35, 29), (29, 40), (40, 29), (30, 33), (33, 30), (30, 40), (40, 30), (31, 38), (38, 31), (32, 35), (35, 32), (33, 36), (36, 33), (33, 38), (38, 33), (34, 35), (35, 34), (34, 36), (36, 34), (34, 38), (38, 34), (38, 39), (39, 38)]
Z_dad = [19]
Y_dad = [10, 22, 25]
X_dad = [1, 24, 30]
Z_da-ad = [25]
Y_da-ad = [12, 19, 24]
X_da-ad = [8, 16, 20]
