no              #fail
10.856          #totTm
4.648           #lastADTm
3               #itDAD
2.500           #avItADGoal
10              #itADOpt
5               #opt
5               #optDA-AD
0.197           #tmDA
0.0             #relGain

V = [1, 2, 3, 4, 5, 6, 7, 8, 9, 10, 11, 12, 13, 14, 15, 16, 17, 18, 19, 20, 21, 22, 23, 24, 25, 26, 27, 28, 29, 30, 31, 32, 33, 34, 35, 36, 37, 38, 39, 40]
A = [(1, 2), (2, 1), (1, 11), (11, 1), (1, 12), (12, 1), (1, 23), (23, 1), (1, 27), (27, 1), (1, 28), (28, 1), (2, 9), (9, 2), (2, 18), (18, 2), (2, 19), (19, 2), (2, 24), (24, 2), (2, 26), (26, 2), (2, 35), (35, 2), (2, 36), (36, 2), (3, 4), (4, 3), (3, 6), (6, 3), (3, 12), (12, 3), (3, 20), (20, 3), (3, 22), (22, 3), (3, 32), (32, 3), (3, 33), (33, 3), (4, 7), (7, 4), (4, 8), (8, 4), (4, 14), (14, 4), (4, 20), (20, 4), (4, 32), (32, 4), (5, 14), (14, 5), (5, 16), (16, 5), (5, 22), (22, 5), (5, 23), (23, 5), (5, 27), (27, 5), (5, 34), (34, 5), (6, 12), (12, 6), (6, 14), (14, 6), (6, 22), (22, 6), (6, 31), (31, 6), (6, 40), (40, 6), (7, 11), (11, 7), (7, 21), (21, 7), (8, 24), (24, 8), (8, 33), (33, 8), (8, 38), (38, 8), (8, 40), (40, 8), (9, 10), (10, 9), (9, 13), (13, 9), (9, 15), (15, 9), (9, 21), (21, 9), (10, 11), (11, 10), (10, 15), (15, 10), (10, 21), (21, 10), (10, 22), (22, 10), (10, 37), (37, 10), (11, 12), (12, 11), (11, 17), (17, 11), (11, 24), (24, 11), (11, 35), (35, 11), (11, 39), (39, 11), (12, 16), (16, 12), (12, 23), (23, 12), (12, 31), (31, 12), (12, 40), (40, 12), (13, 14), (14, 13), (13, 18), (18, 13), (13, 24), (24, 13), (13, 25), (25, 13), (13, 30), (30, 13), (13, 32), (32, 13), (14, 20), (20, 14), (14, 36), (36, 14), (14, 40), (40, 14), (15, 32), (32, 15), (15, 36), (36, 15), (15, 37), (37, 15), (15, 39), (39, 15), (16, 23), (23, 16), (16, 30), (30, 16), (16, 33), (33, 16), (16, 40), (40, 16), (17, 25), (25, 17), (17, 31), (31, 17), (17, 35), (35, 17), (17, 37), (37, 17), (17, 40), (40, 17), (18, 30), (30, 18), (18, 32), (32, 18), (18, 38), (38, 18), (19, 20), (20, 19), (19, 28), (28, 19), (20, 21), (21, 20), (20, 27), (27, 20), (20, 29), (29, 20), (20, 39), (39, 20), (21, 31), (31, 21), (22, 27), (27, 22), (22, 29), (29, 22), (22, 31), (31, 22), (22, 33), (33, 22), (22, 37), (37, 22), (23, 31), (31, 23), (23, 37), (37, 23), (25, 28), (28, 25), (25, 35), (35, 25), (26, 38), (38, 26), (27, 28), (28, 27), (27, 32), (32, 27), (27, 35), (35, 27), (27, 40), (40, 27), (28, 31), (31, 28), (28, 35), (35, 28), (29, 35), (35, 29), (29, 36), (36, 29), (30, 32), (32, 30), (30, 33), (33, 30), (31, 35), (35, 31), (31, 39), (39, 31), (32, 40), (40, 32), (34, 35), (35, 34), (37, 39), (39, 37)]
Z_dad = [2]
Y_dad = [11, 22, 38]
X_dad = [20, 24, 28]
Z_da-ad = [1]
Y_da-ad = [18, 26, 38]
X_da-ad = [2, 5, 35]
