no              #fail
12.252          #totTm
5.206           #lastADTm
3               #itDAD
2.500           #avItADGoal
8               #itADOpt
5               #opt
5               #optDA-AD
0.275           #tmDA
0.0             #relGain

V = [1, 2, 3, 4, 5, 6, 7, 8, 9, 10, 11, 12, 13, 14, 15, 16, 17, 18, 19, 20, 21, 22, 23, 24, 25, 26, 27, 28, 29, 30, 31, 32, 33, 34, 35, 36, 37, 38, 39, 40]
A = [(1, 2), (2, 1), (1, 20), (20, 1), (1, 21), (21, 1), (1, 22), (22, 1), (1, 28), (28, 1), (1, 32), (32, 1), (1, 37), (37, 1), (1, 38), (38, 1), (2, 9), (9, 2), (2, 11), (11, 2), (2, 31), (31, 2), (3, 5), (5, 3), (3, 11), (11, 3), (3, 16), (16, 3), (3, 32), (32, 3), (4, 9), (9, 4), (4, 12), (12, 4), (4, 14), (14, 4), (4, 27), (27, 4), (4, 36), (36, 4), (4, 37), (37, 4), (4, 40), (40, 4), (5, 6), (6, 5), (5, 14), (14, 5), (5, 35), (35, 5), (5, 37), (37, 5), (5, 40), (40, 5), (6, 17), (17, 6), (6, 23), (23, 6), (6, 30), (30, 6), (7, 8), (8, 7), (7, 17), (17, 7), (7, 18), (18, 7), (7, 19), (19, 7), (7, 30), (30, 7), (7, 37), (37, 7), (7, 40), (40, 7), (8, 17), (17, 8), (8, 18), (18, 8), (8, 26), (26, 8), (8, 40), (40, 8), (9, 17), (17, 9), (9, 25), (25, 9), (9, 29), (29, 9), (9, 32), (32, 9), (10, 17), (17, 10), (10, 27), (27, 10), (10, 33), (33, 10), (10, 40), (40, 10), (11, 13), (13, 11), (12, 15), (15, 12), (12, 22), (22, 12), (12, 29), (29, 12), (12, 31), (31, 12), (12, 39), (39, 12), (13, 14), (14, 13), (13, 15), (15, 13), (13, 28), (28, 13), (13, 29), (29, 13), (13, 31), (31, 13), (13, 33), (33, 13), (14, 20), (20, 14), (14, 23), (23, 14), (14, 29), (29, 14), (14, 38), (38, 14), (15, 19), (19, 15), (15, 20), (20, 15), (15, 25), (25, 15), (15, 37), (37, 15), (16, 17), (17, 16), (16, 21), (21, 16), (16, 22), (22, 16), (16, 36), (36, 16), (17, 22), (22, 17), (17, 40), (40, 17), (18, 24), (24, 18), (18, 30), (30, 18), (19, 24), (24, 19), (19, 25), (25, 19), (20, 22), (22, 20), (20, 23), (23, 20), (20, 32), (32, 20), (20, 37), (37, 20), (20, 38), (38, 20), (21, 22), (22, 21), (21, 27), (27, 21), (21, 28), (28, 21), (21, 32), (32, 21), (22, 27), (27, 22), (22, 30), (30, 22), (22, 32), (32, 22), (23, 25), (25, 23), (23, 27), (27, 23), (24, 27), (27, 24), (24, 29), (29, 24), (24, 30), (30, 24), (25, 28), (28, 25), (25, 30), (30, 25), (25, 34), (34, 25), (25, 39), (39, 25), (26, 31), (31, 26), (26, 33), (33, 26), (26, 40), (40, 26), (27, 32), (32, 27), (29, 30), (30, 29), (29, 31), (31, 29), (30, 31), (31, 30), (30, 33), (33, 30), (31, 32), (32, 31), (31, 37), (37, 31), (31, 39), (39, 31), (31, 40), (40, 31), (33, 38), (38, 33), (35, 36), (36, 35), (35, 38), (38, 35), (35, 39), (39, 35), (38, 39), (39, 38)]
Z_dad = [25]
Y_dad = [17, 31, 34]
X_dad = [2, 3, 13]
Z_da-ad = [25]
Y_da-ad = [2, 11, 34]
X_da-ad = [1, 13, 21]
