no              #fail
0.398           #totTm
0.256           #lastADTm
5               #itDAD
1.000           #avItADGoal
18              #itADOpt
19              #opt
19              #optDA-AD
0.243           #tmDA
0.0             #relGain

V = [1, 2, 3, 4, 5, 6, 7, 8, 9, 10, 11, 12, 13, 14, 15, 16, 17, 18, 19, 20]
A = [(2, 1), (1, 2), (3, 2), (2, 3), (4, 1), (1, 4), (5, 1), (1, 5), (6, 3), (3, 6), (7, 5), (5, 7), (8, 6), (6, 8), (9, 6), (6, 9), (10, 3), (3, 10), (11, 7), (7, 11), (12, 3), (3, 12), (13, 1), (1, 13), (14, 10), (10, 14), (15, 13), (13, 15), (16, 8), (8, 16), (17, 12), (12, 17), (18, 12), (12, 18), (19, 3), (3, 19), (20, 5), (5, 20)]
Z_dad = [1, 2, 3]
Y_dad = [4]
X_dad = []
Z_da-ad = [3, 5, 13]
Y_da-ad = [1]
X_da-ad = [2, 4]
