no              #fail
0.413           #totTm
0.262           #lastADTm
5               #itDAD
1.000           #avItADGoal
18              #itADOpt
19              #opt
19              #optDA-AD
0.218           #tmDA
0.0             #relGain

V = [1, 2, 3, 4, 5, 6, 7, 8, 9, 10, 11, 12, 13, 14, 15, 16, 17, 18, 19, 20]
A = [(2, 1), (1, 2), (3, 1), (1, 3), (4, 3), (3, 4), (5, 2), (2, 5), (6, 3), (3, 6), (7, 2), (2, 7), (8, 7), (7, 8), (9, 8), (8, 9), (10, 7), (7, 10), (11, 7), (7, 11), (12, 4), (4, 12), (13, 2), (2, 13), (14, 4), (4, 14), (15, 2), (2, 15), (16, 3), (3, 16), (17, 9), (9, 17), (18, 14), (14, 18), (19, 18), (18, 19), (20, 16), (16, 20)]
Z_dad = [1, 2, 3]
Y_dad = [4]
X_dad = [12, 14]
Z_da-ad = [1, 4, 7]
Y_da-ad = [2]
X_da-ad = [5, 13, 15]
