no              #fail
0.442           #totTm
0.288           #lastADTm
5               #itDAD
1.000           #avItADGoal
18              #itADOpt
19              #opt
19              #optDA-AD
0.238           #tmDA
0.0             #relGain

V = [1, 2, 3, 4, 5, 6, 7, 8, 9, 10, 11, 12, 13, 14, 15, 16, 17, 18, 19, 20]
A = [(2, 1), (1, 2), (3, 2), (2, 3), (4, 3), (3, 4), (5, 1), (1, 5), (6, 3), (3, 6), (7, 6), (6, 7), (8, 7), (7, 8), (9, 8), (8, 9), (10, 1), (1, 10), (11, 5), (5, 11), (12, 1), (1, 12), (13, 4), (4, 13), (14, 3), (3, 14), (15, 8), (8, 15), (16, 2), (2, 16), (17, 5), (5, 17), (18, 15), (15, 18), (19, 6), (6, 19), (20, 18), (18, 20)]
Z_dad = [1, 2, 3]
Y_dad = [4]
X_dad = [13]
Z_da-ad = [1, 3, 8]
Y_da-ad = [2]
X_da-ad = [16]
