no              #fail
0.380           #totTm
0.237           #lastADTm
5               #itDAD
1.000           #avItADGoal
18              #itADOpt
19              #opt
19              #optDA-AD
0.292           #tmDA
0.0             #relGain

V = [1, 2, 3, 4, 5, 6, 7, 8, 9, 10, 11, 12, 13, 14, 15, 16, 17, 18, 19, 20]
A = [(2, 1), (1, 2), (3, 1), (1, 3), (4, 3), (3, 4), (5, 4), (4, 5), (6, 4), (4, 6), (7, 2), (2, 7), (8, 1), (1, 8), (9, 3), (3, 9), (10, 3), (3, 10), (11, 8), (8, 11), (12, 10), (10, 12), (13, 9), (9, 13), (14, 6), (6, 14), (15, 3), (3, 15), (16, 13), (13, 16), (17, 6), (6, 17), (18, 8), (8, 18), (19, 6), (6, 19), (20, 12), (12, 20)]
Z_dad = [1, 3, 6]
Y_dad = [2]
X_dad = [7]
Z_da-ad = [3, 6, 8]
Y_da-ad = [1]
X_da-ad = [2]
