no              #fail
0.290           #totTm
0.157           #lastADTm
5               #itDAD
1.000           #avItADGoal
18              #itADOpt
19              #opt
19              #optDA-AD
0.265           #tmDA
0.0             #relGain

V = [1, 2, 3, 4, 5, 6, 7, 8, 9, 10, 11, 12, 13, 14, 15, 16, 17, 18, 19, 20]
A = [(2, 1), (1, 2), (3, 1), (1, 3), (4, 3), (3, 4), (5, 3), (3, 5), (6, 5), (5, 6), (7, 2), (2, 7), (8, 2), (2, 8), (9, 2), (2, 9), (10, 8), (8, 10), (11, 2), (2, 11), (12, 1), (1, 12), (13, 6), (6, 13), (14, 2), (2, 14), (15, 3), (3, 15), (16, 6), (6, 16), (17, 3), (3, 17), (18, 6), (6, 18), (19, 6), (6, 19), (20, 3), (3, 20)]
Z_dad = [2, 3, 6]
Y_dad = [1]
X_dad = [8, 10, 12]
Z_da-ad = [2, 3, 6]
Y_da-ad = [1]
X_da-ad = [8, 10, 12]
