no              #fail
0.401           #totTm
0.252           #lastADTm
5               #itDAD
1.000           #avItADGoal
18              #itADOpt
19              #opt
19              #optDA-AD
0.241           #tmDA
0.0             #relGain

V = [1, 2, 3, 4, 5, 6, 7, 8, 9, 10, 11, 12, 13, 14, 15, 16, 17, 18, 19, 20]
A = [(2, 1), (1, 2), (3, 1), (1, 3), (4, 3), (3, 4), (5, 2), (2, 5), (6, 1), (1, 6), (7, 2), (2, 7), (8, 4), (4, 8), (9, 8), (8, 9), (10, 3), (3, 10), (11, 9), (9, 11), (12, 3), (3, 12), (13, 2), (2, 13), (14, 11), (11, 14), (15, 1), (1, 15), (16, 2), (2, 16), (17, 13), (13, 17), (18, 13), (13, 18), (19, 7), (7, 19), (20, 7), (7, 20)]
Z_dad = [1, 2, 3]
Y_dad = [4]
X_dad = [8]
Z_da-ad = [2, 3, 9]
Y_da-ad = [1]
X_da-ad = [6, 15]
