no              #fail
0.408           #totTm
0.247           #lastADTm
5               #itDAD
1.000           #avItADGoal
18              #itADOpt
19              #opt
19              #optDA-AD
0.195           #tmDA
0.0             #relGain

V = [1, 2, 3, 4, 5, 6, 7, 8, 9, 10, 11, 12, 13, 14, 15, 16, 17, 18, 19, 20]
A = [(2, 1), (1, 2), (3, 2), (2, 3), (4, 2), (2, 4), (5, 4), (4, 5), (6, 1), (1, 6), (7, 6), (6, 7), (8, 7), (7, 8), (9, 5), (5, 9), (10, 3), (3, 10), (11, 9), (9, 11), (12, 4), (4, 12), (13, 3), (3, 13), (14, 9), (9, 14), (15, 7), (7, 15), (16, 15), (15, 16), (17, 9), (9, 17), (18, 3), (3, 18), (19, 11), (11, 19), (20, 13), (13, 20)]
Z_dad = [1, 3, 9]
Y_dad = [2]
X_dad = [4]
Z_da-ad = [2, 7, 9]
Y_da-ad = [1]
X_da-ad = [6]
