no              #fail
0.425           #totTm
0.266           #lastADTm
5               #itDAD
1.000           #avItADGoal
18              #itADOpt
19              #opt
19              #optDA-AD
0.263           #tmDA
0.0             #relGain

V = [1, 2, 3, 4, 5, 6, 7, 8, 9, 10, 11, 12, 13, 14, 15, 16, 17, 18, 19, 20]
A = [(2, 1), (1, 2), (3, 2), (2, 3), (4, 3), (3, 4), (5, 4), (4, 5), (6, 2), (2, 6), (7, 5), (5, 7), (8, 2), (2, 8), (9, 1), (1, 9), (10, 6), (6, 10), (11, 3), (3, 11), (12, 1), (1, 12), (13, 11), (11, 13), (14, 1), (1, 14), (15, 7), (7, 15), (16, 6), (6, 16), (17, 15), (15, 17), (18, 8), (8, 18), (19, 18), (18, 19), (20, 8), (8, 20)]
Z_dad = [1, 2, 3]
Y_dad = [4]
X_dad = [5]
Z_da-ad = [2, 5, 14]
Y_da-ad = [1]
X_da-ad = [9, 12]
