no              #fail
0.401           #totTm
0.239           #lastADTm
5               #itDAD
1.000           #avItADGoal
18              #itADOpt
19              #opt
19              #optDA-AD
0.233           #tmDA
0.0             #relGain

V = [1, 2, 3, 4, 5, 6, 7, 8, 9, 10, 11, 12, 13, 14, 15, 16, 17, 18, 19, 20]
A = [(2, 1), (1, 2), (3, 2), (2, 3), (4, 3), (3, 4), (5, 2), (2, 5), (6, 3), (3, 6), (7, 5), (5, 7), (8, 3), (3, 8), (9, 4), (4, 9), (10, 9), (9, 10), (11, 7), (7, 11), (12, 5), (5, 12), (13, 4), (4, 13), (14, 6), (6, 14), (15, 7), (7, 15), (16, 2), (2, 16), (17, 7), (7, 17), (18, 16), (16, 18), (19, 4), (4, 19), (20, 14), (14, 20)]
Z_dad = [2, 4, 7]
Y_dad = [1]
X_dad = []
Z_da-ad = [3, 4, 5]
Y_da-ad = [1]
X_da-ad = [2]
