no              #fail
0.418           #totTm
0.274           #lastADTm
5               #itDAD
1.000           #avItADGoal
18              #itADOpt
19              #opt
19              #optDA-AD
0.232           #tmDA
0.0             #relGain

V = [1, 2, 3, 4, 5, 6, 7, 8, 9, 10, 11, 12, 13, 14, 15, 16, 17, 18, 19, 20]
A = [(2, 1), (1, 2), (3, 1), (1, 3), (4, 2), (2, 4), (5, 3), (3, 5), (6, 2), (2, 6), (7, 5), (5, 7), (8, 7), (7, 8), (9, 4), (4, 9), (10, 6), (6, 10), (11, 2), (2, 11), (12, 11), (11, 12), (13, 3), (3, 13), (14, 9), (9, 14), (15, 11), (11, 15), (16, 2), (2, 16), (17, 4), (4, 17), (18, 3), (3, 18), (19, 11), (11, 19), (20, 12), (12, 20)]
Z_dad = [1, 2, 3]
Y_dad = [4]
X_dad = [9, 17]
Z_da-ad = [2, 3, 19]
Y_da-ad = [1]
X_da-ad = []
