no              #fail
0.687           #totTm
0.146           #lastADTm
4               #itDAD
1.333           #avItADGoal
5               #itADOpt
7               #opt
6               #optDA-AD
0.182           #tmDA
14.3            #relGain

V = [1, 2, 3, 4, 5, 6, 7, 8, 9, 10, 11, 12, 13, 14, 15, 16, 17, 18, 19, 20, 21, 22, 23, 24, 25, 26, 27, 28, 29, 30, 31, 32, 33, 34, 35, 36, 37, 38, 39, 40]
A = [(1, 17), (17, 1), (1, 27), (27, 1), (1, 31), (31, 1), (1, 34), (34, 1), (2, 27), (27, 2), (2, 29), (29, 2), (2, 30), (30, 2), (2, 31), (31, 2), (3, 5), (5, 3), (3, 9), (9, 3), (3, 40), (40, 3), (4, 5), (5, 4), (4, 10), (10, 4), (4, 30), (30, 4), (6, 19), (19, 6), (6, 32), (32, 6), (7, 16), (16, 7), (7, 26), (26, 7), (8, 20), (20, 8), (8, 26), (26, 8), (8, 28), (28, 8), (8, 36), (36, 8), (9, 18), (18, 9), (9, 25), (25, 9), (10, 26), (26, 10), (10, 27), (27, 10), (11, 13), (13, 11), (11, 22), (22, 11), (11, 35), (35, 11), (12, 21), (21, 12), (12, 26), (26, 12), (12, 35), (35, 12), (13, 20), (20, 13), (13, 37), (37, 13), (15, 38), (38, 15), (15, 40), (40, 15), (16, 24), (24, 16), (16, 34), (34, 16), (17, 29), (29, 17), (18, 34), (34, 18), (18, 40), (40, 18), (19, 23), (23, 19), (19, 33), (33, 19), (21, 34), (34, 21), (21, 37), (37, 21), (22, 29), (29, 22), (23, 24), (24, 23), (23, 26), (26, 23), (23, 27), (27, 23), (23, 34), (34, 23), (25, 36), (36, 25), (25, 40), (40, 25), (26, 30), (30, 26), (28, 38), (38, 28), (29, 35), (35, 29), (30, 36), (36, 30), (32, 39), (39, 32), (34, 39), (39, 34), (34, 40), (40, 34), (35, 36), (36, 35), (35, 37), (37, 35), (35, 40), (40, 35)]
Z_dad = [34]
Y_dad = [23]
X_dad = [19]
Z_da-ad = [19]
Y_da-ad = [34]
X_da-ad = [39]
