no              #fail
0.472           #totTm
0.148           #lastADTm
3               #itDAD
1.000           #avItADGoal
7               #itADOpt
7               #opt
7               #optDA-AD
0.198           #tmDA
0.0             #relGain

V = [1, 2, 3, 4, 5, 6, 7, 8, 9, 10, 11, 12, 13, 14, 15, 16, 17, 18, 19, 20, 21, 22, 23, 24, 25, 26, 27, 28, 29, 30, 31, 32, 33, 34, 35, 36, 37, 38, 39, 40]
A = [(1, 11), (11, 1), (1, 20), (20, 1), (1, 28), (28, 1), (1, 40), (40, 1), (2, 3), (3, 2), (2, 4), (4, 2), (2, 15), (15, 2), (2, 22), (22, 2), (3, 25), (25, 3), (3, 29), (29, 3), (3, 31), (31, 3), (3, 32), (32, 3), (3, 33), (33, 3), (3, 36), (36, 3), (4, 33), (33, 4), (4, 40), (40, 4), (5, 13), (13, 5), (5, 19), (19, 5), (5, 36), (36, 5), (6, 9), (9, 6), (6, 14), (14, 6), (6, 15), (15, 6), (6, 18), (18, 6), (6, 34), (34, 6), (7, 39), (39, 7), (8, 26), (26, 8), (8, 39), (39, 8), (9, 15), (15, 9), (10, 22), (22, 10), (10, 32), (32, 10), (11, 15), (15, 11), (11, 25), (25, 11), (13, 24), (24, 13), (13, 25), (25, 13), (13, 29), (29, 13), (14, 19), (19, 14), (15, 30), (30, 15), (15, 36), (36, 15), (17, 36), (36, 17), (18, 33), (33, 18), (18, 36), (36, 18), (18, 37), (37, 18), (19, 25), (25, 19), (19, 27), (27, 19), (19, 36), (36, 19), (19, 40), (40, 19), (20, 32), (32, 20), (21, 29), (29, 21), (23, 25), (25, 23), (23, 36), (36, 23), (24, 34), (34, 24), (25, 36), (36, 25), (25, 40), (40, 25), (26, 29), (29, 26), (26, 34), (34, 26), (26, 37), (37, 26), (30, 39), (39, 30), (31, 32), (32, 31), (31, 37), (37, 31), (34, 39), (39, 34), (34, 40), (40, 34), (35, 40), (40, 35)]
Z_dad = [40]
Y_dad = [3]
X_dad = [29]
Z_da-ad = [1]
Y_da-ad = [3]
X_da-ad = [29]
