no              #fail
1.186           #totTm
0.198           #lastADTm
5               #itDAD
1.500           #avItADGoal
8               #itADOpt
8               #opt
8               #optDA-AD
0.202           #tmDA
0.0             #relGain

V = [1, 2, 3, 4, 5, 6, 7, 8, 9, 10, 11, 12, 13, 14, 15, 16, 17, 18, 19, 20, 21, 22, 23, 24, 25, 26, 27, 28, 29, 30, 31, 32, 33, 34, 35, 36, 37, 38, 39, 40]
A = [(1, 9), (9, 1), (2, 3), (3, 2), (2, 10), (10, 2), (2, 18), (18, 2), (2, 34), (34, 2), (3, 8), (8, 3), (3, 13), (13, 3), (3, 32), (32, 3), (3, 36), (36, 3), (4, 24), (24, 4), (5, 7), (7, 5), (5, 25), (25, 5), (5, 27), (27, 5), (5, 29), (29, 5), (5, 30), (30, 5), (5, 34), (34, 5), (6, 25), (25, 6), (6, 29), (29, 6), (6, 39), (39, 6), (6, 40), (40, 6), (7, 28), (28, 7), (8, 10), (10, 8), (8, 15), (15, 8), (8, 36), (36, 8), (9, 21), (21, 9), (9, 27), (27, 9), (9, 34), (34, 9), (11, 19), (19, 11), (11, 39), (39, 11), (12, 15), (15, 12), (12, 23), (23, 12), (12, 35), (35, 12), (13, 18), (18, 13), (14, 18), (18, 14), (14, 26), (26, 14), (14, 27), (27, 14), (14, 38), (38, 14), (15, 27), (27, 15), (15, 39), (39, 15), (16, 33), (33, 16), (16, 34), (34, 16), (18, 26), (26, 18), (18, 27), (27, 18), (18, 28), (28, 18), (18, 34), (34, 18), (20, 23), (23, 20), (20, 38), (38, 20), (20, 40), (40, 20), (22, 29), (29, 22), (22, 35), (35, 22), (22, 38), (38, 22), (23, 33), (33, 23), (27, 30), (30, 27), (27, 32), (32, 27), (28, 30), (30, 28), (28, 36), (36, 28), (28, 37), (37, 28), (28, 38), (38, 28), (30, 36), (36, 30), (31, 36), (36, 31), (34, 40), (40, 34), (36, 39), (39, 36)]
Z_dad = [9]
Y_dad = [39]
X_dad = [36]
Z_da-ad = [9]
Y_da-ad = [39]
X_da-ad = [36]
