no              #fail
2.397           #totTm
0.120           #lastADTm
7               #itDAD
1.667           #avItADGoal
5               #itADOpt
7               #opt
7               #optDA-AD
0.173           #tmDA
0.0             #relGain

V = [1, 2, 3, 4, 5, 6, 7, 8, 9, 10, 11, 12, 13, 14, 15, 16, 17, 18, 19, 20, 21, 22, 23, 24, 25, 26, 27, 28, 29, 30, 31, 32, 33, 34, 35, 36, 37, 38, 39, 40]
A = [(1, 25), (25, 1), (1, 30), (30, 1), (1, 39), (39, 1), (2, 16), (16, 2), (2, 22), (22, 2), (2, 27), (27, 2), (2, 37), (37, 2), (3, 27), (27, 3), (4, 14), (14, 4), (5, 7), (7, 5), (6, 9), (9, 6), (6, 21), (21, 6), (7, 8), (8, 7), (7, 24), (24, 7), (7, 35), (35, 7), (9, 10), (10, 9), (9, 12), (12, 9), (9, 23), (23, 9), (9, 29), (29, 9), (9, 32), (32, 9), (11, 35), (35, 11), (11, 37), (37, 11), (12, 13), (13, 12), (13, 16), (16, 13), (13, 38), (38, 13), (14, 15), (15, 14), (14, 19), (19, 14), (14, 25), (25, 14), (14, 36), (36, 14), (15, 28), (28, 15), (16, 25), (25, 16), (16, 26), (26, 16), (16, 33), (33, 16), (18, 26), (26, 18), (19, 24), (24, 19), (19, 25), (25, 19), (19, 27), (27, 19), (19, 39), (39, 19), (20, 22), (22, 20), (20, 37), (37, 20), (21, 22), (22, 21), (21, 25), (25, 21), (21, 28), (28, 21), (21, 31), (31, 21), (22, 26), (26, 22), (22, 31), (31, 22), (22, 34), (34, 22), (23, 27), (27, 23), (23, 28), (28, 23), (23, 37), (37, 23), (23, 40), (40, 23), (24, 27), (27, 24), (24, 28), (28, 24), (24, 29), (29, 24), (25, 26), (26, 25), (26, 27), (27, 26), (26, 39), (39, 26), (26, 40), (40, 26), (27, 40), (40, 27), (28, 30), (30, 28), (28, 37), (37, 28), (30, 39), (39, 30)]
Z_dad = [37]
Y_dad = [24]
X_dad = [7]
Z_da-ad = [7]
Y_da-ad = [26]
X_da-ad = [37]
