no              #fail
0.417           #totTm
0.149           #lastADTm
3               #itDAD
1.000           #avItADGoal
6               #itADOpt
8               #opt
8               #optDA-AD
0.168           #tmDA
0.0             #relGain

V = [1, 2, 3, 4, 5, 6, 7, 8, 9, 10, 11, 12, 13, 14, 15, 16, 17, 18, 19, 20, 21, 22, 23, 24, 25, 26, 27, 28, 29, 30, 31, 32, 33, 34, 35, 36, 37, 38, 39, 40]
A = [(1, 12), (12, 1), (1, 13), (13, 1), (1, 14), (14, 1), (1, 19), (19, 1), (1, 22), (22, 1), (1, 28), (28, 1), (1, 35), (35, 1), (2, 7), (7, 2), (3, 30), (30, 3), (4, 5), (5, 4), (4, 35), (35, 4), (5, 15), (15, 5), (5, 23), (23, 5), (6, 9), (9, 6), (6, 35), (35, 6), (7, 21), (21, 7), (8, 14), (14, 8), (8, 21), (21, 8), (9, 36), (36, 9), (9, 37), (37, 9), (10, 11), (11, 10), (10, 15), (15, 10), (10, 35), (35, 10), (10, 36), (36, 10), (10, 40), (40, 10), (11, 14), (14, 11), (13, 15), (15, 13), (13, 17), (17, 13), (13, 35), (35, 13), (13, 40), (40, 13), (14, 20), (20, 14), (14, 27), (27, 14), (15, 40), (40, 15), (16, 30), (30, 16), (17, 39), (39, 17), (18, 21), (21, 18), (18, 34), (34, 18), (18, 35), (35, 18), (18, 38), (38, 18), (20, 28), (28, 20), (20, 40), (40, 20), (22, 28), (28, 22), (22, 30), (30, 22), (22, 33), (33, 22), (22, 37), (37, 22), (23, 24), (24, 23), (23, 32), (32, 23), (23, 34), (34, 23), (24, 26), (26, 24), (24, 27), (27, 24), (24, 33), (33, 24), (24, 34), (34, 24), (24, 35), (35, 24), (25, 34), (34, 25), (26, 36), (36, 26), (26, 39), (39, 26), (26, 40), (40, 26), (29, 35), (35, 29), (32, 37), (37, 32), (33, 36), (36, 33), (34, 38), (38, 34), (36, 39), (39, 36)]
Z_dad = [22]
Y_dad = [35]
X_dad = [1]
Z_da-ad = [22]
Y_da-ad = [35]
X_da-ad = [1]
