no              #fail
1.278           #totTm
0.113           #lastADTm
5               #itDAD
1.500           #avItADGoal
4               #itADOpt
5               #opt
5               #optDA-AD
0.170           #tmDA
0.0             #relGain

V = [1, 2, 3, 4, 5, 6, 7, 8, 9, 10, 11, 12, 13, 14, 15, 16, 17, 18, 19, 20, 21, 22, 23, 24, 25, 26, 27, 28, 29, 30, 31, 32, 33, 34, 35, 36, 37, 38, 39, 40]
A = [(1, 3), (3, 1), (1, 6), (6, 1), (2, 22), (22, 2), (2, 31), (31, 2), (3, 17), (17, 3), (3, 29), (29, 3), (3, 33), (33, 3), (4, 9), (9, 4), (4, 12), (12, 4), (5, 22), (22, 5), (5, 23), (23, 5), (6, 11), (11, 6), (6, 32), (32, 6), (7, 17), (17, 7), (8, 11), (11, 8), (8, 13), (13, 8), (8, 16), (16, 8), (8, 23), (23, 8), (8, 38), (38, 8), (9, 35), (35, 9), (10, 11), (11, 10), (10, 24), (24, 10), (10, 25), (25, 10), (10, 39), (39, 10), (10, 40), (40, 10), (11, 27), (27, 11), (11, 28), (28, 11), (11, 39), (39, 11), (11, 40), (40, 11), (12, 15), (15, 12), (13, 24), (24, 13), (13, 33), (33, 13), (14, 37), (37, 14), (15, 28), (28, 15), (15, 33), (33, 15), (16, 20), (20, 16), (16, 27), (27, 16), (17, 24), (24, 17), (17, 32), (32, 17), (17, 34), (34, 17), (18, 20), (20, 18), (18, 21), (21, 18), (20, 27), (27, 20), (21, 23), (23, 21), (21, 37), (37, 21), (22, 23), (23, 22), (22, 34), (34, 22), (23, 25), (25, 23), (23, 31), (31, 23), (23, 33), (33, 23), (24, 31), (31, 24), (25, 31), (31, 25), (25, 35), (35, 25), (25, 37), (37, 25), (26, 32), (32, 26), (26, 33), (33, 26), (26, 34), (34, 26), (26, 39), (39, 26), (28, 30), (30, 28), (29, 39), (39, 29), (32, 35), (35, 32), (36, 39), (39, 36)]
Z_dad = [15]
Y_dad = [35]
X_dad = [11]
Z_da-ad = [28]
Y_da-ad = [23]
X_da-ad = [8]
