no              #fail
0.549           #totTm
0.165           #lastADTm
3               #itDAD
1.000           #avItADGoal
6               #itADOpt
6               #opt
6               #optDA-AD
0.172           #tmDA
0.0             #relGain

V = [1, 2, 3, 4, 5, 6, 7, 8, 9, 10, 11, 12, 13, 14, 15, 16, 17, 18, 19, 20, 21, 22, 23, 24, 25, 26, 27, 28, 29, 30, 31, 32, 33, 34, 35, 36, 37, 38, 39, 40]
A = [(1, 26), (26, 1), (1, 28), (28, 1), (2, 3), (3, 2), (3, 12), (12, 3), (3, 15), (15, 3), (3, 25), (25, 3), (4, 20), (20, 4), (4, 35), (35, 4), (4, 36), (36, 4), (5, 16), (16, 5), (6, 15), (15, 6), (6, 25), (25, 6), (7, 10), (10, 7), (7, 31), (31, 7), (8, 14), (14, 8), (8, 21), (21, 8), (8, 31), (31, 8), (9, 17), (17, 9), (9, 20), (20, 9), (9, 34), (34, 9), (9, 38), (38, 9), (10, 33), (33, 10), (11, 20), (20, 11), (11, 23), (23, 11), (11, 33), (33, 11), (12, 13), (13, 12), (12, 19), (19, 12), (12, 24), (24, 12), (13, 20), (20, 13), (13, 22), (22, 13), (13, 34), (34, 13), (14, 24), (24, 14), (14, 39), (39, 14), (15, 22), (22, 15), (15, 25), (25, 15), (17, 23), (23, 17), (17, 26), (26, 17), (17, 36), (36, 17), (18, 31), (31, 18), (18, 34), (34, 18), (20, 31), (31, 20), (22, 26), (26, 22), (22, 33), (33, 22), (22, 40), (40, 22), (23, 33), (33, 23), (23, 35), (35, 23), (25, 26), (26, 25), (25, 31), (31, 25), (25, 37), (37, 25), (26, 34), (34, 26), (27, 34), (34, 27), (28, 31), (31, 28), (29, 32), (32, 29), (29, 33), (33, 29), (29, 35), (35, 29), (29, 39), (39, 29), (30, 39), (39, 30), (30, 40), (40, 30), (32, 33), (33, 32), (32, 34), (34, 32), (33, 34), (34, 33), (36, 37), (37, 36)]
Z_dad = [34]
Y_dad = [31]
X_dad = [8]
Z_da-ad = [12]
Y_da-ad = [34]
X_da-ad = [9]
