no              #fail
0.931           #totTm
0.182           #lastADTm
5               #itDAD
1.250           #avItADGoal
8               #itADOpt
10              #opt
10              #optDA-AD
0.186           #tmDA
0.0             #relGain

V = [1, 2, 3, 4, 5, 6, 7, 8, 9, 10, 11, 12, 13, 14, 15, 16, 17, 18, 19, 20, 21, 22, 23, 24, 25, 26, 27, 28, 29, 30, 31, 32, 33, 34, 35, 36, 37, 38, 39, 40]
A = [(1, 14), (14, 1), (1, 36), (36, 1), (2, 4), (4, 2), (2, 18), (18, 2), (2, 26), (26, 2), (2, 34), (34, 2), (2, 37), (37, 2), (3, 16), (16, 3), (3, 39), (39, 3), (4, 11), (11, 4), (4, 23), (23, 4), (4, 31), (31, 4), (5, 30), (30, 5), (5, 39), (39, 5), (7, 17), (17, 7), (7, 27), (27, 7), (8, 12), (12, 8), (8, 17), (17, 8), (8, 23), (23, 8), (8, 35), (35, 8), (8, 37), (37, 8), (8, 39), (39, 8), (9, 37), (37, 9), (9, 38), (38, 9), (10, 26), (26, 10), (11, 13), (13, 11), (11, 17), (17, 11), (11, 25), (25, 11), (11, 34), (34, 11), (11, 37), (37, 11), (12, 34), (34, 12), (12, 38), (38, 12), (13, 25), (25, 13), (13, 39), (39, 13), (14, 21), (21, 14), (15, 16), (16, 15), (15, 19), (19, 15), (15, 20), (20, 15), (15, 31), (31, 15), (15, 36), (36, 15), (15, 39), (39, 15), (16, 30), (30, 16), (17, 18), (18, 17), (17, 22), (22, 17), (17, 30), (30, 17), (18, 25), (25, 18), (19, 22), (22, 19), (19, 33), (33, 19), (20, 34), (34, 20), (20, 40), (40, 20), (21, 30), (30, 21), (21, 35), (35, 21), (22, 24), (24, 22), (23, 38), (38, 23), (26, 35), (35, 26), (27, 28), (28, 27), (30, 39), (39, 30), (31, 37), (37, 31), (32, 38), (38, 32), (32, 40), (40, 32), (34, 37), (37, 34), (37, 40), (40, 37)]
Z_dad = [17]
Y_dad = [15]
X_dad = [19]
Z_da-ad = [17]
Y_da-ad = [15]
X_da-ad = [19]
