no              #fail
0.419           #totTm
0.145           #lastADTm
3               #itDAD
1.000           #avItADGoal
6               #itADOpt
7               #opt
7               #optDA-AD
0.225           #tmDA
0.0             #relGain

V = [1, 2, 3, 4, 5, 6, 7, 8, 9, 10, 11, 12, 13, 14, 15, 16, 17, 18, 19, 20, 21, 22, 23, 24, 25, 26, 27, 28, 29, 30, 31, 32, 33, 34, 35, 36, 37, 38, 39, 40]
A = [(1, 13), (13, 1), (1, 19), (19, 1), (1, 28), (28, 1), (1, 32), (32, 1), (2, 26), (26, 2), (2, 32), (32, 2), (2, 39), (39, 2), (3, 4), (4, 3), (3, 15), (15, 3), (3, 39), (39, 3), (4, 5), (5, 4), (4, 11), (11, 4), (4, 29), (29, 4), (4, 38), (38, 4), (5, 36), (36, 5), (6, 16), (16, 6), (6, 31), (31, 6), (7, 10), (10, 7), (7, 33), (33, 7), (7, 37), (37, 7), (8, 13), (13, 8), (8, 21), (21, 8), (8, 25), (25, 8), (9, 20), (20, 9), (9, 27), (27, 9), (9, 34), (34, 9), (9, 39), (39, 9), (10, 35), (35, 10), (10, 38), (38, 10), (11, 20), (20, 11), (12, 23), (23, 12), (13, 22), (22, 13), (14, 34), (34, 14), (14, 39), (39, 14), (15, 16), (16, 15), (15, 27), (27, 15), (15, 32), (32, 15), (15, 34), (34, 15), (15, 38), (38, 15), (16, 19), (19, 16), (17, 24), (24, 17), (17, 28), (28, 17), (17, 29), (29, 17), (17, 33), (33, 17), (18, 31), (31, 18), (18, 33), (33, 18), (19, 29), (29, 19), (19, 32), (32, 19), (19, 36), (36, 19), (19, 37), (37, 19), (23, 39), (39, 23), (25, 28), (28, 25), (25, 29), (29, 25), (25, 34), (34, 25), (25, 35), (35, 25), (27, 32), (32, 27), (28, 31), (31, 28), (31, 32), (32, 31), (34, 38), (38, 34), (34, 40), (40, 34), (35, 39), (39, 35), (37, 39), (39, 37)]
Z_dad = [39]
Y_dad = [19]
X_dad = [32]
Z_da-ad = [39]
Y_da-ad = [19]
X_da-ad = [32]
