no              #fail
0.680           #totTm
0.168           #lastADTm
4               #itDAD
1.333           #avItADGoal
7               #itADOpt
7               #opt
7               #optDA-AD
0.187           #tmDA
0.0             #relGain

V = [1, 2, 3, 4, 5, 6, 7, 8, 9, 10, 11, 12, 13, 14, 15, 16, 17, 18, 19, 20, 21, 22, 23, 24, 25, 26, 27, 28, 29, 30, 31, 32, 33, 34, 35, 36, 37, 38, 39, 40]
A = [(1, 13), (13, 1), (2, 16), (16, 2), (2, 23), (23, 2), (3, 21), (21, 3), (3, 27), (27, 3), (3, 33), (33, 3), (4, 14), (14, 4), (4, 26), (26, 4), (4, 39), (39, 4), (4, 40), (40, 4), (5, 8), (8, 5), (5, 17), (17, 5), (5, 25), (25, 5), (5, 27), (27, 5), (5, 35), (35, 5), (6, 38), (38, 6), (7, 40), (40, 7), (8, 17), (17, 8), (9, 18), (18, 9), (9, 19), (19, 9), (9, 24), (24, 9), (9, 31), (31, 9), (10, 21), (21, 10), (10, 23), (23, 10), (10, 28), (28, 10), (10, 30), (30, 10), (10, 38), (38, 10), (11, 14), (14, 11), (11, 18), (18, 11), (12, 15), (15, 12), (12, 31), (31, 12), (12, 33), (33, 12), (12, 40), (40, 12), (13, 34), (34, 13), (13, 38), (38, 13), (13, 40), (40, 13), (14, 15), (15, 14), (14, 19), (19, 14), (14, 37), (37, 14), (15, 16), (16, 15), (15, 31), (31, 15), (17, 20), (20, 17), (17, 24), (24, 17), (17, 26), (26, 17), (18, 28), (28, 18), (18, 40), (40, 18), (19, 33), (33, 19), (23, 27), (27, 23), (23, 32), (32, 23), (23, 39), (39, 23), (24, 27), (27, 24), (24, 33), (33, 24), (25, 26), (26, 25), (26, 34), (34, 26), (26, 37), (37, 26), (28, 32), (32, 28), (29, 36), (36, 29), (29, 38), (38, 29), (31, 40), (40, 31), (34, 37), (37, 34), (35, 40), (40, 35), (38, 40), (40, 38)]
Z_dad = [38]
Y_dad = [40]
X_dad = [13]
Z_da-ad = [38]
Y_da-ad = [40]
X_da-ad = [13]
