no              #fail
0.499           #totTm
0.150           #lastADTm
3               #itDAD
1.000           #avItADGoal
5               #itADOpt
7               #opt
7               #optDA-AD
0.195           #tmDA
0.0             #relGain

V = [1, 2, 3, 4, 5, 6, 7, 8, 9, 10, 11, 12, 13, 14, 15, 16, 17, 18, 19, 20, 21, 22, 23, 24, 25, 26, 27, 28, 29, 30, 31, 32, 33, 34, 35, 36, 37, 38, 39, 40]
A = [(1, 9), (9, 1), (1, 17), (17, 1), (1, 25), (25, 1), (1, 37), (37, 1), (2, 4), (4, 2), (2, 7), (7, 2), (2, 13), (13, 2), (2, 21), (21, 2), (3, 35), (35, 3), (4, 10), (10, 4), (4, 16), (16, 4), (4, 17), (17, 4), (4, 19), (19, 4), (4, 38), (38, 4), (5, 8), (8, 5), (5, 26), (26, 5), (5, 35), (35, 5), (6, 17), (17, 6), (6, 25), (25, 6), (6, 40), (40, 6), (7, 8), (8, 7), (7, 31), (31, 7), (7, 38), (38, 7), (8, 11), (11, 8), (8, 24), (24, 8), (8, 36), (36, 8), (9, 21), (21, 9), (9, 27), (27, 9), (9, 30), (30, 9), (10, 16), (16, 10), (10, 19), (19, 10), (12, 13), (13, 12), (12, 27), (27, 12), (12, 29), (29, 12), (12, 35), (35, 12), (12, 36), (36, 12), (13, 22), (22, 13), (13, 33), (33, 13), (14, 40), (40, 14), (15, 26), (26, 15), (15, 39), (39, 15), (16, 35), (35, 16), (17, 20), (20, 17), (18, 19), (19, 18), (18, 32), (32, 18), (18, 37), (37, 18), (19, 29), (29, 19), (20, 36), (36, 20), (22, 38), (38, 22), (23, 26), (26, 23), (23, 35), (35, 23), (23, 39), (39, 23), (24, 28), (28, 24), (25, 29), (29, 25), (25, 30), (30, 25), (26, 31), (31, 26), (30, 32), (32, 30), (30, 35), (35, 30), (31, 33), (33, 31), (31, 36), (36, 31), (32, 36), (36, 32), (37, 40), (40, 37)]
Z_dad = [35]
Y_dad = [36]
X_dad = [8]
Z_da-ad = [8]
Y_da-ad = [4]
X_da-ad = [35]
