no              #fail
1.206           #totTm
0.202           #lastADTm
5               #itDAD
1.500           #avItADGoal
7               #itADOpt
7               #opt
7               #optDA-AD
0.182           #tmDA
0.0             #relGain

V = [1, 2, 3, 4, 5, 6, 7, 8, 9, 10, 11, 12, 13, 14, 15, 16, 17, 18, 19, 20, 21, 22, 23, 24, 25, 26, 27, 28, 29, 30, 31, 32, 33, 34, 35, 36, 37, 38, 39, 40]
A = [(1, 11), (11, 1), (1, 31), (31, 1), (1, 33), (33, 1), (1, 35), (35, 1), (1, 38), (38, 1), (1, 39), (39, 1), (2, 10), (10, 2), (3, 5), (5, 3), (3, 8), (8, 3), (3, 17), (17, 3), (3, 18), (18, 3), (3, 27), (27, 3), (3, 36), (36, 3), (4, 13), (13, 4), (4, 28), (28, 4), (5, 14), (14, 5), (5, 24), (24, 5), (5, 28), (28, 5), (5, 40), (40, 5), (6, 7), (7, 6), (6, 17), (17, 6), (6, 37), (37, 6), (6, 38), (38, 6), (7, 21), (21, 7), (7, 29), (29, 7), (7, 38), (38, 7), (9, 20), (20, 9), (10, 17), (17, 10), (11, 18), (18, 11), (11, 36), (36, 11), (12, 26), (26, 12), (12, 35), (35, 12), (13, 21), (21, 13), (13, 25), (25, 13), (13, 27), (27, 13), (13, 29), (29, 13), (13, 32), (32, 13), (14, 36), (36, 14), (15, 17), (17, 15), (15, 25), (25, 15), (15, 33), (33, 15), (15, 35), (35, 15), (18, 22), (22, 18), (18, 24), (24, 18), (18, 36), (36, 18), (18, 38), (38, 18), (20, 35), (35, 20), (20, 36), (36, 20), (20, 40), (40, 20), (21, 40), (40, 21), (23, 26), (26, 23), (23, 29), (29, 23), (25, 35), (35, 25), (27, 35), (35, 27), (29, 30), (30, 29), (29, 37), (37, 29), (29, 38), (38, 29), (31, 34), (34, 31), (31, 35), (35, 31), (32, 38), (38, 32), (32, 39), (39, 32), (33, 35), (35, 33)]
Z_dad = [17]
Y_dad = [13]
X_dad = [29]
Z_da-ad = [17]
Y_da-ad = [13]
X_da-ad = [29]
